59.425	0.000000	0.000000	0.000000	0.000000	1.000000	1.000000	203290820	146650256	0.000000	0.000000	0.000000	0.000000	200.000000	-0.000000	
59.427	0.000000	0.000000	0.000000	0.000000	1.000000	1.000000	203290820	146655081	0.000000	0.000000	0.000000	0.000000	200.000000	-0.000000	
59.429	0.000000	0.000000	0.000000	0.000000	1.000000	1.000000	203290820	146660651	0.000000	0.000000	0.000000	0.000000	200.000000	-0.000000	
59.431	0.000000	0.000000	0.000000	0.000000	1.000000	1.000000	203290820	146664749	0.000000	0.000000	0.000000	0.000000	200.000000	-0.000000	
59.474	0.000000	0.000000	0.000000	0.000000	1.000000	1.000000	203290820	146770905	0.000000	0.000000	0.000000	0.000000	200.000000	-0.000000	
59.476	0.000000	0.000000	0.000000	0.000000	1.000000	1.000000	203290820	146775574	0.000000	0.000000	0.000000	0.000000	200.000000	-0.000000	
59.497	0.000000	0.000000	0.000000	0.000000	1.000000	1.000000	203290820	146828597	0.000000	0.000000	0.000000	0.000000	200.000000	-0.000000	
59.501	0.000000	0.000000	0.000000	0.000000	1.000000	1.000000	203290820	146838521	0.000000	0.000000	0.000000	0.000000	200.000000	-0.000000	
59.523	0.000000	0.000000	0.000000	0.000000	1.000000	1.000000	203290820	146891264	0.000000	0.000000	0.000000	0.000000	200.000000	-0.000000	
59.530	0.000000	0.000000	0.000000	0.000000	1.000000	1.000000	203290820	146908400	0.000000	0.000000	0.000000	0.000000	200.000000	-0.000000	
59.536	0.000000	0.000000	0.000000	0.000000	1.000000	1.000000	203290820	146924988	0.000000	0.000000	0.000000	0.000000	200.000000	-0.000000	
59.538	0.000000	0.000000	0.000000	0.000000	1.000000	1.000000	203290820	146929819	0.000000	0.000000	0.000000	0.000000	200.000000	-0.000000	
59.584	0.000000	0.000000	0.000000	0.000000	1.000000	1.000000	203290820	147043357	0.000000	0.000000	0.000000	0.000000	200.000000	-0.000000	
59.636	0.000000	0.000000	0.000000	0.000000	1.000000	1.000000	203290820	147170798	0.000000	0.000000	0.000000	0.000000	200.000000	-0.000000	
59.638	0.000000	0.000000	0.000000	0.000000	1.000000	1.000000	203290820	147175621	0.000000	0.000000	0.000000	0.000000	200.000000	-0.000000	
59.641	0.000000	0.000000	0.000000	0.000000	1.000000	1.000000	203290820	147182648	0.000000	0.000000	0.000000	0.000000	200.000000	-0.000000	
59.642	0.000000	0.000000	0.000000	0.000000	1.000000	1.000000	203290820	147186793	0.000000	0.000000	0.000000	0.000000	200.000000	-0.000000	
59.644	0.000000	0.000000	0.000000	0.000000	1.000000	1.000000	203290820	147190101	0.000000	0.000000	0.000000	0.000000	200.000000	-0.000000	
59.646	0.000000	0.000000	0.000000	0.000000	1.000000	1.000000	203290820	147194903	0.000000	0.000000	0.000000	0.000000	200.000000	-0.000000	
59.648	0.000000	0.000000	0.000000	0.000000	1.000000	1.000000	203290820	147199718	0.000000	0.000000	0.000000	0.000000	200.000000	-0.000000	
59.650	0.000000	0.000000	0.000000	0.000000	1.000000	1.000000	203290820	147204551	0.000000	0.000000	0.000000	0.000000	200.000000	-0.000000	
59.652	0.000000	0.000000	0.000000	0.000000	1.000000	1.000000	203290820	147209371	0.000000	0.000000	0.000000	0.000000	200.000000	-0.000000	
59.654	0.000000	0.000000	0.000000	0.000000	1.000000	1.000000	203290820	147216335	0.000000	0.000000	0.000000	0.000000	200.000000	-0.000000	
59.693	0.000000	0.000000	0.000000	0.000000	1.000000	1.000000	203290820	147310581	0.000000	0.000000	0.000000	0.000000	200.000000	-0.000000	
59.746	0.000000	0.000000	0.000000	0.000000	1.000000	1.000000	203290820	147443137	0.000000	0.000000	0.000000	0.000000	200.000000	-0.000000	
59.751	0.000000	0.000000	0.000000	0.000000	1.000000	1.000000	203290820	147455910	0.000000	0.000000	0.000000	0.000000	200.000000	-0.000000	
59.753	0.000000	0.000000	0.000000	0.000000	1.000000	1.000000	203290820	147460399	0.000000	0.000000	0.000000	0.000000	200.000000	-0.000000	
59.755	0.000000	0.000000	0.000000	0.000000	1.000000	1.000000	203290820	147464811	0.000000	0.000000	0.000000	0.000000	200.000000	-0.000000	
59.758	0.000000	0.000000	0.000000	0.000000	1.000000	1.000000	203290820	147471032	0.000000	0.000000	0.000000	0.000000	200.000000	-0.000000	
59.759	0.000000	0.000000	0.000000	0.000000	1.000000	1.000000	203290820	147475091	0.000000	0.000000	0.000000	0.000000	200.000000	-0.000000	
59.761	0.000000	0.000000	0.000000	0.000000	1.000000	1.000000	203290820	147479271	0.000000	0.000000	0.000000	0.000000	200.000000	-0.000000	
59.764	0.000000	0.000000	0.000000	0.000000	1.000000	1.000000	203290820	147487195	0.000000	0.000000	0.000000	0.000000	200.000000	-0.000000	
59.766	0.000000	0.000000	0.000000	0.000000	1.000000	1.000000	203290820	147492033	0.000000	0.000000	0.000000	0.000000	200.000000	-0.000000	
59.768	0.000000	0.000000	0.000000	0.000000	1.000000	1.000000	203290820	147496141	0.000000	0.000000	0.000000	0.000000	200.000000	-0.000000	
59.771	0.000000	0.000000	0.000000	0.000000	1.000000	1.000000	203290820	147503317	0.000000	0.000000	0.000000	0.000000	200.000000	-0.000000	
59.774	0.000000	0.000000	0.000000	0.000000	1.000000	1.000000	203290820	147510511	0.000000	0.000000	0.000000	0.000000	200.000000	-0.000000	
59.776	0.000000	0.000000	0.000000	0.000000	1.000000	1.000000	203290820	147517687	0.000000	0.000000	0.000000	0.000000	200.000000	-0.000000	
59.778	0.000000	0.000000	0.000000	0.000000	1.000000	1.000000	203290820	147520238	0.000000	0.000000	0.000000	0.000000	200.000000	-0.000000	
59.779	0.000000	0.000000	0.000000	0.000000	1.000000	1.000000	203290820	147525059	0.000000	0.000000	0.000000	0.000000	200.000000	-0.000000	
59.782	0.000000	0.000000	0.000000	0.000000	1.000000	1.000000	203290820	147532522	0.000000	0.000000	0.000000	0.000000	200.000000	-0.000000	
59.785	0.000000	0.000000	0.000000	0.000000	1.000000	1.000000	203290820	147539635	0.000000	0.000000	0.000000	0.000000	200.000000	-0.000000	
59.788	0.000000	0.000000	0.000000	0.000000	1.000000	1.000000	203290820	147546835	0.000000	0.000000	0.000000	0.000000	200.000000	-0.000000	
59.791	0.000000	0.000000	0.000000	0.000000	1.000000	1.000000	203290820	147554014	0.000000	0.000000	0.000000	0.000000	200.000000	-0.000000	
59.794	0.000000	0.000000	0.000000	0.000000	1.000000	1.000000	203290820	147561257	0.000000	0.000000	0.000000	0.000000	200.000000	-0.000000	
59.797	0.000000	0.000000	0.000000	0.000000	1.000000	1.000000	203290820	147569130	0.000000	0.000000	0.000000	0.000000	200.000000	-0.000000	
59.799	0.000000	0.000000	0.000000	0.000000	1.000000	1.000000	203290820	147574076	0.000000	0.000000	0.000000	0.000000	200.000000	-0.000000	
59.801	0.000000	0.000000	0.000000	0.000000	1.000000	1.000000	203290820	147578077	0.000000	0.000000	0.000000	0.000000	200.000000	-0.000000	
59.804	0.000000	0.000000	0.000000	0.000000	1.000000	1.000000	203290820	147584449	0.000000	0.000000	0.000000	0.000000	200.000000	-0.000000	
59.805	0.000000	0.000000	0.000000	0.000000	1.000000	1.000000	203290820	147588556	0.000000	0.000000	0.000000	0.000000	200.000000	-0.000000	
59.807	0.000000	0.000000	0.000000	0.000000	1.000000	1.000000	203290820	147592536	0.000000	0.000000	0.000000	0.000000	200.000000	-0.000000	
59.809	0.000000	0.000000	0.000000	0.000000	1.000000	1.000000	203290820	147598903	0.000000	0.000000	0.000000	0.000000	200.000000	-0.000000	
59.811	0.000000	0.000000	0.000000	0.000000	1.000000	1.000000	203290820	147602997	0.000000	0.000000	0.000000	0.000000	200.000000	-0.000000	
59.813	0.000000	0.000000	0.000000	0.000000	1.000000	1.000000	203290820	147607015	0.000000	0.000000	0.000000	0.000000	200.000000	-0.000000	
59.815	0.000000	0.000000	0.000000	0.000000	1.000000	1.000000	203290820	147613751	0.000000	0.000000	0.000000	0.000000	200.000000	-0.000000	
59.817	0.000000	0.000000	0.000000	0.000000	1.000000	1.000000	203290820	147617892	0.000000	0.000000	0.000000	0.000000	200.000000	-0.000000	
59.819	0.000000	0.000000	0.000000	0.000000	1.000000	1.000000	203290820	147621455	0.000000	0.000000	0.000000	0.000000	200.000000	-0.000000	
59.821	0.000000	0.000000	0.000000	0.000000	1.000000	1.000000	203290820	147628206	0.000000	0.000000	0.000000	0.000000	200.000000	-0.000000	
59.823	0.000000	0.000000	0.000000	0.000000	1.000000	1.000000	203290820	147632327	0.000000	0.000000	0.000000	0.000000	200.000000	-0.000000	
59.824	0.000000	0.000000	0.000000	0.000000	1.000000	1.000000	203290820	147635915	0.000000	0.000000	0.000000	0.000000	200.000000	-0.000000	
59.827	0.000000	0.000000	0.000000	0.000000	1.000000	1.000000	203290820	147642788	0.000000	0.000000	0.000000	0.000000	200.000000	-0.000000	
59.829	0.000000	0.000000	0.000000	0.000000	1.000000	1.000000	203290820	147646874	0.000000	0.000000	0.000000	0.000000	200.000000	-0.000000	
59.830	0.000000	0.000000	0.000000	0.000000	1.000000	1.000000	203290820	147650954	0.000000	0.000000	0.000000	0.000000	200.000000	-0.000000	
59.832	0.000000	0.000000	0.000000	0.000000	1.000000	1.000000	203290820	147655775	0.000000	0.000000	0.000000	0.000000	200.000000	-0.000000	
59.834	0.000000	0.000000	0.000000	0.000000	1.000000	1.000000	203290820	147660032	0.000000	0.000000	0.000000	0.000000	200.000000	-0.000000	
59.837	0.000000	0.000000	0.000000	0.000000	1.000000	1.000000	203290820	147666262	0.000000	0.000000	0.000000	0.000000	200.000000	-0.000000	
59.838	0.000000	0.000000	0.000000	0.000000	1.000000	1.000000	203290820	147670326	0.000000	0.000000	0.000000	0.000000	200.000000	-0.000000	
59.840	0.000000	0.000000	0.000000	0.000000	1.000000	1.000000	203290820	147674474	0.000000	0.000000	0.000000	0.000000	200.000000	-0.000000	
59.843	0.000000	0.000000	0.000000	0.000000	1.000000	1.000000	203290820	147680755	0.000000	0.000000	0.000000	0.000000	200.000000	-0.000000	
59.844	0.000000	0.000000	0.000000	0.000000	1.000000	1.000000	203290820	147684868	0.000000	0.000000	0.000000	0.000000	200.000000	-0.000000	
59.846	0.000000	0.000000	0.000000	0.000000	1.000000	1.000000	203290820	147688934	0.000000	0.000000	0.000000	0.000000	200.000000	-0.000000	
59.848	0.000000	0.000000	0.000000	0.000000	1.000000	1.000000	203290820	147695314	0.000000	0.000000	0.000000	0.000000	200.000000	-0.000000	
59.850	0.000000	0.000000	0.000000	0.000000	1.000000	1.000000	203290820	147699446	0.000000	0.000000	0.000000	0.000000	200.000000	-0.000000	
59.852	0.000000	0.000000	0.000000	0.000000	1.000000	1.000000	203290820	147703406	0.000000	0.000000	0.000000	0.000000	200.000000	-0.000000	
59.854	0.000000	0.000000	0.000000	0.000000	1.000000	1.000000	203290820	147709892	0.000000	0.000000	0.000000	0.000000	200.000000	-0.000000	
59.856	0.000000	0.000000	0.000000	0.000000	1.000000	1.000000	203290820	147714220	0.000000	0.000000	0.000000	0.000000	200.000000	-0.000000	
59.858	0.000000	0.000000	0.000000	0.000000	1.000000	1.000000	203290820	147717852	0.000000	0.000000	0.000000	0.000000	200.000000	-0.000000	
59.860	0.000000	0.000000	0.000000	0.000000	1.000000	1.000000	203290820	147722672	0.000000	0.000000	0.000000	0.000000	200.000000	-0.000000	
59.861	0.000000	0.000000	0.000000	0.000000	1.000000	1.000000	203290820	147727505	0.000000	0.000000	0.000000	0.000000	200.000000	-0.000000	
59.863	0.000000	0.000000	0.000000	0.000000	1.000000	1.000000	203290820	147732342	0.000000	0.000000	0.000000	0.000000	200.000000	-0.000000	
59.865	0.000000	0.000000	0.000000	0.000000	1.000000	1.000000	203290820	147737131	0.000000	0.000000	0.000000	0.000000	200.000000	-0.000000	
59.867	0.000000	0.000000	0.000000	0.000000	1.000000	1.000000	203290820	147741952	0.000000	0.000000	0.000000	0.000000	200.000000	-0.000000	
59.870	0.000000	0.000000	0.000000	0.000000	1.000000	1.000000	203290820	147749260	0.000000	0.000000	0.000000	0.000000	200.000000	-0.000000	
59.880	0.000000	0.000000	0.000000	0.000000	1.000000	1.000000	203290820	147772313	0.000000	0.000000	0.000000	0.000000	200.000000	-0.000000	
59.881	0.000000	0.000000	0.000000	0.000000	1.000000	1.000000	203290820	147776664	0.000000	0.000000	0.000000	0.000000	200.000000	-0.000000	
59.883	0.000000	0.000000	0.000000	0.000000	1.000000	1.000000	203290820	147781803	0.000000	0.000000	0.000000	0.000000	200.000000	-0.000000	
59.885	0.000000	0.000000	0.000000	0.000000	1.000000	1.000000	203290820	147785343	0.000000	0.000000	0.000000	0.000000	200.000000	-0.000000	
59.965	0.000000	0.000000	0.000000	0.000000	1.000000	1.000000	203290820	147981990	0.000000	0.000000	0.000000	0.000000	200.000000	-0.000000	
59.971	0.000000	0.000000	0.000000	0.000000	1.000000	1.000000	203290820	147997686	0.000000	0.000000	0.000000	0.000000	200.000000	-0.000000	
59.973	0.000000	0.000000	0.000000	0.000000	1.000000	1.000000	203290820	148002234	0.000000	0.000000	0.000000	0.000000	200.000000	-0.000000	
59.975	0.000000	0.000000	0.000000	0.000000	1.000000	1.000000	203290820	148007042	0.000000	0.000000	0.000000	0.000000	200.000000	-0.000000	
59.977	0.000000	0.000000	0.000000	0.000000	1.000000	1.000000	203290820	148013418	0.000000	0.000000	0.000000	0.000000	200.000000	-0.000000	
59.980	0.000000	0.000000	0.000000	0.000000	1.000000	1.000000	203290820	148021127	0.000000	0.000000	0.000000	0.000000	200.000000	-0.000000	
60.024	0.000000	0.000000	0.000000	0.000000	1.000000	1.000000	203290820	148127827	0.000000	0.000000	0.000000	0.000000	200.000000	-0.000000	
60.039	0.000000	0.000000	0.000000	0.000000	1.000000	1.000000	203290820	148166102	0.000000	0.000000	0.000000	0.000000	200.000000	-0.000000	
60.041	0.000000	0.000000	0.000000	0.000000	1.000000	1.000000	203290820	148171080	0.000000	0.000000	0.000000	0.000000	200.000000	-0.000000	
60.077	0.000000	0.000000	0.000000	0.000000	1.000000	1.000000	203290820	148259162	0.000000	0.000000	0.000000	0.000000	200.000000	-0.000000	
60.078	0.000000	0.000000	0.000000	0.000000	1.000000	1.000000	203290820	148262492	0.000000	0.000000	0.000000	0.000000	200.000000	-0.000000	
60.080	0.000000	0.000000	0.000000	0.000000	1.000000	1.000000	203290820	148267314	0.000000	0.000000	0.000000	0.000000	200.000000	-0.000000	
60.082	0.000000	0.000000	0.000000	0.000000	1.000000	1.000000	203290820	148272132	0.000000	0.000000	0.000000	0.000000	200.000000	-0.000000	
60.088	0.000000	0.000000	0.000000	0.000000	1.000000	1.000000	203290820	148286592	0.000000	0.000000	0.000000	0.000000	200.000000	-0.000000	
60.117	0.000000	0.000000	0.000000	0.000000	1.000000	1.000000	203290820	148356833	0.000000	0.000000	0.000000	0.000000	200.000000	-0.000000	
60.120	0.000000	0.000000	0.000000	0.000000	1.000000	1.000000	203290820	148366137	0.000000	0.000000	0.000000	0.000000	200.000000	-0.000000	
60.178	0.000000	0.000000	0.000000	0.000000	1.000000	1.000000	203290820	148508579	0.000000	0.000000	0.000000	0.000000	200.000000	-0.000000	
60.186	0.000000	0.000000	0.000000	0.000000	1.000000	1.000000	203290820	148527596	0.000000	0.000000	0.000000	0.000000	200.000000	-0.000000	
60.190	0.000000	0.000000	0.000000	0.000000	1.000000	1.000000	203290820	148537837	0.000000	0.000000	0.000000	0.000000	200.000000	-0.000000	
60.286	0.000000	0.000000	0.000000	0.000000	1.000000	1.000000	203290820	148775244	0.000000	0.000000	0.000000	0.000000	200.000000	-0.000000	
60.287	0.000000	0.000000	0.000000	0.000000	1.000000	1.000000	203290820	148778598	0.000000	0.000000	0.000000	0.000000	200.000000	-0.000000	
60.290	0.000000	0.000000	0.000000	0.000000	1.000000	1.000000	203290820	148785774	0.000000	0.000000	0.000000	0.000000	200.000000	-0.000000	
60.292	0.000000	0.000000	0.000000	0.000000	1.000000	1.000000	203290820	148790264	0.000000	0.000000	0.000000	0.000000	200.000000	-0.000000	
60.295	0.000000	0.000000	0.000000	0.000000	1.000000	1.000000	203290820	148797924	0.000000	0.000000	0.000000	0.000000	200.000000	-0.000000	
60.297	0.000000	0.000000	0.000000	0.000000	1.000000	1.000000	203290820	148802645	0.000000	0.000000	0.000000	0.000000	200.000000	-0.000000	
60.299	0.000000	0.000000	0.000000	0.000000	1.000000	1.000000	203290820	148807134	0.000000	0.000000	0.000000	0.000000	200.000000	-0.000000	
60.301	0.000000	0.000000	0.000000	0.000000	1.000000	1.000000	203290820	148811979	0.000000	0.000000	0.000000	0.000000	200.000000	-0.000000	
60.398	0.000000	0.000000	0.000000	0.000000	1.000000	1.000000	203290820	149050534	0.000000	0.000000	0.000000	0.000000	200.000000	-0.000000	
60.400	0.000000	0.000000	0.000000	0.000000	1.000000	1.000000	203290820	149055355	0.000000	0.000000	0.000000	0.000000	200.000000	-0.000000	
60.402	0.000000	0.000000	0.000000	0.000000	1.000000	1.000000	203290820	149060187	0.000000	0.000000	0.000000	0.000000	200.000000	-0.000000	
60.403	0.000000	0.000000	0.000000	0.000000	1.000000	1.000000	203290820	149065021	0.000000	0.000000	0.000000	0.000000	200.000000	-0.000000	
60.410	0.000000	0.000000	0.000000	0.000000	1.000000	1.000000	203290820	149082153	0.000000	0.000000	0.000000	0.000000	200.000000	-0.000000	
60.412	0.000000	0.000000	0.000000	0.000000	1.000000	1.000000	203290820	149086688	0.000000	0.000000	0.000000	0.000000	200.000000	-0.000000	
60.415	0.000000	0.000000	0.000000	0.000000	1.000000	1.000000	203290820	149093767	0.000000	0.000000	0.000000	0.000000	200.000000	-0.000000	
60.495	0.000000	0.000000	0.000000	0.000000	1.000000	1.000000	203290820	149291531	0.000000	0.000000	0.000000	0.000000	200.000000	-0.000000	
60.499	0.000000	0.000000	0.000000	0.000000	1.000000	1.000000	203290820	149301455	0.000000	0.000000	0.000000	0.000000	200.000000	-0.000000	
60.506	0.000000	0.000000	0.000000	0.000000	1.000000	1.000000	203290820	149318034	0.000000	0.000000	0.000000	0.000000	200.000000	-0.000000	
60.520	0.000000	0.000000	0.000000	0.000000	1.000000	1.000000	203290820	149352046	0.000000	0.000000	0.000000	0.000000	200.000000	-0.000000	
60.567	0.000000	0.000000	0.000000	0.000000	1.000000	1.000000	203290820	149467457	0.000000	0.000000	0.000000	0.000000	200.000000	-0.000000	
60.569	0.000000	0.000000	0.000000	0.000000	1.000000	1.000000	203290820	149472639	0.000000	0.000000	0.000000	0.000000	200.000000	-0.000000	
60.584	0.000000	0.000000	0.000000	0.000000	1.000000	1.000000	203290820	149509879	0.000000	0.000000	0.000000	0.000000	200.000000	-0.000000	
60.609	0.000000	0.000000	0.000000	0.000000	1.000000	1.000000	203290820	149571747	0.000000	0.000000	0.000000	0.000000	200.000000	-0.000000	
60.620	0.000000	0.000000	0.000000	0.000000	1.000000	1.000000	203290820	149600269	0.000000	0.000000	0.000000	0.000000	200.000000	-0.000000	
60.627	0.000000	0.000000	0.000000	0.000000	1.000000	1.000000	203290820	149616870	0.000000	0.000000	0.000000	0.000000	200.000000	-0.000000	
60.629	0.000000	0.000000	0.000000	0.000000	1.000000	1.000000	203290820	149621686	0.000000	0.000000	0.000000	0.000000	200.000000	-0.000000	
60.631	0.000000	0.000000	0.000000	0.000000	1.000000	1.000000	203290820	149626509	0.000000	0.000000	0.000000	0.000000	200.000000	-0.000000	
60.636	0.000000	0.000000	0.000000	0.000000	1.000000	1.000000	203290820	149638574	0.000000	0.000000	0.000000	0.000000	200.000000	-0.000000	
60.690	0.000000	0.000000	0.000000	0.000000	1.000000	1.000000	203290820	149771106	0.000000	0.000000	0.000000	0.000000	200.000000	-0.000000	
60.717	0.000000	0.000000	0.000000	0.000000	1.000000	1.000000	203290820	149838578	0.000000	0.000000	0.000000	0.000000	200.000000	-0.000000	
60.719	0.000000	0.000000	0.000000	0.000000	1.000000	1.000000	203290820	149843400	0.000000	0.000000	0.000000	0.000000	200.000000	-0.000000	
60.728	0.000000	0.000000	0.000000	0.000000	1.000000	1.000000	203290820	149865389	0.000000	0.000000	0.000000	0.000000	200.000000	-0.000000	
60.735	0.000000	0.000000	0.000000	0.000000	1.000000	1.000000	203290820	149884372	0.000000	0.000000	0.000000	0.000000	200.000000	-0.000000	
60.737	0.000000	0.000000	0.000000	0.000000	1.000000	1.000000	203290820	149889187	0.000000	0.000000	0.000000	0.000000	200.000000	-0.000000	
60.739	0.000000	0.000000	0.000000	0.000000	1.000000	1.000000	203290820	149894007	0.000000	0.000000	0.000000	0.000000	200.000000	-0.000000	
60.741	0.000000	0.000000	0.000000	0.000000	1.000000	1.000000	203290820	149898839	0.000000	0.000000	0.000000	0.000000	200.000000	-0.000000	
60.743	0.000000	0.000000	0.000000	0.000000	1.000000	1.000000	203290820	149903907	0.000000	0.000000	0.000000	0.000000	200.000000	-0.000000	
60.805	0.000000	0.000000	0.000000	0.000000	1.000000	1.000000	203290820	150055476	0.000000	0.000000	0.000000	0.000000	200.000000	-0.000000	
60.807	0.000000	0.000000	0.000000	0.000000	1.000000	1.000000	203290820	150060335	0.000000	0.000000	0.000000	0.000000	200.000000	-0.000000	
60.810	0.000000	0.000000	0.000000	0.000000	1.000000	1.000000	203290820	150067799	0.000000	0.000000	0.000000	0.000000	200.000000	-0.000000	
60.815	0.000000	0.000000	0.000000	0.000000	1.000000	1.000000	203290820	150079575	0.000000	0.000000	0.000000	0.000000	200.000000	-0.000000	
60.829	0.000000	0.000000	0.000000	0.000000	1.000000	1.000000	203290820	150115997	0.000000	0.000000	0.000000	0.000000	200.000000	-0.000000	
60.832	0.000000	0.000000	0.000000	0.000000	1.000000	1.000000	203290820	150121593	0.000000	0.000000	0.000000	0.000000	200.000000	-0.000000	
60.834	0.000000	0.000000	0.000000	0.000000	1.000000	1.000000	203290820	150126874	0.000000	0.000000	0.000000	0.000000	200.000000	-0.000000	
60.835	0.000000	0.000000	0.000000	0.000000	1.000000	1.000000	203290820	150130183	0.000000	0.000000	0.000000	0.000000	200.000000	-0.000000	
60.843	0.000000	0.000000	0.000000	0.000000	1.000000	1.000000	203290820	150150915	0.000000	0.000000	0.000000	0.000000	200.000000	-0.000000	
60.845	0.000000	0.000000	0.000000	0.000000	1.000000	1.000000	203290820	150154809	0.000000	0.000000	0.000000	0.000000	200.000000	-0.000000	
60.937	0.000000	0.000000	0.000000	0.000000	1.000000	1.000000	203290820	150382295	0.000000	0.000000	0.000000	0.000000	200.000000	-0.000000	
60.939	0.000000	0.000000	0.000000	0.000000	1.000000	1.000000	203290820	150386262	0.000000	0.000000	0.000000	0.000000	200.000000	-0.000000	
60.941	0.000000	0.000000	0.000000	0.000000	1.000000	1.000000	203290820	150390653	0.000000	0.000000	0.000000	0.000000	200.000000	-0.000000	
60.945	0.000000	0.000000	0.000000	0.000000	1.000000	1.000000	203290820	150400733	0.000000	0.000000	0.000000	0.000000	200.000000	-0.000000	
60.948	0.000000	0.000000	0.000000	0.000000	1.000000	1.000000	203290820	150408602	0.000000	0.000000	0.000000	0.000000	200.000000	-0.000000	
60.950	0.000000	0.000000	0.000000	0.000000	1.000000	1.000000	203290820	150413596	0.000000	0.000000	0.000000	0.000000	200.000000	-0.000000	
60.957	0.000000	0.000000	0.000000	0.000000	1.000000	1.000000	203290820	150431423	0.000000	0.000000	0.000000	0.000000	200.000000	-0.000000	
60.960	0.000000	0.000000	0.000000	0.000000	1.000000	1.000000	203290820	150438867	0.000000	0.000000	0.000000	0.000000	200.000000	-0.000000	
61.036	0.000000	0.000000	0.000000	0.000000	1.000000	1.000000	203290820	150625708	0.000000	0.000000	0.000000	0.000000	200.000000	-0.000000	
61.037	0.000000	0.000000	0.000000	0.000000	1.000000	1.000000	203290820	150629033	0.000000	0.000000	0.000000	0.000000	200.000000	-0.000000	
61.039	0.000000	0.000000	0.000000	0.000000	1.000000	1.000000	203290820	150633852	0.000000	0.000000	0.000000	0.000000	200.000000	-0.000000	
61.054	0.000000	0.000000	0.000000	0.000000	1.000000	1.000000	203290820	150670765	0.000000	0.000000	0.000000	0.000000	200.000000	-0.000000	
61.056	0.000000	0.000000	0.000000	0.000000	1.000000	1.000000	203290820	150674992	0.000000	0.000000	0.000000	0.000000	200.000000	-0.000000	
61.058	0.000000	0.000000	0.000000	0.000000	1.000000	1.000000	203290820	150679939	0.000000	0.000000	0.000000	0.000000	200.000000	-0.000000	
61.066	0.000000	0.000000	0.000000	0.000000	1.000000	1.000000	203290820	150698925	0.000000	0.000000	0.000000	0.000000	200.000000	-0.000000	
61.068	0.000000	0.000000	0.000000	0.000000	1.000000	1.000000	203290820	150704130	0.000000	0.000000	0.000000	0.000000	200.000000	-0.000000	
61.096	0.000000	0.000000	0.000000	0.000000	1.000000	1.000000	203290820	150775071	0.000000	0.000000	0.000000	0.000000	200.000000	-0.000000	
61.098	0.000000	0.000000	0.000000	0.000000	1.000000	1.000000	203290820	150778661	0.000000	0.000000	0.000000	0.000000	200.000000	-0.000000	
61.116	0.000000	0.000000	0.000000	0.000000	1.000000	1.000000	203290820	150823272	0.000000	0.000000	0.000000	0.000000	200.000000	-0.000000	
61.120	0.000000	0.000000	0.000000	0.000000	1.000000	1.000000	203290820	150832723	0.000000	0.000000	0.000000	0.000000	200.000000	-0.000000	
61.123	0.000000	0.000000	0.000000	0.000000	1.000000	1.000000	203290820	150841121	0.000000	0.000000	0.000000	0.000000	200.000000	-0.000000	
61.126	0.000000	0.000000	0.000000	0.000000	1.000000	1.000000	203290820	150848313	0.000000	0.000000	0.000000	0.000000	200.000000	-0.000000	
61.128	0.000000	0.000000	0.000000	0.000000	1.000000	1.000000	203290820	150853155	0.000000	0.000000	0.000000	0.000000	200.000000	-0.000000	
61.130	0.000000	0.000000	0.000000	0.000000	1.000000	1.000000	203290820	150857974	0.000000	0.000000	0.000000	0.000000	200.000000	-0.000000	
61.169	0.000000	0.000000	0.000000	0.000000	1.000000	1.000000	203290820	150955117	0.000000	0.000000	0.000000	0.000000	200.000000	-0.000000	
61.172	0.000000	0.000000	0.000000	0.000000	1.000000	1.000000	203290820	150961964	0.000000	0.000000	0.000000	0.000000	200.000000	-0.000000	
61.175	0.000000	0.000000	0.000000	0.000000	1.000000	1.000000	203290820	150968847	0.000000	0.000000	0.000000	0.000000	200.000000	-0.000000	
61.178	0.000000	0.000000	0.000000	0.000000	1.000000	1.000000	203290820	150976406	0.000000	0.000000	0.000000	0.000000	200.000000	-0.000000	
61.181	0.000000	0.000000	0.000000	0.000000	1.000000	1.000000	203290820	150984633	0.000000	0.000000	0.000000	0.000000	200.000000	-0.000000	
61.183	0.000000	0.000000	0.000000	0.000000	1.000000	1.000000	203290820	150988122	0.000000	0.000000	0.000000	0.000000	200.000000	-0.000000	
61.185	0.000000	0.000000	0.000000	0.000000	1.000000	1.000000	203290820	150993311	0.000000	0.000000	0.000000	0.000000	200.000000	-0.000000	
61.187	0.000000	0.000000	0.000000	0.000000	1.000000	1.000000	203290820	150997751	0.000000	0.000000	0.000000	0.000000	200.000000	-0.000000	
61.189	0.000000	0.000000	0.000000	0.000000	1.000000	1.000000	203290820	151002571	0.000000	0.000000	0.000000	0.000000	200.000000	-0.000000	
61.191	0.000000	0.000000	0.000000	0.000000	1.000000	1.000000	203290820	151008422	0.000000	0.000000	0.000000	0.000000	200.000000	-0.000000	
61.193	0.000000	0.000000	0.000000	0.000000	1.000000	1.000000	203290820	151012484	0.000000	0.000000	0.000000	0.000000	200.000000	-0.000000	
61.194	0.000000	0.000000	0.000000	0.000000	1.000000	1.000000	203290820	151017033	0.000000	0.000000	0.000000	0.000000	200.000000	-0.000000	
61.197	0.000000	0.000000	0.000000	0.000000	1.000000	1.000000	203290820	151024427	0.000000	0.000000	0.000000	0.000000	200.000000	-0.000000	
61.200	0.000000	0.000000	0.000000	0.000000	1.000000	1.000000	203290820	151031823	0.000000	0.000000	0.000000	0.000000	200.000000	-0.000000	
61.202	0.000000	0.000000	0.000000	0.000000	1.000000	1.000000	203290820	151036309	0.000000	0.000000	0.000000	0.000000	200.000000	-0.000000	
61.204	0.000000	0.000000	0.000000	0.000000	1.000000	1.000000	203290820	151041129	0.000000	0.000000	0.000000	0.000000	200.000000	-0.000000	
61.207	0.000000	0.000000	0.000000	0.000000	1.000000	1.000000	203290820	151047138	0.000000	0.000000	0.000000	0.000000	200.000000	-0.000000	
61.208	0.000000	0.000000	0.000000	0.000000	1.000000	1.000000	203290820	151051224	0.000000	0.000000	0.000000	0.000000	200.000000	-0.000000	
61.210	0.000000	0.000000	0.000000	0.000000	1.000000	1.000000	203290820	151055588	0.000000	0.000000	0.000000	0.000000	200.000000	-0.000000	
61.213	0.000000	0.000000	0.000000	0.000000	1.000000	1.000000	203290820	151062750	0.000000	0.000000	0.000000	0.000000	200.000000	-0.000000	
61.215	0.000000	0.000000	0.000000	0.000000	1.000000	1.000000	203290820	151067637	0.000000	0.000000	0.000000	0.000000	200.000000	-0.000000	
61.217	0.000000	0.000000	0.000000	0.000000	1.000000	1.000000	203290820	151072458	0.000000	0.000000	0.000000	0.000000	200.000000	-0.000000	
61.219	0.000000	0.000000	0.000000	0.000000	1.000000	1.000000	203290820	151078489	0.000000	0.000000	0.000000	0.000000	200.000000	-0.000000	
61.221	0.000000	0.000000	0.000000	0.000000	1.000000	1.000000	203290820	151082547	0.000000	0.000000	0.000000	0.000000	200.000000	-0.000000	
61.223	0.000000	0.000000	0.000000	0.000000	1.000000	1.000000	203290820	151086963	0.000000	0.000000	0.000000	0.000000	200.000000	-0.000000	
61.226	0.000000	0.000000	0.000000	0.000000	1.000000	1.000000	203290820	151093861	0.000000	0.000000	0.000000	0.000000	200.000000	-0.000000	
61.227	0.000000	0.000000	0.000000	0.000000	1.000000	1.000000	203290820	151097913	0.000000	0.000000	0.000000	0.000000	200.000000	-0.000000	
61.229	0.000000	0.000000	0.000000	0.000000	1.000000	1.000000	203290820	151101537	0.000000	0.000000	0.000000	0.000000	200.000000	-0.000000	
61.231	0.000000	0.000000	0.000000	0.000000	1.000000	1.000000	203290820	151106758	0.000000	0.000000	0.000000	0.000000	200.000000	-0.000000	
61.233	0.000000	0.000000	0.000000	0.000000	1.000000	1.000000	203290820	151111031	0.000000	0.000000	0.000000	0.000000	200.000000	-0.000000	
61.236	0.000000	0.000000	0.000000	0.000000	1.000000	1.000000	203290820	151118658	0.000000	0.000000	0.000000	0.000000	200.000000	-0.000000	
61.237	0.000000	0.000000	0.000000	0.000000	1.000000	1.000000	203290820	151123067	0.000000	0.000000	0.000000	0.000000	200.000000	-0.000000	
61.239	0.000000	0.000000	0.000000	0.000000	1.000000	1.000000	203290820	151127888	0.000000	0.000000	0.000000	0.000000	200.000000	-0.000000	
61.242	0.000000	0.000000	0.000000	0.000000	1.000000	1.000000	203290820	151133929	0.000000	0.000000	0.000000	0.000000	200.000000	-0.000000	
61.244	0.000000	0.000000	0.000000	0.000000	1.000000	1.000000	203290820	151138064	0.000000	0.000000	0.000000	0.000000	200.000000	-0.000000	
61.245	0.000000	0.000000	0.000000	0.000000	1.000000	1.000000	203290820	151142345	0.000000	0.000000	0.000000	0.000000	200.000000	-0.000000	
61.248	0.000000	0.000000	0.000000	0.000000	1.000000	1.000000	203290820	151149946	0.000000	0.000000	0.000000	0.000000	200.000000	-0.000000	
61.250	0.000000	0.000000	0.000000	0.000000	1.000000	1.000000	203290820	151154882	0.000000	0.000000	0.000000	0.000000	200.000000	-0.000000	
61.252	0.000000	0.000000	0.000000	0.000000	1.000000	1.000000	203290820	151159215	0.000000	0.000000	0.000000	0.000000	200.000000	-0.000000	
61.255	0.000000	0.000000	0.000000	0.000000	1.000000	1.000000	203290820	151166165	0.000000	0.000000	0.000000	0.000000	200.000000	-0.000000	
61.257	0.000000	0.000000	0.000000	0.000000	1.000000	1.000000	203290820	151170278	0.000000	0.000000	0.000000	0.000000	200.000000	-0.000000	
61.258	0.000000	0.000000	0.000000	0.000000	1.000000	1.000000	203290820	151173869	0.000000	0.000000	0.000000	0.000000	200.000000	-0.000000	
61.261	0.000000	0.000000	0.000000	0.000000	1.000000	1.000000	203290820	151181324	0.000000	0.000000	0.000000	0.000000	200.000000	-0.000000	
61.263	0.000000	0.000000	0.000000	0.000000	1.000000	1.000000	203290820	151185745	0.000000	0.000000	0.000000	0.000000	200.000000	-0.000000	
61.265	0.000000	0.000000	0.000000	0.000000	1.000000	1.000000	203290820	151190546	0.000000	0.000000	0.000000	0.000000	200.000000	-0.000000	
61.268	0.000000	0.000000	0.000000	0.000000	1.000000	1.000000	203290820	151198489	0.000000	0.000000	0.000000	0.000000	200.000000	-0.000000	
61.270	0.000000	0.000000	0.000000	0.000000	1.000000	1.000000	203290820	151202826	0.000000	0.000000	0.000000	0.000000	200.000000	-0.000000	
61.272	0.000000	0.000000	0.000000	0.000000	1.000000	1.000000	203290820	151207427	0.000000	0.000000	0.000000	0.000000	200.000000	-0.000000	
61.274	0.000000	0.000000	0.000000	0.000000	1.000000	1.000000	203290820	151213306	0.000000	0.000000	0.000000	0.000000	200.000000	-0.000000	
61.276	0.000000	0.000000	0.000000	0.000000	1.000000	1.000000	203290820	151217394	0.000000	0.000000	0.000000	0.000000	200.000000	-0.000000	
61.277	0.000000	0.000000	0.000000	0.000000	1.000000	1.000000	203290820	151221873	0.000000	0.000000	0.000000	0.000000	200.000000	-0.000000	
61.280	0.000000	0.000000	0.000000	0.000000	1.000000	1.000000	203290820	151229044	0.000000	0.000000	0.000000	0.000000	200.000000	-0.000000	
61.283	0.000000	0.000000	0.000000	0.000000	1.000000	1.000000	203290820	151236748	0.000000	0.000000	0.000000	0.000000	200.000000	-0.000000	
61.285	0.000000	0.000000	0.000000	0.000000	1.000000	1.000000	203290820	151241153	0.000000	0.000000	0.000000	0.000000	200.000000	-0.000000	
61.287	0.000000	0.000000	0.000000	0.000000	1.000000	1.000000	203290820	151245971	0.000000	0.000000	0.000000	0.000000	200.000000	-0.000000	
61.290	0.000000	0.000000	0.000000	0.000000	1.000000	1.000000	203290820	151251963	0.000000	0.000000	0.000000	0.000000	200.000000	-0.000000	
61.291	0.000000	0.000000	0.000000	0.000000	1.000000	1.000000	203290820	151256107	0.000000	0.000000	0.000000	0.000000	200.000000	-0.000000	
61.293	0.000000	0.000000	0.000000	0.000000	1.000000	1.000000	203290820	151260445	0.000000	0.000000	0.000000	0.000000	200.000000	-0.000000	
61.296	0.000000	0.000000	0.000000	0.000000	1.000000	1.000000	203290820	151267351	0.000000	0.000000	0.000000	0.000000	200.000000	-0.000000	
61.298	0.000000	0.000000	0.000000	0.000000	1.000000	1.000000	203290820	151272130	0.000000	0.000000	0.000000	0.000000	200.000000	-0.000000	
61.300	0.000000	0.000000	0.000000	0.000000	1.000000	1.000000	203290820	151277304	0.000000	0.000000	0.000000	0.000000	200.000000	-0.000000	
61.303	0.000000	0.000000	0.000000	0.000000	1.000000	1.000000	203290820	151283994	0.000000	0.000000	0.000000	0.000000	200.000000	-0.000000	
61.304	0.000000	0.000000	0.000000	0.000000	1.000000	1.000000	203290820	151288081	0.000000	0.000000	0.000000	0.000000	200.000000	-0.000000	
61.306	0.000000	0.000000	0.000000	0.000000	1.000000	1.000000	203290820	151291785	0.000000	0.000000	0.000000	0.000000	200.000000	-0.000000	
61.309	0.000000	0.000000	0.000000	0.000000	1.000000	1.000000	203290820	151299279	0.000000	0.000000	0.000000	0.000000	200.000000	-0.000000	
61.311	0.000000	0.000000	0.000000	0.000000	1.000000	1.000000	203290820	151303810	0.000000	0.000000	0.000000	0.000000	200.000000	-0.000000	
61.313	0.000000	0.000000	0.000000	0.000000	1.000000	1.000000	203290820	151308644	0.000000	0.000000	0.000000	0.000000	200.000000	-0.000000	
61.315	0.000000	0.000000	0.000000	0.000000	1.000000	1.000000	203290820	151315379	0.000000	0.000000	0.000000	0.000000	200.000000	-0.000000	
61.317	0.000000	0.000000	0.000000	0.000000	1.000000	1.000000	203290820	151318270	0.000000	0.000000	0.000000	0.000000	200.000000	-0.000000	
61.319	0.000000	0.000000	0.000000	0.000000	1.000000	1.000000	203290820	151323386	0.000000	0.000000	0.000000	0.000000	200.000000	-0.000000	
61.322	0.000000	0.000000	0.000000	0.000000	1.000000	1.000000	203290820	151330617	0.000000	0.000000	0.000000	0.000000	200.000000	-0.000000	
61.324	0.000000	0.000000	0.000000	0.000000	1.000000	1.000000	203290820	151337836	0.000000	0.000000	0.000000	0.000000	200.000000	-0.000000	
61.326	0.000000	0.000000	0.000000	0.000000	1.000000	1.000000	203290820	151342369	0.000000	0.000000	0.000000	0.000000	200.000000	-0.000000	
61.328	0.000000	0.000000	0.000000	0.000000	1.000000	1.000000	203290820	151347189	0.000000	0.000000	0.000000	0.000000	200.000000	-0.000000	
61.331	0.000000	0.000000	0.000000	0.000000	1.000000	1.000000	203290820	151354128	0.000000	0.000000	0.000000	0.000000	200.000000	-0.000000	
61.332	0.000000	0.000000	0.000000	0.000000	1.000000	1.000000	203290820	151356828	0.000000	0.000000	0.000000	0.000000	200.000000	-0.000000	
61.335	0.000000	0.000000	0.000000	0.000000	1.000000	1.000000	203290820	151363590	0.000000	0.000000	0.000000	0.000000	200.000000	-0.000000	
61.337	0.000000	0.000000	0.000000	0.000000	1.000000	1.000000	203290820	151367670	0.000000	0.000000	0.000000	0.000000	200.000000	-0.000000	
61.338	0.000000	0.000000	0.000000	0.000000	1.000000	1.000000	203290820	151371288	0.000000	0.000000	0.000000	0.000000	200.000000	-0.000000	
61.341	0.000000	0.000000	0.000000	0.000000	1.000000	1.000000	203290820	151378744	0.000000	0.000000	0.000000	0.000000	200.000000	-0.000000	
61.344	0.000000	0.000000	0.000000	0.000000	1.000000	1.000000	203290820	151386400	0.000000	0.000000	0.000000	0.000000	200.000000	-0.000000	
61.346	0.000000	0.000000	0.000000	0.000000	1.000000	1.000000	203290820	151390567	0.000000	0.000000	0.000000	0.000000	200.000000	-0.000000	
61.348	0.000000	0.000000	0.000000	0.000000	1.000000	1.000000	203290820	151395388	0.000000	0.000000	0.000000	0.000000	200.000000	-0.000000	
61.350	0.000000	0.000000	0.000000	0.000000	1.000000	1.000000	203290820	151402075	0.000000	0.000000	0.000000	0.000000	200.000000	-0.000000	
61.352	0.000000	0.000000	0.000000	0.000000	1.000000	1.000000	203290820	151406196	0.000000	0.000000	0.000000	0.000000	200.000000	-0.000000	
61.354	0.000000	0.000000	0.000000	0.000000	1.000000	1.000000	203290820	151409865	0.000000	0.000000	0.000000	0.000000	200.000000	-0.000000	
61.357	0.000000	0.000000	0.000000	0.000000	1.000000	1.000000	203290820	151417407	0.000000	0.000000	0.000000	0.000000	200.000000	-0.000000	
61.359	0.000000	0.000000	0.000000	0.000000	1.000000	1.000000	203290820	151421896	0.000000	0.000000	0.000000	0.000000	200.000000	-0.000000	
61.360	0.000000	0.000000	0.000000	0.000000	1.000000	1.000000	203290820	151426716	0.000000	0.000000	0.000000	0.000000	200.000000	-0.000000	
61.363	0.000000	0.000000	0.000000	0.000000	1.000000	1.000000	203290820	151432758	0.000000	0.000000	0.000000	0.000000	200.000000	-0.000000	
61.365	0.000000	0.000000	0.000000	0.000000	1.000000	1.000000	203290820	151437496	0.000000	0.000000	0.000000	0.000000	200.000000	-0.000000	
61.366	0.000000	0.000000	0.000000	0.000000	1.000000	1.000000	203290820	151441378	0.000000	0.000000	0.000000	0.000000	200.000000	-0.000000	
61.369	0.000000	0.000000	0.000000	0.000000	1.000000	1.000000	203290820	151448956	0.000000	0.000000	0.000000	0.000000	200.000000	-0.000000	
61.371	0.000000	0.000000	0.000000	0.000000	1.000000	1.000000	203290820	151453240	0.000000	0.000000	0.000000	0.000000	200.000000	-0.000000	
61.373	0.000000	0.000000	0.000000	0.000000	1.000000	1.000000	203290820	151458062	0.000000	0.000000	0.000000	0.000000	200.000000	-0.000000	
61.376	0.000000	0.000000	0.000000	0.000000	1.000000	1.000000	203290820	151463983	0.000000	0.000000	0.000000	0.000000	200.000000	-0.000000	
61.377	0.000000	0.000000	0.000000	0.000000	1.000000	1.000000	203290820	151468077	0.000000	0.000000	0.000000	0.000000	200.000000	-0.000000	
61.389	0.000000	0.000000	0.000000	0.000000	1.000000	1.000000	203290820	151496888	0.000000	0.000000	0.000000	0.000000	200.000000	-0.000000	
61.396	0.000000	0.000000	0.000000	0.000000	1.000000	1.000000	203290820	151513476	0.000000	0.000000	0.000000	0.000000	200.000000	-0.000000	
61.398	0.000000	0.000000	0.000000	0.000000	1.000000	1.000000	203290820	151518293	0.000000	0.000000	0.000000	0.000000	200.000000	-0.000000	
61.408	0.000000	0.000000	0.000000	0.000000	1.000000	1.000000	203290820	151544851	0.000000	0.000000	0.000000	0.000000	200.000000	-0.000000	
61.431	0.000000	0.000000	0.000000	0.000000	1.000000	1.000000	203290820	151600529	0.000000	0.000000	0.000000	0.000000	200.000000	-0.000000	
61.436	0.000000	0.000000	0.000000	0.000000	1.000000	1.000000	203290820	151612284	0.000000	0.000000	0.000000	0.000000	200.000000	-0.000000	
61.441	0.000000	0.000000	0.000000	0.000000	1.000000	1.000000	203290820	151624592	0.000000	0.000000	0.000000	0.000000	200.000000	-0.000000	
61.471	0.000000	0.000000	0.000000	0.000000	1.000000	1.000000	203290820	151699048	0.000000	0.000000	0.000000	0.000000	200.000000	-0.000000	
61.473	0.000000	0.000000	0.000000	0.000000	1.000000	1.000000	203290820	151704232	0.000000	0.000000	0.000000	0.000000	200.000000	-0.000000	
61.475	0.000000	0.000000	0.000000	0.000000	1.000000	1.000000	203290820	151708762	0.000000	0.000000	0.000000	0.000000	200.000000	-0.000000	
61.477	0.000000	0.000000	0.000000	0.000000	1.000000	1.000000	203290820	151713508	0.000000	0.000000	0.000000	0.000000	200.000000	-0.000000	
61.488	0.000000	0.000000	0.000000	0.000000	1.000000	1.000000	203290820	151741456	0.000000	0.000000	0.000000	0.000000	200.000000	-0.000000	
61.489	0.000000	0.000000	0.000000	0.000000	1.000000	1.000000	203290820	151744826	0.000000	0.000000	0.000000	0.000000	200.000000	-0.000000	
61.493	0.000000	0.000000	0.000000	0.000000	1.000000	1.000000	203290820	151754773	0.000000	0.000000	0.000000	0.000000	200.000000	-0.000000	
61.500	0.000000	0.000000	0.000000	0.000000	1.000000	1.000000	203290820	151771341	0.000000	0.000000	0.000000	0.000000	200.000000	-0.000000	
61.503	0.000000	0.000000	0.000000	0.000000	1.000000	1.000000	203290820	151777953	0.000000	0.000000	0.000000	0.000000	200.000000	-0.000000	
61.527	0.000000	0.000000	0.000000	0.000000	1.000000	1.000000	203290820	151837880	0.000000	0.000000	0.000000	0.000000	200.000000	-0.000000	
61.528	0.000000	0.000000	0.000000	0.000000	1.000000	1.000000	203290820	151841228	0.000000	0.000000	0.000000	0.000000	200.000000	-0.000000	
61.532	0.000000	0.000000	0.000000	0.000000	1.000000	1.000000	203290820	151848879	0.000000	0.000000	0.000000	0.000000	200.000000	-0.000000	
61.534	0.000000	0.000000	0.000000	0.000000	1.000000	1.000000	203290820	151853852	0.000000	0.000000	0.000000	0.000000	200.000000	-0.000000	
61.535	0.000000	0.000000	0.000000	0.000000	1.000000	1.000000	203290820	151858091	0.000000	0.000000	0.000000	0.000000	200.000000	-0.000000	
61.538	0.000000	0.000000	0.000000	0.000000	1.000000	1.000000	203290820	151864215	0.000000	0.000000	0.000000	0.000000	200.000000	-0.000000	
61.539	0.000000	0.000000	0.000000	0.000000	1.000000	1.000000	203290820	151868329	0.000000	0.000000	0.000000	0.000000	200.000000	-0.000000	
61.568	0.000000	0.000000	0.000000	0.000000	1.000000	1.000000	203290820	151937892	0.000000	0.000000	0.000000	0.000000	200.000000	-0.000000	
61.569	0.000000	0.000000	0.000000	0.000000	1.000000	1.000000	203290820	151942440	0.000000	0.000000	0.000000	0.000000	200.000000	-0.000000	
61.578	0.000000	0.000000	0.000000	0.000000	1.000000	1.000000	203290820	151964467	0.000000	0.000000	0.000000	0.000000	200.000000	-0.000000	
61.600	0.000000	0.000000	0.000000	0.000000	1.000000	1.000000	203290820	152017148	0.000000	0.000000	0.000000	0.000000	200.000000	-0.000000	
61.605	0.000000	0.000000	0.000000	0.000000	1.000000	1.000000	203290820	152030027	0.000000	0.000000	0.000000	0.000000	200.000000	-0.000000	
61.607	0.000000	0.000000	0.000000	0.000000	1.000000	1.000000	203290820	152034150	0.000000	0.000000	0.000000	0.000000	200.000000	-0.000000	
61.609	0.000000	0.000000	0.000000	0.000000	1.000000	1.000000	203290820	152039116	0.000000	0.000000	0.000000	0.000000	200.000000	-0.000000	
61.638	0.000000	0.000000	0.000000	0.000000	1.000000	1.000000	203290820	152111135	0.000000	0.000000	0.000000	0.000000	200.000000	-0.000000	
61.640	0.000000	0.000000	0.000000	0.000000	1.000000	1.000000	203290820	152115951	0.000000	0.000000	0.000000	0.000000	200.000000	-0.000000	
61.642	0.000000	0.000000	0.000000	0.000000	1.000000	1.000000	203290820	152120798	0.000000	0.000000	0.000000	0.000000	200.000000	-0.000000	
61.644	0.000000	0.000000	0.000000	0.000000	1.000000	1.000000	203290820	152127092	0.000000	0.000000	0.000000	0.000000	200.000000	-0.000000	
61.646	0.000000	0.000000	0.000000	0.000000	1.000000	1.000000	203290820	152130413	0.000000	0.000000	0.000000	0.000000	200.000000	-0.000000	
61.648	0.000000	0.000000	0.000000	0.000000	1.000000	1.000000	203290820	152135232	0.000000	0.000000	0.000000	0.000000	200.000000	-0.000000	
61.680	0.000000	0.000000	0.000000	0.000000	1.000000	1.000000	203290820	152215383	0.000000	0.000000	0.000000	0.000000	200.000000	-0.000000	
61.682	0.000000	0.000000	0.000000	0.000000	1.000000	1.000000	203290820	152219600	0.000000	0.000000	0.000000	0.000000	200.000000	-0.000000	
61.700	0.000000	0.000000	0.000000	0.000000	1.000000	1.000000	203290820	152265374	0.000000	0.000000	0.000000	0.000000	200.000000	-0.000000	
61.717	0.000000	0.000000	0.000000	0.000000	1.000000	1.000000	203290820	152306333	0.000000	0.000000	0.000000	0.000000	200.000000	-0.000000	
61.719	0.000000	0.000000	0.000000	0.000000	1.000000	1.000000	203290820	152311155	0.000000	0.000000	0.000000	0.000000	200.000000	-0.000000	
61.722	0.000000	0.000000	0.000000	0.000000	1.000000	1.000000	203290820	152318061	0.000000	0.000000	0.000000	0.000000	200.000000	-0.000000	
61.723	0.000000	0.000000	0.000000	0.000000	1.000000	1.000000	203290820	152322150	0.000000	0.000000	0.000000	0.000000	200.000000	-0.000000	
61.725	0.000000	0.000000	0.000000	0.000000	1.000000	1.000000	203290820	152325622	0.000000	0.000000	0.000000	0.000000	200.000000	-0.000000	
61.756	0.000000	0.000000	0.000000	0.000000	1.000000	1.000000	203290820	152401782	0.000000	0.000000	0.000000	0.000000	200.000000	-0.000000	
61.778	0.000000	0.000000	0.000000	0.000000	1.000000	1.000000	203290820	152456040	0.000000	0.000000	0.000000	0.000000	200.000000	-0.000000	
61.781	0.000000	0.000000	0.000000	0.000000	1.000000	1.000000	203290820	152465408	0.000000	0.000000	0.000000	0.000000	200.000000	-0.000000	
61.791	0.000000	0.000000	0.000000	0.000000	1.000000	1.000000	203290820	152490118	0.000000	0.000000	0.000000	0.000000	200.000000	-0.000000	
61.794	0.000000	0.000000	0.000000	0.000000	1.000000	1.000000	203290820	152497290	0.000000	0.000000	0.000000	0.000000	200.000000	-0.000000	
61.797	0.000000	0.000000	0.000000	0.000000	1.000000	1.000000	203290820	152504454	0.000000	0.000000	0.000000	0.000000	200.000000	-0.000000	
61.800	0.000000	0.000000	0.000000	0.000000	1.000000	1.000000	203290820	152511179	0.000000	0.000000	0.000000	0.000000	200.000000	-0.000000	
61.803	0.000000	0.000000	0.000000	0.000000	1.000000	1.000000	203290820	152518993	0.000000	0.000000	0.000000	0.000000	200.000000	-0.000000	
61.806	0.000000	0.000000	0.000000	0.000000	1.000000	1.000000	203290820	152526287	0.000000	0.000000	0.000000	0.000000	200.000000	-0.000000	
61.808	0.000000	0.000000	0.000000	0.000000	1.000000	1.000000	203290820	152530632	0.000000	0.000000	0.000000	0.000000	200.000000	-0.000000	
61.810	0.000000	0.000000	0.000000	0.000000	1.000000	1.000000	203290820	152535280	0.000000	0.000000	0.000000	0.000000	200.000000	-0.000000	
61.819	0.000000	0.000000	0.000000	0.000000	1.000000	1.000000	203290820	152557239	0.000000	0.000000	0.000000	0.000000	200.000000	-0.000000	
61.825	0.000000	0.000000	0.000000	0.000000	1.000000	1.000000	203290820	152573839	0.000000	0.000000	0.000000	0.000000	200.000000	-0.000000	
61.832	0.000000	0.000000	0.000000	0.000000	1.000000	1.000000	203290820	152590975	0.000000	0.000000	0.000000	0.000000	200.000000	-0.000000	
61.840	0.000000	0.000000	0.000000	0.000000	1.000000	1.000000	203290820	152609982	0.000000	0.000000	0.000000	0.000000	200.000000	-0.000000	
61.842	0.000000	0.000000	0.000000	0.000000	1.000000	1.000000	203290820	152615528	0.000000	0.000000	0.000000	0.000000	200.000000	-0.000000	
61.844	0.000000	0.000000	0.000000	0.000000	1.000000	1.000000	203290820	152619669	0.000000	0.000000	0.000000	0.000000	200.000000	-0.000000	
61.846	0.000000	0.000000	0.000000	0.000000	1.000000	1.000000	203290820	152625440	0.000000	0.000000	0.000000	0.000000	200.000000	-0.000000	
61.848	0.000000	0.000000	0.000000	0.000000	1.000000	1.000000	203290820	152630077	0.000000	0.000000	0.000000	0.000000	200.000000	-0.000000	
61.850	0.000000	0.000000	0.000000	0.000000	1.000000	1.000000	203290820	152634099	0.000000	0.000000	0.000000	0.000000	200.000000	-0.000000	
61.852	0.000000	0.000000	0.000000	0.000000	1.000000	1.000000	203290820	152640889	0.000000	0.000000	0.000000	0.000000	200.000000	-0.000000	
61.854	0.000000	0.000000	0.000000	0.000000	1.000000	1.000000	203290820	152645030	0.000000	0.000000	0.000000	0.000000	200.000000	-0.000000	
61.856	0.000000	0.000000	0.000000	0.000000	1.000000	1.000000	203290820	152648544	0.000000	0.000000	0.000000	0.000000	200.000000	-0.000000	
61.886	0.000000	0.000000	0.000000	0.000000	1.000000	1.000000	203290820	152723867	0.000000	0.000000	0.000000	0.000000	200.000000	-0.000000	
61.888	0.000000	0.000000	0.000000	0.000000	1.000000	1.000000	203290820	152728333	0.000000	0.000000	0.000000	0.000000	200.000000	-0.000000	
61.890	0.000000	0.000000	0.000000	0.000000	1.000000	1.000000	203290820	152732890	0.000000	0.000000	0.000000	0.000000	200.000000	-0.000000	
61.892	0.000000	0.000000	0.000000	0.000000	1.000000	1.000000	203290820	152737723	0.000000	0.000000	0.000000	0.000000	200.000000	-0.000000	
61.894	0.000000	0.000000	0.000000	0.000000	1.000000	1.000000	203290820	152742543	0.000000	0.000000	0.000000	0.000000	200.000000	-0.000000	
61.896	0.000000	0.000000	0.000000	0.000000	1.000000	1.000000	203290820	152747350	0.000000	0.000000	0.000000	0.000000	200.000000	-0.000000	
61.898	0.000000	0.000000	0.000000	0.000000	1.000000	1.000000	203290820	152752170	0.000000	0.000000	0.000000	0.000000	200.000000	-0.000000	
61.900	0.000000	0.000000	0.000000	0.000000	1.000000	1.000000	203290820	152756991	0.000000	0.000000	0.000000	0.000000	200.000000	-0.000000	
61.901	0.000000	0.000000	0.000000	0.000000	1.000000	1.000000	203290820	152761821	0.000000	0.000000	0.000000	0.000000	200.000000	-0.000000	
61.903	0.000000	0.000000	0.000000	0.000000	1.000000	1.000000	203290820	152766654	0.000000	0.000000	0.000000	0.000000	200.000000	-0.000000	
61.905	0.000000	0.000000	0.000000	0.000000	1.000000	1.000000	203290820	152771449	0.000000	0.000000	0.000000	0.000000	200.000000	-0.000000	
61.907	0.000000	0.000000	0.000000	0.000000	1.000000	1.000000	203290820	152776269	0.000000	0.000000	0.000000	0.000000	200.000000	-0.000000	
61.909	0.000000	0.000000	0.000000	0.000000	1.000000	1.000000	203290820	152781089	0.000000	0.000000	0.000000	0.000000	200.000000	-0.000000	
61.911	0.000000	0.000000	0.000000	0.000000	1.000000	1.000000	203290820	152785920	0.000000	0.000000	0.000000	0.000000	200.000000	-0.000000	
61.913	0.000000	0.000000	0.000000	0.000000	1.000000	1.000000	203290820	152790741	0.000000	0.000000	0.000000	0.000000	200.000000	-0.000000	
61.915	0.000000	0.000000	0.000000	0.000000	1.000000	1.000000	203290820	152795548	0.000000	0.000000	0.000000	0.000000	200.000000	-0.000000	
61.917	0.000000	0.000000	0.000000	0.000000	1.000000	1.000000	203290820	152800367	0.000000	0.000000	0.000000	0.000000	200.000000	-0.000000	
61.919	0.000000	0.000000	0.000000	0.000000	1.000000	1.000000	203290820	152805187	0.000000	0.000000	0.000000	0.000000	200.000000	-0.000000	
61.921	0.000000	0.000000	0.000000	0.000000	1.000000	1.000000	203290820	152810019	0.000000	0.000000	0.000000	0.000000	200.000000	-0.000000	
61.923	0.000000	0.000000	0.000000	0.000000	1.000000	1.000000	203290820	152814841	0.000000	0.000000	0.000000	0.000000	200.000000	-0.000000	
61.940	0.000000	0.000000	0.000000	0.000000	1.000000	1.000000	203290820	152856079	0.000000	0.000000	0.000000	0.000000	200.000000	-0.000000	
61.956	0.000000	0.000000	0.000000	0.000000	1.000000	1.000000	203290820	152896763	0.000000	0.000000	0.000000	0.000000	200.000000	-0.000000	
61.958	0.000000	0.000000	0.000000	0.000000	1.000000	1.000000	203290820	152901585	0.000000	0.000000	0.000000	0.000000	200.000000	-0.000000	
61.960	0.000000	0.000000	0.000000	0.000000	1.000000	1.000000	203290820	152907134	0.000000	0.000000	0.000000	0.000000	200.000000	-0.000000	
61.962	0.000000	0.000000	0.000000	0.000000	1.000000	1.000000	203290820	152911224	0.000000	0.000000	0.000000	0.000000	200.000000	-0.000000	
61.964	0.000000	0.000000	0.000000	0.000000	1.000000	1.000000	203290820	152916064	0.000000	0.000000	0.000000	0.000000	200.000000	-0.000000	
61.967	0.000000	0.000000	0.000000	0.000000	1.000000	1.000000	203290820	152922869	0.000000	0.000000	0.000000	0.000000	200.000000	-0.000000	
61.968	0.000000	0.000000	0.000000	0.000000	1.000000	1.000000	203290820	152926950	0.000000	0.000000	0.000000	0.000000	200.000000	-0.000000	
61.970	0.000000	0.000000	0.000000	0.000000	1.000000	1.000000	203290820	152930506	0.000000	0.000000	0.000000	0.000000	200.000000	-0.000000	
61.973	0.000000	0.000000	0.000000	0.000000	1.000000	1.000000	203290820	152937596	0.000000	0.000000	0.000000	0.000000	200.000000	-0.000000	
61.974	0.000000	0.000000	0.000000	0.000000	1.000000	1.000000	203290820	152940158	0.000000	0.000000	0.000000	0.000000	200.000000	-0.000000	
61.976	0.000000	0.000000	0.000000	0.000000	1.000000	1.000000	203290820	152944965	0.000000	0.000000	0.000000	0.000000	200.000000	-0.000000	
61.979	0.000000	0.000000	0.000000	0.000000	1.000000	1.000000	203290820	152952033	0.000000	0.000000	0.000000	0.000000	200.000000	-0.000000	
61.980	0.000000	0.000000	0.000000	0.000000	1.000000	1.000000	203290820	152954602	0.000000	0.000000	0.000000	0.000000	200.000000	-0.000000	
61.982	0.000000	0.000000	0.000000	0.000000	1.000000	1.000000	203290820	152960217	0.000000	0.000000	0.000000	0.000000	200.000000	-0.000000	
61.984	0.000000	0.000000	0.000000	0.000000	1.000000	1.000000	203290820	152965147	0.000000	0.000000	0.000000	0.000000	200.000000	-0.000000	
62.001	0.000000	0.000000	0.000000	0.000000	1.000000	1.000000	203290820	153007636	0.000000	0.000000	0.000000	0.000000	200.000000	-0.000000	
62.003	0.000000	0.000000	0.000000	0.000000	1.000000	1.000000	203290820	153012651	0.000000	0.000000	0.000000	0.000000	200.000000	-0.000000	
62.019	0.000000	0.000000	0.000000	0.000000	1.000000	1.000000	203290820	153052546	0.000000	0.000000	0.000000	0.000000	200.000000	-0.000000	
62.021	0.000000	0.000000	0.000000	0.000000	1.000000	1.000000	203290820	153055821	0.000000	0.000000	0.000000	0.000000	200.000000	-0.000000	
62.023	0.000000	0.000000	0.000000	0.000000	1.000000	1.000000	203290820	153062867	0.000000	0.000000	0.000000	0.000000	200.000000	-0.000000	
62.025	0.000000	0.000000	0.000000	0.000000	1.000000	1.000000	203290820	153065458	0.000000	0.000000	0.000000	0.000000	200.000000	-0.000000	
62.026	0.000000	0.000000	0.000000	0.000000	1.000000	1.000000	203290820	153070282	0.000000	0.000000	0.000000	0.000000	200.000000	-0.000000	
62.029	0.000000	0.000000	0.000000	0.000000	1.000000	1.000000	203290820	153077210	0.000000	0.000000	0.000000	0.000000	200.000000	-0.000000	
62.031	0.000000	0.000000	0.000000	0.000000	1.000000	1.000000	203290820	153081322	0.000000	0.000000	0.000000	0.000000	200.000000	-0.000000	
62.033	0.000000	0.000000	0.000000	0.000000	1.000000	1.000000	203290820	153085229	0.000000	0.000000	0.000000	0.000000	200.000000	-0.000000	
62.035	0.000000	0.000000	0.000000	0.000000	1.000000	1.000000	203290820	153090692	0.000000	0.000000	0.000000	0.000000	200.000000	-0.000000	
62.036	0.000000	0.000000	0.000000	0.000000	1.000000	1.000000	203290820	153094381	0.000000	0.000000	0.000000	0.000000	200.000000	-0.000000	
62.039	0.000000	0.000000	0.000000	0.000000	1.000000	1.000000	203290820	153101872	0.000000	0.000000	0.000000	0.000000	200.000000	-0.000000	
62.046	0.000000	0.000000	0.000000	0.000000	1.000000	1.000000	203290820	153118481	0.000000	0.000000	0.000000	0.000000	200.000000	-0.000000	
62.067	0.000000	0.000000	0.000000	0.000000	1.000000	1.000000	203290820	153169085	0.000000	0.000000	0.000000	0.000000	200.000000	-0.000000	
62.069	0.000000	0.000000	0.000000	0.000000	1.000000	1.000000	203290820	153174585	0.000000	0.000000	0.000000	0.000000	200.000000	-0.000000	
62.070	0.000000	0.000000	0.000000	0.000000	1.000000	1.000000	203290820	153178726	0.000000	0.000000	0.000000	0.000000	200.000000	-0.000000	
62.072	0.000000	0.000000	0.000000	0.000000	1.000000	1.000000	203290820	153183546	0.000000	0.000000	0.000000	0.000000	200.000000	-0.000000	
62.085	0.000000	0.000000	0.000000	0.000000	1.000000	1.000000	203290820	153215218	0.000000	0.000000	0.000000	0.000000	200.000000	-0.000000	
62.089	0.000000	0.000000	0.000000	0.000000	1.000000	1.000000	203290820	153224518	0.000000	0.000000	0.000000	0.000000	200.000000	-0.000000	
62.109	0.000000	0.000000	0.000000	0.000000	1.000000	1.000000	203290820	153273315	0.000000	0.000000	0.000000	0.000000	200.000000	-0.000000	
62.112	0.000000	0.000000	0.000000	0.000000	1.000000	1.000000	203290820	153280481	0.000000	0.000000	0.000000	0.000000	200.000000	-0.000000	
62.115	0.000000	0.000000	0.000000	0.000000	1.000000	1.000000	203290820	153288255	0.000000	0.000000	0.000000	0.000000	200.000000	-0.000000	
62.116	0.000000	0.000000	0.000000	0.000000	1.000000	1.000000	203290820	153291991	0.000000	0.000000	0.000000	0.000000	200.000000	-0.000000	
62.118	0.000000	0.000000	0.000000	0.000000	1.000000	1.000000	203290820	153297216	0.000000	0.000000	0.000000	0.000000	200.000000	-0.000000	
62.121	0.000000	0.000000	0.000000	0.000000	1.000000	1.000000	203290820	153304357	0.000000	0.000000	0.000000	0.000000	200.000000	-0.000000	
62.124	0.000000	0.000000	0.000000	0.000000	1.000000	1.000000	203290820	153311532	0.000000	0.000000	0.000000	0.000000	200.000000	-0.000000	
62.127	0.000000	0.000000	0.000000	0.000000	1.000000	1.000000	203290820	153318673	0.000000	0.000000	0.000000	0.000000	200.000000	-0.000000	
62.130	0.000000	0.000000	0.000000	0.000000	1.000000	1.000000	203290820	153325799	0.000000	0.000000	0.000000	0.000000	200.000000	-0.000000	
62.132	0.000000	0.000000	0.000000	0.000000	1.000000	1.000000	203290820	153330615	0.000000	0.000000	0.000000	0.000000	200.000000	-0.000000	
62.134	0.000000	0.000000	0.000000	0.000000	1.000000	1.000000	203290820	153335387	0.000000	0.000000	0.000000	0.000000	200.000000	-0.000000	
62.136	0.000000	0.000000	0.000000	0.000000	1.000000	1.000000	203290820	153340193	0.000000	0.000000	0.000000	0.000000	200.000000	-0.000000	
62.138	0.000000	0.000000	0.000000	0.000000	1.000000	1.000000	203290820	153345026	0.000000	0.000000	0.000000	0.000000	200.000000	-0.000000	
62.140	0.000000	0.000000	0.000000	0.000000	1.000000	1.000000	203290820	153349830	0.000000	0.000000	0.000000	0.000000	200.000000	-0.000000	
62.142	0.000000	0.000000	0.000000	0.000000	1.000000	1.000000	203290820	153354688	0.000000	0.000000	0.000000	0.000000	200.000000	-0.000000	
62.144	0.000000	0.000000	0.000000	0.000000	1.000000	1.000000	203290820	153359483	0.000000	0.000000	0.000000	0.000000	200.000000	-0.000000	
62.146	0.000000	0.000000	0.000000	0.000000	1.000000	1.000000	203290820	153364287	0.000000	0.000000	0.000000	0.000000	200.000000	-0.000000	
62.153	0.000000	0.000000	0.000000	0.000000	1.000000	1.000000	203290820	153383597	0.000000	0.000000	0.000000	0.000000	200.000000	-0.000000	
62.157	0.000000	0.000000	0.000000	0.000000	1.000000	1.000000	203290820	153393210	0.000000	0.000000	0.000000	0.000000	200.000000	-0.000000	
62.160	0.000000	0.000000	0.000000	0.000000	1.000000	1.000000	203290820	153400722	0.000000	0.000000	0.000000	0.000000	200.000000	-0.000000	
62.175	0.000000	0.000000	0.000000	0.000000	1.000000	1.000000	203290820	153436593	0.000000	0.000000	0.000000	0.000000	200.000000	-0.000000	
62.177	0.000000	0.000000	0.000000	0.000000	1.000000	1.000000	203290820	153441405	0.000000	0.000000	0.000000	0.000000	200.000000	-0.000000	
62.180	0.000000	0.000000	0.000000	0.000000	1.000000	1.000000	203290820	153448141	0.000000	0.000000	0.000000	0.000000	200.000000	-0.000000	
62.197	0.000000	0.000000	0.000000	0.000000	1.000000	1.000000	203290820	153491086	0.000000	0.000000	0.000000	0.000000	200.000000	-0.000000	
62.198	0.000000	0.000000	0.000000	0.000000	1.000000	1.000000	203290820	153494573	0.000000	0.000000	0.000000	0.000000	200.000000	-0.000000	
62.200	0.000000	0.000000	0.000000	0.000000	1.000000	1.000000	203290820	153499268	0.000000	0.000000	0.000000	0.000000	200.000000	-0.000000	
62.202	0.000000	0.000000	0.000000	0.000000	1.000000	1.000000	203290820	153504069	0.000000	0.000000	0.000000	0.000000	200.000000	-0.000000	
62.235	0.000000	0.000000	0.000000	0.000000	1.000000	1.000000	203290820	153584225	0.000000	0.000000	0.000000	0.000000	200.000000	-0.000000	
62.237	0.000000	0.000000	0.000000	0.000000	1.000000	1.000000	203290820	153589360	0.000000	0.000000	0.000000	0.000000	200.000000	-0.000000	
62.239	0.000000	0.000000	0.000000	0.000000	1.000000	1.000000	203290820	153595780	0.000000	0.000000	0.000000	0.000000	200.000000	-0.000000	
62.261	0.000000	0.000000	0.000000	0.000000	1.000000	1.000000	203290820	153649008	0.000000	0.000000	0.000000	0.000000	200.000000	-0.000000	
62.268	0.000000	0.000000	0.000000	0.000000	1.000000	1.000000	203290820	153665534	0.000000	0.000000	0.000000	0.000000	200.000000	-0.000000	
62.270	0.000000	0.000000	0.000000	0.000000	1.000000	1.000000	203290820	153670348	0.000000	0.000000	0.000000	0.000000	200.000000	-0.000000	
62.278	0.000000	0.000000	0.000000	0.000000	1.000000	1.000000	203290820	153692036	0.000000	0.000000	0.000000	0.000000	200.000000	-0.000000	
62.313	0.000000	0.000000	0.000000	0.000000	1.000000	1.000000	203290820	153777040	0.000000	0.000000	0.000000	0.000000	200.000000	-0.000000	
62.316	0.000000	0.000000	0.000000	0.000000	1.000000	1.000000	203290820	153784749	0.000000	0.000000	0.000000	0.000000	200.000000	-0.000000	
62.317	0.000000	0.000000	0.000000	0.000000	1.000000	1.000000	203290820	153788434	0.000000	0.000000	0.000000	0.000000	200.000000	-0.000000	
62.319	0.000000	0.000000	0.000000	0.000000	1.000000	1.000000	203290820	153793255	0.000000	0.000000	0.000000	0.000000	200.000000	-0.000000	
62.322	0.000000	0.000000	0.000000	0.000000	1.000000	1.000000	203290820	153800465	0.000000	0.000000	0.000000	0.000000	200.000000	-0.000000	
62.325	0.000000	0.000000	0.000000	0.000000	1.000000	1.000000	203290820	153807588	0.000000	0.000000	0.000000	0.000000	200.000000	-0.000000	
62.326	0.000000	0.000000	0.000000	0.000000	1.000000	1.000000	203290820	153810124	0.000000	0.000000	0.000000	0.000000	200.000000	-0.000000	
62.328	0.000000	0.000000	0.000000	0.000000	1.000000	1.000000	203290820	153814946	0.000000	0.000000	0.000000	0.000000	200.000000	-0.000000	
62.331	0.000000	0.000000	0.000000	0.000000	1.000000	1.000000	203290820	153821878	0.000000	0.000000	0.000000	0.000000	200.000000	-0.000000	
62.333	0.000000	0.000000	0.000000	0.000000	1.000000	1.000000	203290820	153825995	0.000000	0.000000	0.000000	0.000000	200.000000	-0.000000	
62.334	0.000000	0.000000	0.000000	0.000000	1.000000	1.000000	203290820	153829422	0.000000	0.000000	0.000000	0.000000	200.000000	-0.000000	
62.346	0.000000	0.000000	0.000000	0.000000	1.000000	1.000000	203290820	153858600	0.000000	0.000000	0.000000	0.000000	200.000000	-0.000000	
62.348	0.000000	0.000000	0.000000	0.000000	1.000000	1.000000	203290820	153863431	0.000000	0.000000	0.000000	0.000000	200.000000	-0.000000	
62.362	0.000000	0.000000	0.000000	0.000000	1.000000	1.000000	203290820	153898371	0.000000	0.000000	0.000000	0.000000	200.000000	-0.000000	
62.368	0.000000	0.000000	0.000000	0.000000	1.000000	1.000000	203290820	153914050	0.000000	0.000000	0.000000	0.000000	200.000000	-0.000000	
62.375	0.000000	0.000000	0.000000	0.000000	1.000000	1.000000	203290820	153930623	0.000000	0.000000	0.000000	0.000000	200.000000	-0.000000	
62.378	0.000000	0.000000	0.000000	0.000000	1.000000	1.000000	203290820	153937058	0.000000	0.000000	0.000000	0.000000	200.000000	-0.000000	
62.398	0.000000	0.000000	0.000000	0.000000	1.000000	1.000000	203290820	153987599	0.000000	0.000000	0.000000	0.000000	200.000000	-0.000000	
62.400	0.000000	0.000000	0.000000	0.000000	1.000000	1.000000	203290820	153990936	0.000000	0.000000	0.000000	0.000000	200.000000	-0.000000	
62.402	0.000000	0.000000	0.000000	0.000000	1.000000	1.000000	203290820	153995978	0.000000	0.000000	0.000000	0.000000	200.000000	-0.000000	
62.403	0.000000	0.000000	0.000000	0.000000	1.000000	1.000000	203290820	154000537	0.000000	0.000000	0.000000	0.000000	200.000000	-0.000000	
62.406	0.000000	0.000000	0.000000	0.000000	1.000000	1.000000	203290820	154006338	0.000000	0.000000	0.000000	0.000000	200.000000	-0.000000	
62.421	0.000000	0.000000	0.000000	0.000000	1.000000	1.000000	203290820	154042924	0.000000	0.000000	0.000000	0.000000	200.000000	-0.000000	
62.423	0.000000	0.000000	0.000000	0.000000	1.000000	1.000000	203290820	154049286	0.000000	0.000000	0.000000	0.000000	200.000000	-0.000000	
62.442	0.000000	0.000000	0.000000	0.000000	1.000000	1.000000	203290820	154095956	0.000000	0.000000	0.000000	0.000000	200.000000	-0.000000	
62.443	0.000000	0.000000	0.000000	0.000000	1.000000	1.000000	203290820	154099342	0.000000	0.000000	0.000000	0.000000	200.000000	-0.000000	
62.476	0.000000	0.000000	0.000000	0.000000	1.000000	1.000000	203290820	154179131	0.000000	0.000000	0.000000	0.000000	200.000000	-0.000000	
62.478	0.000000	0.000000	0.000000	0.000000	1.000000	1.000000	203290820	154183665	0.000000	0.000000	0.000000	0.000000	200.000000	-0.000000	
62.501	0.000000	0.000000	0.000000	0.000000	1.000000	1.000000	203290820	154241784	0.000000	0.000000	0.000000	0.000000	200.000000	-0.000000	
62.503	0.000000	0.000000	0.000000	0.000000	1.000000	1.000000	203290820	154246332	0.000000	0.000000	0.000000	0.000000	200.000000	-0.000000	
62.514	0.000000	0.000000	0.000000	0.000000	1.000000	1.000000	203290820	154272845	0.000000	0.000000	0.000000	0.000000	200.000000	-0.000000	
62.516	0.000000	0.000000	0.000000	0.000000	1.000000	1.000000	203290820	154279467	0.000000	0.000000	0.000000	0.000000	200.000000	-0.000000	
62.518	0.000000	0.000000	0.000000	0.000000	1.000000	1.000000	203290820	154282467	0.000000	0.000000	0.000000	0.000000	200.000000	-0.000000	
62.530	0.000000	0.000000	0.000000	0.000000	1.000000	1.000000	203290820	154313804	0.000000	0.000000	0.000000	0.000000	200.000000	-0.000000	
62.532	0.000000	0.000000	0.000000	0.000000	1.000000	1.000000	203290820	154318841	0.000000	0.000000	0.000000	0.000000	200.000000	-0.000000	
62.534	0.000000	0.000000	0.000000	0.000000	1.000000	1.000000	203290820	154323606	0.000000	0.000000	0.000000	0.000000	200.000000	-0.000000	
62.558	0.000000	0.000000	0.000000	0.000000	1.000000	1.000000	203290820	154381274	0.000000	0.000000	0.000000	0.000000	200.000000	-0.000000	
62.560	0.000000	0.000000	0.000000	0.000000	1.000000	1.000000	203290820	154386094	0.000000	0.000000	0.000000	0.000000	200.000000	-0.000000	
62.563	0.000000	0.000000	0.000000	0.000000	1.000000	1.000000	203290820	154393119	0.000000	0.000000	0.000000	0.000000	200.000000	-0.000000	
62.564	0.000000	0.000000	0.000000	0.000000	1.000000	1.000000	203290820	154395748	0.000000	0.000000	0.000000	0.000000	200.000000	-0.000000	
62.566	0.000000	0.000000	0.000000	0.000000	1.000000	1.000000	203290820	154401173	0.000000	0.000000	0.000000	0.000000	200.000000	-0.000000	
62.568	0.000000	0.000000	0.000000	0.000000	1.000000	1.000000	203290820	154405997	0.000000	0.000000	0.000000	0.000000	200.000000	-0.000000	
62.569	0.000000	0.000000	0.000000	0.000000	1.000000	1.000000	203290820	154410195	0.000000	0.000000	0.000000	0.000000	200.000000	-0.000000	
62.578	0.000000	0.000000	0.000000	0.000000	1.000000	1.000000	203290820	154432156	0.000000	0.000000	0.000000	0.000000	200.000000	-0.000000	
62.585	0.000000	0.000000	0.000000	0.000000	1.000000	1.000000	203290820	154448757	0.000000	0.000000	0.000000	0.000000	200.000000	-0.000000	
62.592	0.000000	0.000000	0.000000	0.000000	1.000000	1.000000	203290820	154465901	0.000000	0.000000	0.000000	0.000000	200.000000	-0.000000	
62.599	0.000000	0.000000	0.000000	0.000000	1.000000	1.000000	203290820	154482495	0.000000	0.000000	0.000000	0.000000	200.000000	-0.000000	
62.601	0.000000	0.000000	0.000000	0.000000	1.000000	1.000000	203290820	154487311	0.000000	0.000000	0.000000	0.000000	200.000000	-0.000000	
62.603	0.000000	0.000000	0.000000	0.000000	1.000000	1.000000	203290820	154492460	0.000000	0.000000	0.000000	0.000000	200.000000	-0.000000	
62.607	0.000000	0.000000	0.000000	0.000000	1.000000	1.000000	203290820	154503251	0.000000	0.000000	0.000000	0.000000	200.000000	-0.000000	
62.640	0.000000	0.000000	0.000000	0.000000	1.000000	1.000000	203290820	154584006	0.000000	0.000000	0.000000	0.000000	200.000000	-0.000000	
62.675	0.000000	0.000000	0.000000	0.000000	1.000000	1.000000	203290820	154670463	0.000000	0.000000	0.000000	0.000000	200.000000	-0.000000	
62.677	0.000000	0.000000	0.000000	0.000000	1.000000	1.000000	203290820	154675285	0.000000	0.000000	0.000000	0.000000	200.000000	-0.000000	
62.700	0.000000	0.000000	0.000000	0.000000	1.000000	1.000000	203290820	154733124	0.000000	0.000000	0.000000	0.000000	200.000000	-0.000000	
62.707	0.000000	0.000000	0.000000	0.000000	1.000000	1.000000	203290820	154749999	0.000000	0.000000	0.000000	0.000000	200.000000	-0.000000	
62.709	0.000000	0.000000	0.000000	0.000000	1.000000	1.000000	203290820	154754813	0.000000	0.000000	0.000000	0.000000	200.000000	-0.000000	
62.711	0.000000	0.000000	0.000000	0.000000	1.000000	1.000000	203290820	154759649	0.000000	0.000000	0.000000	0.000000	200.000000	-0.000000	
62.716	0.000000	0.000000	0.000000	0.000000	1.000000	1.000000	203290820	154771078	0.000000	0.000000	0.000000	0.000000	200.000000	-0.000000	
62.718	0.000000	0.000000	0.000000	0.000000	1.000000	1.000000	203290820	154776769	0.000000	0.000000	0.000000	0.000000	200.000000	-0.000000	
62.720	0.000000	0.000000	0.000000	0.000000	1.000000	1.000000	203290820	154781322	0.000000	0.000000	0.000000	0.000000	200.000000	-0.000000	
62.722	0.000000	0.000000	0.000000	0.000000	1.000000	1.000000	203290820	154786997	0.000000	0.000000	0.000000	0.000000	200.000000	-0.000000	
62.724	0.000000	0.000000	0.000000	0.000000	1.000000	1.000000	203290820	154791104	0.000000	0.000000	0.000000	0.000000	200.000000	-0.000000	
62.756	0.000000	0.000000	0.000000	0.000000	1.000000	1.000000	203290820	154870487	0.000000	0.000000	0.000000	0.000000	200.000000	-0.000000	
62.758	0.000000	0.000000	0.000000	0.000000	1.000000	1.000000	203290820	154875310	0.000000	0.000000	0.000000	0.000000	200.000000	-0.000000	
62.791	0.000000	0.000000	0.000000	0.000000	1.000000	1.000000	203290820	154957549	0.000000	0.000000	0.000000	0.000000	200.000000	-0.000000	
62.793	0.000000	0.000000	0.000000	0.000000	1.000000	1.000000	203290820	154962077	0.000000	0.000000	0.000000	0.000000	200.000000	-0.000000	
62.805	0.000000	0.000000	0.000000	0.000000	1.000000	1.000000	203290820	154991001	0.000000	0.000000	0.000000	0.000000	200.000000	-0.000000	
62.813	0.000000	0.000000	0.000000	0.000000	1.000000	1.000000	203290820	155010544	0.000000	0.000000	0.000000	0.000000	200.000000	-0.000000	
62.829	0.000000	0.000000	0.000000	0.000000	1.000000	1.000000	203290820	155051231	0.000000	0.000000	0.000000	0.000000	200.000000	-0.000000	
62.862	0.000000	0.000000	0.000000	0.000000	1.000000	1.000000	203290820	155133443	0.000000	0.000000	0.000000	0.000000	200.000000	-0.000000	
62.864	0.000000	0.000000	0.000000	0.000000	1.000000	1.000000	203290820	155137990	0.000000	0.000000	0.000000	0.000000	200.000000	-0.000000	
62.897	0.000000	0.000000	0.000000	0.000000	1.000000	1.000000	203290820	155217513	0.000000	0.000000	0.000000	0.000000	200.000000	-0.000000	
62.899	0.000000	0.000000	0.000000	0.000000	1.000000	1.000000	203290820	155222335	0.000000	0.000000	0.000000	0.000000	200.000000	-0.000000	
62.913	0.000000	0.000000	0.000000	0.000000	1.000000	1.000000	203290820	155258772	0.000000	0.000000	0.000000	0.000000	200.000000	-0.000000	
62.920	0.000000	0.000000	0.000000	0.000000	1.000000	1.000000	203290820	155275358	0.000000	0.000000	0.000000	0.000000	200.000000	-0.000000	
62.927	0.000000	0.000000	0.000000	0.000000	1.000000	1.000000	203290820	155292496	0.000000	0.000000	0.000000	0.000000	200.000000	-0.000000	
62.929	0.000000	0.000000	0.000000	0.000000	1.000000	1.000000	203290820	155297087	0.000000	0.000000	0.000000	0.000000	200.000000	-0.000000	
62.937	0.000000	0.000000	0.000000	0.000000	1.000000	1.000000	203290820	155316322	0.000000	0.000000	0.000000	0.000000	200.000000	-0.000000	
62.939	0.000000	0.000000	0.000000	0.000000	1.000000	1.000000	203290820	155321142	0.000000	0.000000	0.000000	0.000000	200.000000	-0.000000	
62.941	0.000000	0.000000	0.000000	0.000000	1.000000	1.000000	203290820	155325961	0.000000	0.000000	0.000000	0.000000	200.000000	-0.000000	
62.942	0.000000	0.000000	0.000000	0.000000	1.000000	1.000000	203290820	155330780	0.000000	0.000000	0.000000	0.000000	200.000000	-0.000000	
62.944	0.000000	0.000000	0.000000	0.000000	1.000000	1.000000	203290820	155335600	0.000000	0.000000	0.000000	0.000000	200.000000	-0.000000	
62.946	0.000000	0.000000	0.000000	0.000000	1.000000	1.000000	203290820	155340419	0.000000	0.000000	0.000000	0.000000	200.000000	-0.000000	
62.948	0.000000	0.000000	0.000000	0.000000	1.000000	1.000000	203290820	155345240	0.000000	0.000000	0.000000	0.000000	200.000000	-0.000000	
