21.797	1.078750	0.000000	2.289180	0.914950	0.000000	0.000000	
21.809	1.078750	0.000000	2.289796	0.914950	0.000000	0.000000	
21.821	1.078750	0.000000	2.290861	0.914950	0.000000	0.000000	
21.832	1.078750	0.000000	2.292180	0.914950	0.000000	0.000000	
21.844	1.078750	0.000000	2.296876	0.914950	0.000000	0.000000	
21.856	1.078750	0.000000	2.300002	0.914950	0.000000	0.000000	
21.868	1.078750	0.000000	2.307231	0.914950	0.000000	0.000000	
21.879	1.078750	0.000000	2.310919	0.914950	0.000000	0.000000	
21.891	1.078750	0.000000	2.319435	0.914950	0.000000	0.000000	
21.903	1.078750	0.000000	2.323931	0.914950	0.000000	0.000000	
21.915	1.078750	0.000000	2.333056	0.914950	0.000000	0.000000	
21.926	1.078750	0.000000	2.338058	0.914950	0.000000	0.000000	
21.938	1.078750	0.000000	2.348290	0.914950	0.000000	0.000000	
21.950	1.078750	0.000000	2.353026	0.914950	0.000000	0.000000	
21.961	1.078750	0.000000	2.363136	0.914950	0.000000	0.000000	
21.973	1.078750	0.000000	2.368028	0.914950	0.000000	0.000000	
21.985	1.078750	0.000000	2.377133	0.914950	0.000000	0.000000	
21.996	1.078750	0.000000	2.381699	0.914950	0.000000	0.000000	
22.008	1.078750	0.000000	2.386387	0.914950	0.000000	0.000000	
22.020	1.078750	0.000000	2.395401	0.914950	0.000000	0.000000	
22.032	1.078750	0.000000	2.400003	0.914950	0.000000	0.000000	
22.043	1.078750	0.000000	2.409363	0.914950	0.000000	0.000000	
22.055	1.078750	0.000000	2.414119	0.914950	0.000000	0.000000	
22.067	1.078750	0.000000	2.422861	0.914950	0.000000	0.000000	
22.078	1.078750	0.000000	2.426944	0.914950	0.000000	0.000000	
22.090	1.078750	0.000000	2.434021	0.914950	0.000000	0.000000	
22.102	1.078750	0.000000	2.437143	0.914950	0.000000	0.000000	
22.113	1.078750	0.000000	2.442530	0.914950	0.000000	0.000000	
22.125	1.078750	0.000000	2.444888	0.914950	0.000000	0.000000	
22.137	1.078750	0.000000	2.448773	0.914950	0.000000	0.000000	
22.149	1.078750	0.000000	2.450521	0.914950	0.000000	0.000000	
22.160	1.078750	0.000000	2.452272	0.914950	0.000000	0.000000	
22.172	1.078750	0.000000	2.455374	0.914950	0.000000	0.000000	
22.184	1.078187	0.000000	2.456928	0.914950	0.000000	0.000000	
22.195	1.078187	0.000000	2.460293	0.914950	0.000000	0.000000	
22.207	1.078187	0.000000	2.461857	0.914950	0.000000	0.000000	
22.219	1.078187	0.000000	2.464910	0.914950	0.000000	0.000000	
22.230	1.078187	0.000000	2.465917	0.914950	0.000000	0.000000	
22.242	1.077625	0.000000	2.467442	0.914950	0.000000	0.000000	
22.254	1.077625	0.000000	2.467935	0.914950	0.000000	0.000000	
22.265	1.077625	0.000000	2.468199	0.914950	0.000000	0.000000	
22.277	1.077625	0.000000	2.467911	0.914950	0.000000	0.000000	
22.289	1.077625	0.000000	2.467085	0.914950	0.000000	0.000000	
22.300	1.077625	0.000000	2.464712	0.914950	0.000000	0.000000	
22.312	1.077625	0.000000	2.463238	0.914950	0.000000	0.000000	
22.324	1.077625	0.000000	2.460088	0.914950	0.000000	0.000000	
22.336	1.077625	0.000000	2.458524	0.914950	0.000000	0.000000	
22.347	1.077625	0.000000	2.455596	0.914950	0.000000	0.000000	
22.359	1.077625	0.000000	2.454311	0.914950	0.000000	0.000000	
22.371	1.077625	0.000000	2.452037	0.914950	0.000000	0.000000	
22.382	1.077625	0.000000	2.450959	0.914950	0.000000	0.000000	
22.394	1.077625	0.000000	2.448862	0.914950	0.000000	0.000000	
22.406	1.077625	0.000000	2.447887	0.914950	0.000000	0.000000	
22.417	1.077625	0.000000	2.445886	0.914950	0.000000	0.000000	
22.429	1.077625	0.000000	2.444924	0.914950	0.000000	0.000000	
22.441	1.077625	0.000000	2.443928	0.914950	0.000000	0.000000	
22.452	1.077625	0.000000	2.442467	0.914950	0.000000	0.000000	
22.464	1.077625	0.000000	2.441957	0.914950	0.000000	0.000000	
22.475	1.077625	0.000000	2.440766	0.914950	0.000000	0.000000	
22.487	1.077625	0.000000	2.440081	0.914950	0.000000	0.000000	
22.499	1.077625	0.000000	2.438448	0.914950	0.000000	0.000000	
22.511	1.077625	0.000000	2.437463	0.914950	0.000000	0.000000	
22.522	1.077625	0.000000	2.435553	0.914950	0.000000	0.000000	
22.534	1.077625	0.000000	2.434720	0.914950	0.000000	0.000000	
22.546	1.077625	0.000000	2.433195	0.914950	0.000000	0.000000	
22.558	1.077625	0.000000	2.432433	0.914950	0.000000	0.000000	
22.569	1.079875	0.084789	2.444379	0.912925	0.000000	0.000000	
22.581	1.091688	0.485988	2.532293	0.903475	0.000000	0.000000	
22.593	1.098438	0.701577	3.024524	0.890650	0.000000	0.000000	
22.605	1.099563	0.496511	3.361892	0.880525	0.000000	0.000000	
22.616	1.101812	0.215273	3.621223	0.877150	0.000000	0.000000	
22.628	1.105188	0.205847	3.864757	0.873100	0.000000	0.000000	
22.640	1.105750	0.187033	3.918454	0.869050	0.000000	0.000000	
22.651	1.105750	0.074595	3.982781	0.868375	0.000000	0.000000	
22.663	1.104625	0.000000	3.962493	0.868375	0.000000	0.000000	
22.675	1.099563	0.000000	3.867039	0.870400	0.066976	0.016753	
22.687	1.095062	0.000000	3.823104	0.877150	0.303475	0.057364	
22.698	1.090000	0.000000	3.741801	0.883900	0.505384	0.141488	
22.710	1.081563	0.000000	3.705415	0.889975	0.550379	0.178911	
22.721	1.074813	0.000000	3.628416	0.897400	0.561888	0.168642	
22.733	1.068063	0.000000	3.583138	0.907525	0.697944	0.189401	
22.745	1.057375	0.000000	3.532995	0.919000	0.891419	0.233750	
22.756	1.050063	0.000000	3.418844	0.926425	0.857753	0.264131	
22.768	1.043313	0.000000	3.350994	0.935200	0.776161	0.243483	
22.779	1.033750	0.000000	3.192984	0.946675	0.811183	0.239708	
22.791	1.028125	0.000000	3.103373	0.956125	0.876854	0.256461	
22.803	1.021375	0.000000	2.904928	0.962875	0.754026	0.242828	
22.815	1.015188	0.000000	2.790875	0.970300	0.640957	0.199105	
22.826	1.011812	0.000000	2.549227	0.979750	0.685851	0.195663	
22.838	1.008438	0.000000	2.413181	0.987175	0.719104	0.222533	
22.850	1.006750	0.000000	2.125489	0.987850	0.426737	0.443818	
22.861	1.006188	0.000000	1.973652	0.987850	0.124055	0.445476	
22.873	1.006188	0.000000	1.669222	0.987850	0.000000	0.189144	
22.885	1.008438	0.083347	1.508269	0.989875	0.077354	0.021950	
22.896	1.014063	0.271563	1.387548	0.991900	0.133174	0.026528	
22.908	1.020250	0.449937	1.328277	0.991225	0.065971	0.039952	
22.919	1.024750	0.461030	1.398389	0.986500	0.000000	0.002557	
22.931	1.029812	0.433042	1.594041	0.977725	0.000000	0.000000	
22.943	1.037688	0.507415	1.665976	0.967600	0.000000	0.000000	
22.954	1.045563	0.647277	1.908330	0.958150	0.000000	0.000000	
22.966	1.051188	0.599728	2.059705	0.948025	0.000000	0.000000	
22.978	1.060187	0.627612	2.386676	0.936550	0.000000	0.000000	
22.989	1.067500	0.655444	2.553140	0.925750	0.000000	0.000000	
23.001	1.073125	0.608788	2.923276	0.914275	0.000000	0.000000	
23.013	1.079875	0.515017	3.068028	0.904825	0.000000	0.000000	
23.024	1.086625	0.544430	3.214221	0.897400	0.000000	0.000000	
23.036	1.089437	0.442318	3.448781	0.890650	0.000000	0.000000	
23.048	1.092813	0.319916	3.525727	0.885250	0.000000	0.000000	
23.059	1.095625	0.244868	3.580128	0.883225	0.000000	0.000000	
23.071	1.095625	0.169911	3.555293	0.882550	0.000000	0.000000	
23.083	1.095625	0.055996	3.459362	0.882550	0.000000	0.000000	
23.094	1.095625	0.000000	3.389858	0.882550	0.000000	0.000000	
23.106	1.092813	0.000000	3.189357	0.883900	0.056241	0.006775	
23.118	1.088313	0.000000	3.109707	0.887950	0.191383	0.037165	
23.129	1.086063	0.000000	2.985843	0.893350	0.360650	0.111573	
23.141	1.082687	0.000000	2.941138	0.897400	0.406116	0.121681	
23.153	1.077062	0.000000	2.900141	0.900775	0.327009	0.111603	
23.165	1.074250	0.000000	2.829426	0.907525	0.416473	0.108094	
23.176	1.071437	0.000000	2.795733	0.912925	0.472688	0.131699	
23.188	1.066375	0.000000	2.728973	0.915625	0.393911	0.125001	
23.199	1.064125	0.000000	2.690620	0.918325	0.259081	0.097943	
23.211	1.063563	0.000000	2.604203	0.923050	0.293405	0.091323	
23.223	1.060187	0.000000	2.558671	0.927100	0.361313	0.101478	
23.235	1.059625	0.000000	2.449266	0.927775	0.237758	0.078564	
23.246	1.059625	0.000000	2.389016	0.927775	0.057117	0.047560	
23.258	1.059625	0.000000	2.269058	0.929125	0.044606	0.016756	
23.270	1.059625	0.000000	2.205571	0.929800	0.068216	0.020465	
23.281	1.061313	0.055783	2.101210	0.929800	0.068216	0.020465	
23.293	1.064125	0.160287	2.072577	0.929800	0.000000	0.007083	
23.305	1.065250	0.170113	2.074722	0.929800	0.000000	0.000000	
23.316	1.066937	0.151526	2.136725	0.927775	0.000000	0.000000	
23.328	1.069188	0.177318	2.137214	0.925075	0.000000	0.000000	
23.340	1.071437	0.186119	2.192065	0.921700	0.000000	0.000000	
23.351	1.074250	0.205194	2.229401	0.919000	0.000000	0.000000	
23.363	1.075375	0.187445	2.312620	0.916300	0.000000	0.000000	
23.375	1.077625	0.177685	2.353826	0.913600	0.000000	0.000000	
23.386	1.079875	0.178832	2.400598	0.910900	0.000000	0.000000	
23.398	1.081000	0.141448	2.412393	0.908875	0.000000	0.000000	
23.410	1.082125	0.132072	2.450082	0.906850	0.000000	0.000000	
23.421	1.083250	0.092892	2.459346	0.905500	0.000000	0.000000	
23.433	1.083812	0.074058	2.439929	0.904825	0.000000	0.000000	
23.445	1.084375	0.056177	2.417849	0.904825	0.000000	0.000000	
23.456	1.084937	0.056265	2.389404	0.904825	0.000000	0.000000	
23.468	1.084937	0.037507	2.326993	0.904825	0.000000	0.000000	
23.480	1.084937	0.000000	2.286198	0.904825	0.000000	0.000000	
23.491	1.084937	0.000000	2.201352	0.904825	0.000000	0.000000	
23.503	1.084937	0.000000	2.159411	0.904825	0.000000	0.000000	
23.515	1.084937	0.000000	2.089597	0.904825	0.000000	0.000000	
23.526	1.084937	0.000000	2.059053	0.904825	0.000000	0.000000	
23.538	1.084937	0.000000	2.008088	0.904825	0.000000	0.000000	
23.550	1.086063	0.037340	1.994015	0.904825	0.000000	0.000000	
23.562	1.086625	0.056306	2.002824	0.904825	0.000000	0.000000	
23.573	1.087188	0.055420	2.012116	0.904825	0.000000	0.000000	
23.585	1.087750	0.054660	2.043794	0.904825	0.000000	0.000000	
23.597	1.088875	0.072534	2.063844	0.903475	0.000000	0.000000	
23.608	1.089437	0.082746	2.092160	0.902125	0.000000	0.000000	
23.620	1.089437	0.036820	2.128380	0.901450	0.000000	0.000000	
23.632	1.090000	0.037294	2.151685	0.901450	0.000000	0.000000	
23.643	1.090562	0.037111	2.184366	0.900775	0.000000	0.000000	
23.655	1.090562	0.037111	2.199688	0.900775	0.000000	0.000000	
23.667	1.090562	0.018716	2.224835	0.900775	0.000000	0.000000	
23.678	1.090562	0.000000	2.224225	0.900775	0.000000	0.000000	
23.690	1.090562	0.000000	2.220765	0.900775	0.000000	0.000000	
23.702	1.090562	0.000000	2.221423	0.900775	0.000000	0.000000	
23.713	1.090562	0.000000	2.226918	0.900775	0.000000	0.000000	
23.725	1.090562	0.000000	2.231738	0.900775	0.000000	0.000000	
23.737	1.090562	0.000000	2.237426	0.900775	0.000000	0.000000	
23.749	1.090562	0.000000	2.251273	0.900775	0.000000	0.000000	
23.760	1.090562	0.000000	2.259632	0.900775	0.000000	0.000000	
23.772	1.090562	0.000000	2.278021	0.900775	0.000000	0.000000	
23.783	1.090562	0.000000	2.287352	0.900775	0.000000	0.000000	
23.795	1.090562	0.000000	2.308486	0.900775	0.000000	0.000000	
23.807	1.090562	0.000000	2.319516	0.900775	0.000000	0.000000	
23.819	1.090562	0.000000	2.341931	0.900775	0.000000	0.000000	
23.830	1.090562	0.000000	2.354071	0.900775	0.000000	0.000000	
23.842	1.090562	0.000000	2.378678	0.900775	0.000000	0.000000	
23.854	1.090562	0.000000	2.390167	0.900775	0.000000	0.000000	
23.863	1.090562	0.000000	2.402691	0.900775	0.000000	0.000000	
23.874	1.089437	0.000000	2.427579	0.900775	0.000000	0.000000	
23.886	1.089437	0.000000	2.439793	0.900775	0.000000	0.000000	
23.898	1.089437	0.000000	2.462958	0.900775	0.000000	0.000000	
23.910	1.088875	0.000000	2.477379	0.900775	0.000000	0.000000	
23.921	1.088875	0.000000	2.496059	0.900775	0.000000	0.000000	
23.933	1.088313	0.000000	2.507182	0.900775	0.000000	0.000000	
23.945	1.088313	0.000000	2.518032	0.900775	0.000000	0.000000	
23.956	1.088313	0.000000	2.539102	0.900775	0.000000	0.000000	
23.968	1.087750	0.000000	2.548755	0.900775	0.000000	0.000000	
23.979	1.087750	0.000000	2.568058	0.900775	0.000000	0.000000	
23.991	1.087750	0.000000	2.577316	0.900775	0.000000	0.000000	
24.003	1.087188	0.000000	2.594784	0.900775	0.000000	0.000000	
24.015	1.087188	0.000000	2.603694	0.900775	0.000000	0.000000	
24.026	1.087188	0.009344	2.620979	0.900775	0.000000	0.000000	
24.038	1.086625	0.000000	2.628842	0.900775	0.000000	0.000000	
24.050	1.086625	0.000000	2.645325	0.900775	0.000000	0.000000	
24.061	1.086625	0.009393	2.653557	0.900775	0.000000	0.000000	
24.073	1.087188	0.018767	2.661771	0.900100	0.000000	0.000000	
24.085	1.097312	0.375220	2.740150	0.894025	0.000000	0.000000	
24.096	1.110250	0.797153	2.926986	0.877825	0.000000	0.000000	
24.108	1.115875	0.853402	3.646475	0.862300	0.000000	0.000000	
24.120	1.119812	0.534327	4.077542	0.850825	0.000000	0.000000	
24.131	1.123188	0.309500	4.641766	0.845425	0.000000	0.000000	
24.143	1.124875	0.235454	4.763039	0.842725	0.000000	0.000000	
24.155	1.124875	0.104121	4.855255	0.840700	0.000000	0.000000	
24.166	1.124875	0.009314	4.853648	0.840700	0.000000	0.000000	
24.178	1.117563	0.000000	4.738711	0.842050	0.022491	0.000000	
24.190	1.109687	0.000000	4.667856	0.849475	0.301831	0.050239	
24.202	1.101250	0.000000	4.545443	0.861625	0.718297	0.198578	
24.214	1.089437	0.000000	4.490901	0.872425	0.921291	0.269494	
24.225	1.077062	0.000000	4.382007	0.883225	0.977788	0.293336	
24.237	1.064687	0.000000	4.321352	0.898075	1.056698	0.306755	
24.249	1.048938	0.000000	4.256124	0.916300	1.315287	0.350759	
24.260	1.035437	0.000000	4.112264	0.931825	1.438344	0.424882	
24.272	1.021375	0.000000	4.027864	0.947350	1.393017	0.431614	
24.284	1.005062	0.000000	3.832605	0.964900	1.371226	0.411334	
24.296	0.991000	0.000000	3.729329	0.983800	1.460834	0.661439	
24.307	0.979187	0.000000	3.482756	0.991225	1.215411	1.682686	
24.319	0.964562	0.000000	3.351500	0.988525	0.470031	2.010121	
24.331	0.953313	0.000000	3.078951	0.991225	0.067406	2.003160	
24.342	0.948812	0.000000	2.928420	1.004725	0.507875	1.831140	
24.354	0.943187	0.000000	2.607222	1.022950	1.137287	1.879152	
24.365	0.942062	0.000000	2.450294	1.023625	0.888595	2.173844	
24.377	0.942062	0.000000	2.277986	1.016875	0.100700	2.456521	
24.389	0.943187	0.046856	1.918167	1.012150	0.000000	2.333309	
24.400	0.949938	0.281042	1.758259	1.012150	0.000000	2.051234	
24.412	0.960625	0.635952	1.658145	1.012150	0.000000	1.506938	
24.424	0.970187	0.823471	1.773299	1.006750	0.000000	1.256584	
24.435	0.979750	0.824196	2.213008	0.994600	0.000000	0.803014	
24.447	0.990438	0.870992	2.431794	0.984475	0.000000	0.583718	
24.459	1.003375	0.984901	2.869575	0.976375	0.000000	0.171949	
24.470	1.013500	1.013055	3.123322	0.969625	0.000000	0.000000	
24.482	1.024187	0.965893	3.600985	0.960175	0.000000	0.000000	
24.494	1.034875	0.870937	3.802657	0.945325	0.000000	0.000000	
24.505	1.042750	0.814007	4.121321	0.931150	0.000000	0.000000	
24.517	1.048938	0.664501	4.223126	0.920350	0.000000	0.000000	
24.529	1.056250	0.581068	4.273725	0.915625	0.000000	0.000000	
24.540	1.059625	0.459646	4.259499	0.911575	0.000000	0.000000	
24.552	1.061313	0.291809	4.199115	0.907525	0.000000	0.000000	
24.564	1.063563	0.159929	3.929211	0.906175	0.000000	0.000000	
24.575	1.063563	0.112380	3.740250	0.906175	0.000000	0.000000	
24.587	1.063563	0.037467	3.329306	0.906850	0.033938	0.000063	
24.599	1.062438	0.000000	3.104410	0.911575	0.189810	0.030133	
24.610	1.059625	0.000000	2.704009	0.916975	0.358627	0.110957	
24.622	1.058500	0.000000	2.526283	0.920350	0.403672	0.131215	
24.634	1.057938	0.000000	2.231275	0.923050	0.291236	0.083992	
24.645	1.056250	0.000000	2.100882	0.927775	0.290373	0.080640	
24.657	1.056250	0.000000	1.982638	0.931825	0.369982	0.093895	
24.669	1.056250	0.000000	1.785984	0.931825	0.246663	0.087509	
24.680	1.056250	0.000000	1.699758	0.931825	0.056188	0.050648	
24.692	1.057938	0.065465	1.559026	0.931825	0.000000	0.000000	
24.704	1.061313	0.168516	1.527691	0.931825	0.000000	0.000000	
24.715	1.064687	0.289965	1.600991	0.931825	0.000000	0.000000	
24.727	1.066375	0.215059	1.697100	0.928450	0.000000	0.000000	
24.739	1.069750	0.233787	1.876105	0.921700	0.000000	0.000000	
24.750	1.074250	0.308646	1.958877	0.916300	0.000000	0.000000	
24.762	1.077062	0.318036	2.164104	0.912250	0.000000	0.000000	
24.774	1.079875	0.281990	2.289733	0.907525	0.000000	0.000000	
24.785	1.083250	0.235402	2.497168	0.901450	0.000000	0.000000	
24.797	1.086063	0.263072	2.605417	0.897400	0.000000	0.000000	
24.809	1.087188	0.187224	2.701462	0.894700	0.000000	0.000000	
24.820	1.088875	0.121393	2.844074	0.892000	0.000000	0.000000	
24.832	1.090000	0.112258	2.889464	0.889975	0.000000	0.000000	
24.844	1.090000	0.074694	2.944640	0.889975	0.000000	0.000000	
24.855	1.090000	0.018800	2.954690	0.889975	0.000000	0.000000	
24.867	1.089437	0.000000	2.966549	0.889975	0.000000	0.000000	
24.879	1.086625	0.000000	2.965972	0.889975	0.000000	0.000000	
24.890	1.083812	0.000000	2.980443	0.891325	0.044522	0.013356	
24.902	1.082125	0.000000	2.991665	0.894700	0.156886	0.033563	
24.914	1.078750	0.000000	3.019903	0.898075	0.282036	0.084611	
24.926	1.075375	0.000000	3.034110	0.899425	0.227873	0.075045	
24.937	1.073688	0.000000	3.047372	0.902800	0.238995	0.071611	
24.949	1.070313	0.000000	3.069564	0.907525	0.304503	0.084631	
24.960	1.065812	0.000000	3.077269	0.910225	0.314803	0.094385	
24.972	1.064125	0.000000	3.077260	0.912250	0.235008	0.080638	
24.984	1.061875	0.000000	3.070240	0.916300	0.257623	0.077220	
24.996	1.057375	0.000000	3.041909	0.921025	0.347688	0.097647	
25.007	1.056813	0.000000	3.017197	0.923050	0.328355	0.104939	
25.019	1.054562	0.000000	2.952456	0.924400	0.192088	0.071116	
25.030	1.051750	0.000000	2.907789	0.928450	0.225875	0.050841	
25.042	1.051750	0.000000	2.796878	0.931150	0.270154	0.081046	
25.054	1.051188	0.000000	2.733624	0.931825	0.203032	0.074373	
25.065	1.050063	0.000000	2.670089	0.932500	0.067801	0.047423	
25.077	1.050063	0.000000	2.520655	0.933850	0.067833	0.023729	
25.089	1.050063	0.000000	2.440899	0.934525	0.090799	0.027240	
25.100	1.051188	0.046881	2.290855	0.934525	0.034652	0.020499	
25.112	1.053437	0.113435	2.229492	0.934525	0.000000	0.006890	
25.124	1.054562	0.151025	2.174626	0.934525	0.000000	0.000000	
25.135	1.056250	0.122672	2.181703	0.934525	0.000000	0.000000	
25.147	1.059062	0.141199	2.179167	0.932500	0.000000	0.000000	
25.159	1.060750	0.197509	2.184736	0.929125	0.000000	0.000000	
25.171	1.063000	0.169059	2.186709	0.926425	0.000000	0.000000	
25.182	1.065812	0.206524	2.195899	0.925075	0.000000	0.000000	
25.194	1.066937	0.187773	2.209996	0.922375	0.000000	0.000000	
25.205	1.069188	0.178838	2.220426	0.919000	0.000000	0.000000	
25.217	1.072562	0.216458	2.220111	0.916300	0.000000	0.000000	
25.229	1.073688	0.203556	2.268458	0.914275	0.000000	0.000000	
25.240	1.074813	0.118922	2.295454	0.912925	0.000000	0.000000	
25.252	1.077062	0.099666	2.297269	0.910225	0.000000	0.000000	
25.264	1.078187	0.149807	2.296546	0.908200	0.000000	0.000000	
25.276	1.079313	0.112100	2.297966	0.906850	0.000000	0.000000	
25.284	1.080438	0.092726	2.278897	0.906175	0.000000	0.000000	
25.296	1.081563	0.108865	2.262717	0.905500	0.000000	0.000000	
25.308	1.081563	0.071947	2.251441	0.904825	0.000000	0.000000	
25.319	1.082125	0.034526	2.248580	0.904150	0.000000	0.000000	
25.331	1.082125	0.018790	2.214631	0.904150	0.000000	0.000000	
25.340	1.082125	0.000000	2.195870	0.904150	0.000000	0.000000	
25.352	1.082687	0.018961	2.183068	0.904150	0.000000	0.000000	
25.364	1.082687	0.018961	2.156595	0.904150	0.000000	0.000000	
25.375	1.082687	0.018961	2.154634	0.904150	0.000000	0.000000	
25.387	1.082687	0.000000	2.151487	0.904150	0.000000	0.000000	
25.399	1.082687	0.000000	2.146532	0.904150	0.000000	0.000000	
25.410	1.082687	0.000000	2.144153	0.904150	0.000000	0.000000	
25.422	1.082687	0.000000	2.145713	0.904150	0.000000	0.000000	
25.434	1.082687	0.000000	2.149148	0.904150	0.000000	0.000000	
25.445	1.082687	0.000000	2.160756	0.904150	0.000000	0.000000	
25.457	1.082687	0.000000	2.168632	0.904150	0.000000	0.000000	
25.469	1.082687	0.000000	2.186617	0.904150	0.000000	0.000000	
25.480	1.082687	0.000000	2.196924	0.904150	0.000000	0.000000	
25.492	1.082687	0.000000	2.219567	0.904150	0.000000	0.000000	
25.504	1.082687	0.000000	2.230791	0.904150	0.000000	0.000000	
25.513	1.082687	0.000000	2.242846	0.904150	0.000000	0.000000	
25.525	1.082687	0.000000	2.267724	0.904150	0.000000	0.000000	
25.536	1.082687	0.000000	2.279639	0.904150	0.000000	0.000000	
25.548	1.082687	0.000000	2.304931	0.904150	0.000000	0.000000	
25.560	1.082687	0.000000	2.317425	0.904150	0.000000	0.000000	
25.571	1.082687	0.000000	2.341337	0.904150	0.000000	0.000000	
25.583	1.082687	0.000000	2.353536	0.904150	0.000000	0.000000	
25.595	1.082687	0.000000	2.365556	0.904150	0.000000	0.000000	
25.605	1.082687	0.000000	2.389173	0.904150	0.000000	0.000000	
25.617	1.082687	0.000000	2.402792	0.904150	0.000000	0.000000	
25.629	1.082687	0.000000	2.414240	0.904150	0.000000	0.000000	
25.641	1.082687	0.000000	2.436510	0.904150	0.000000	0.000000	
25.652	1.082687	0.000000	2.446650	0.904150	0.000000	0.000000	
25.664	1.082687	0.000000	2.468006	0.904150	0.000000	0.000000	
25.673	1.082125	0.000000	2.478442	0.904150	0.000000	0.000000	
25.685	1.082125	0.000000	2.488423	0.904150	0.000000	0.000000	
25.696	1.087750	0.186631	2.527033	0.899425	0.000000	0.000000	
25.708	1.101250	0.655505	2.642564	0.886600	0.000000	0.000000	
25.720	1.107437	0.806260	3.234194	0.871750	0.000000	0.000000	
25.731	1.109687	0.534314	3.634244	0.862300	0.000000	0.000000	
25.743	1.114750	0.308733	4.194066	0.856225	0.000000	0.000000	
25.755	1.117000	0.299371	4.345809	0.850825	0.000000	0.000000	
25.766	1.117000	0.158568	4.538988	0.848125	0.000000	0.000000	
25.778	1.117000	0.018714	4.557794	0.848125	0.000000	0.000000	
25.790	1.114187	0.000000	4.477077	0.848800	0.000000	0.000000	
25.801	1.106875	0.000000	4.413864	0.852175	0.134664	0.020240	
25.813	1.099563	0.000000	4.307079	0.861625	0.460913	0.138274	
25.825	1.091688	0.000000	4.260145	0.872425	0.776570	0.209421	
25.836	1.079313	0.000000	4.216984	0.881200	0.800007	0.246685	
25.848	1.069750	0.000000	4.113761	0.891325	0.832988	0.253578	
25.860	1.057938	0.000000	4.055316	0.906850	1.022943	0.273532	
25.872	1.043875	0.000000	3.917615	0.923050	1.272075	0.354673	
25.883	1.033188	0.000000	3.843137	0.935200	1.260863	0.375001	
25.895	1.020813	0.000000	3.655879	0.948700	1.137011	0.351124	
25.907	1.007313	0.000000	3.546795	0.965575	1.248852	0.351084	
25.918	0.997187	0.000000	3.303270	0.980425	1.339028	0.438000	
25.930	0.987063	0.000000	3.161013	0.991900	1.203441	0.918231	
25.942	0.976375	0.000000	2.855491	0.991900	0.618616	1.588244	
25.953	0.967937	0.000000	2.692101	0.991900	0.134643	1.648515	
25.965	0.964000	0.000000	2.533684	0.995950	0.101159	1.511790	
25.977	0.962313	0.000000	2.174915	1.010125	0.618319	1.195205	
25.988	0.961750	0.000000	1.988882	1.018225	0.843660	1.227960	
26.000	0.962313	0.000000	1.619314	1.012825	0.348851	1.551457	
26.012	0.968500	0.235067	1.436960	1.005400	0.000000	1.520968	
26.023	0.976937	0.516362	1.272938	1.003375	0.000000	1.187934	
26.035	0.985375	0.721995	1.340154	1.002025	0.000000	0.974123	
26.047	0.993813	0.712489	1.667509	0.993250	0.000000	0.587641	
26.058	1.003375	0.768034	1.857191	0.982450	0.000000	0.407773	
26.070	1.015188	0.890681	2.256109	0.972325	0.000000	0.081123	
26.082	1.026438	0.937148	2.503937	0.963550	0.000000	0.000000	
26.093	1.037688	0.936838	3.032794	0.952075	0.000000	0.000000	
26.105	1.046687	0.889526	3.277347	0.937225	0.000000	0.000000	
26.117	1.055125	0.796276	3.508749	0.920350	0.000000	0.000000	
26.128	1.063563	0.748972	3.882223	0.908875	0.000000	0.000000	
26.140	1.070875	0.692525	4.039381	0.900100	0.000000	0.000000	
26.152	1.075375	0.543393	4.225303	0.893350	0.000000	0.000000	
26.163	1.079313	0.412101	4.252615	0.887950	0.000000	0.000000	
26.175	1.081000	0.271922	4.192414	0.885925	0.000000	0.000000	
26.187	1.081000	0.121985	4.114732	0.885925	0.000000	0.000000	
26.198	1.081000	0.009623	3.805717	0.885925	0.000000	0.000000	
26.210	1.079313	0.000000	3.622802	0.887275	0.045386	0.000000	
26.222	1.074813	0.000000	3.298833	0.894025	0.281880	0.077813	
26.233	1.072000	0.000000	3.155379	0.900775	0.507107	0.124976	
26.245	1.068625	0.000000	3.027735	0.904825	0.495329	0.158832	
26.257	1.061875	0.000000	2.818888	0.909550	0.428202	0.124985	
26.269	1.059062	0.000000	2.725952	0.918325	0.517969	0.128557	
26.280	1.056813	0.000000	2.553828	0.925075	0.641940	0.182391	
26.292	1.052312	0.000000	2.478387	0.927775	0.495311	0.172246	
26.304	1.049500	0.000000	2.320590	0.929800	0.258880	0.094494	
26.316	1.049500	0.000000	2.242424	0.936550	0.348291	0.080924	
26.324	1.048938	0.000000	2.163269	0.939250	0.393040	0.101110	
26.336	1.048938	0.000000	2.007081	0.939250	0.258529	0.091006	
26.348	1.048938	0.000000	1.924600	0.939250	0.056273	0.060708	
26.359	1.050625	0.065743	1.765150	0.939250	0.000000	0.000000	
26.371	1.054562	0.188132	1.725535	0.939250	0.000000	0.000000	
26.383	1.057375	0.281748	1.758550	0.938575	0.000000	0.000000	
26.394	1.059625	0.244070	1.828910	0.934525	0.000000	0.000000	
26.406	1.063563	0.235432	1.960733	0.928450	0.000000	0.000000	
26.418	1.066375	0.281391	2.005089	0.922375	0.000000	0.000000	
26.429	1.069188	0.252947	2.155870	0.919000	0.000000	0.000000	
26.441	1.074813	0.308933	2.231501	0.914275	0.000000	0.000000	
26.453	1.077625	0.346982	2.336385	0.908200	0.000000	0.000000	
26.464	1.078750	0.244479	2.585585	0.902800	0.000000	0.000000	
26.476	1.082125	0.187666	2.665041	0.899425	0.000000	0.000000	
26.488	1.084375	0.225159	2.783854	0.896725	0.000000	0.000000	
26.499	1.084937	0.149898	2.851966	0.894700	0.000000	0.000000	
26.511	1.085500	0.075283	2.953706	0.892675	0.000000	0.000000	
26.523	1.085500	0.037780	2.963748	0.892675	0.000000	0.000000	
26.535	1.085500	0.000000	2.957641	0.892675	0.000000	0.000000	
26.546	1.084937	0.000000	2.950023	0.892675	0.000000	0.003395	
26.558	1.082125	0.000000	2.950673	0.893350	0.033761	0.000000	
26.570	1.079875	0.000000	2.958719	0.895375	0.089926	0.013476	
26.581	1.078187	0.000000	2.970152	0.898750	0.213611	0.043855	
26.593	1.074813	0.000000	2.999381	0.900775	0.213904	0.067501	
26.605	1.072562	0.000000	3.015439	0.902800	0.203074	0.067587	
26.616	1.069750	0.000000	3.045889	0.906175	0.225877	0.071150	
26.628	1.065812	0.000000	3.058949	0.909550	0.270472	0.064284	
26.639	1.064125	0.000000	3.076307	0.912250	0.280624	0.080946	
26.651	1.062438	0.000000	3.079014	0.914275	0.224638	0.063916	
26.663	1.057938	0.000000	3.070670	0.918325	0.259221	0.074257	
26.675	1.057375	0.000000	3.059119	0.921025	0.270633	0.081060	
26.686	1.055688	0.000000	3.019759	0.923050	0.224886	0.067411	
26.698	1.052312	0.000000	2.992922	0.925075	0.180058	0.060744	
26.710	1.051750	0.000000	2.924046	0.928450	0.225435	0.071003	
26.721	1.051188	0.000000	2.881791	0.929800	0.214322	0.060880	
26.731	1.049500	0.000000	2.835370	0.929800	0.135662	0.054167	
26.741	1.048938	0.000000	2.773534	0.931150	0.082589	0.031670	
26.753	1.048938	0.000000	2.657115	0.933175	0.116491	0.031649	
26.764	1.048938	0.000000	2.598885	0.933175	0.078898	0.031598	
26.776	1.048938	0.000000	2.471076	0.933175	0.045363	0.013609	
26.788	1.050063	0.037649	2.412366	0.933175	0.000000	0.000000	
26.799	1.052312	0.122267	2.339474	0.933175	0.000000	0.000000	
26.811	1.052875	0.112593	2.335631	0.933175	0.000000	0.000000	
26.823	1.054562	0.112993	2.335835	0.933175	0.000000	0.000000	
26.834	1.056250	0.130750	2.338030	0.933175	0.000000	0.000000	
26.846	1.057375	0.130919	2.344433	0.930475	0.000000	0.000000	
26.858	1.058500	0.112649	2.336421	0.929125	0.000000	0.000000	
26.869	1.060187	0.114022	2.346886	0.927100	0.000000	0.000000	
26.881	1.061313	0.113505	2.362312	0.926425	0.000000	0.000000	
26.893	1.062438	0.085077	2.356718	0.925075	0.000000	0.000000	
26.904	1.064125	0.121483	2.357718	0.923050	0.000000	0.000000	
26.916	1.064687	0.093287	2.345145	0.922375	0.000000	0.000000	
26.928	1.065812	0.093298	2.333619	0.921025	0.000000	0.000000	
26.939	1.066375	0.074999	2.316709	0.920350	0.000000	0.000000	
26.951	1.066375	0.037376	2.299767	0.919675	0.000000	0.000000	
26.963	1.067500	0.056094	2.248800	0.919675	0.000000	0.000000	
26.974	1.068063	0.056384	2.229873	0.919675	0.000000	0.000000	
26.986	1.068063	0.037507	2.184053	0.919675	0.000000	0.000000	
26.998	1.068063	0.018887	2.172694	0.919000	0.000000	0.000000	
27.010	1.068625	0.018539	2.115953	0.919000	0.000000	0.000000	
27.021	1.068625	0.018539	2.085516	0.919000	0.000000	0.000000	
27.033	1.069188	0.018933	2.047936	0.919000	0.000000	0.000000	
27.045	1.069750	0.037337	2.024607	0.919000	0.000000	0.000000	
27.056	1.070313	0.055629	2.023546	0.919000	0.000000	0.000000	
27.068	1.070313	0.036696	2.016453	0.919000	0.000000	0.000000	
27.080	1.071437	0.056246	2.026981	0.918325	0.000000	0.000000	
27.091	1.072000	0.056645	2.040478	0.917650	0.000000	0.000000	
27.103	1.072562	0.056083	2.058194	0.916975	0.000000	0.000000	
27.115	1.073125	0.055951	2.087675	0.915625	0.000000	0.000000	
27.126	1.074250	0.055943	2.106402	0.914275	0.000000	0.000000	
27.138	1.074250	0.055943	2.133818	0.912925	0.000000	0.000000	
27.150	1.075375	0.055971	2.147263	0.912250	0.000000	0.000000	
27.162	1.075938	0.056079	2.185652	0.911575	0.000000	0.000000	
27.173	1.076500	0.055838	2.207317	0.910225	0.000000	0.000000	
27.185	1.077062	0.037440	2.230055	0.909550	0.000000	0.000000	
27.197	1.077062	0.037440	2.231877	0.908875	0.000000	0.000000	
27.208	1.077062	0.018703	2.231064	0.908875	0.000000	0.000000	
27.220	1.077062	0.000000	2.219364	0.908875	0.000000	0.000000	
27.232	1.077062	0.000000	2.198811	0.908875	0.000000	0.000000	
27.244	1.077062	0.000000	2.185853	0.908875	0.000000	0.000000	
27.255	1.077062	0.000000	2.174594	0.908875	0.000000	0.000000	
27.267	1.077062	0.000000	2.156470	0.908875	0.000000	0.000000	
27.279	1.077062	0.000000	2.148806	0.908875	0.000000	0.000000	
27.290	1.077062	0.000000	2.136145	0.908875	0.000000	0.000000	
27.302	1.077062	0.000000	2.130633	0.908875	0.000000	0.000000	
27.313	1.077062	0.000000	2.121478	0.908875	0.000000	0.000000	
27.325	1.077625	0.018963	2.117578	0.908875	0.000000	0.000000	
27.337	1.077625	0.018963	2.118180	0.908875	0.000000	0.000000	
27.349	1.077625	0.018963	2.126588	0.908875	0.000000	0.000000	
27.360	1.077625	0.000000	2.136126	0.908875	0.000000	0.000000	
27.372	1.078187	0.018392	2.142542	0.908875	0.000000	0.000000	
27.384	1.078187	0.018392	2.139612	0.908875	0.000000	0.000000	
27.395	1.078187	0.018392	2.159642	0.908875	0.000000	0.000000	
27.407	1.078187	0.000000	2.164284	0.908875	0.000000	0.000000	
27.419	1.078187	0.000000	2.172154	0.908875	0.000000	0.000000	
27.430	1.078187	0.000000	2.172445	0.908875	0.000000	0.000000	
27.442	1.078187	0.000000	2.174863	0.908875	0.000000	0.000000	
27.454	1.078187	0.000000	2.176619	0.908875	0.000000	0.000000	
27.465	1.078187	0.000000	2.181103	0.908875	0.000000	0.000000	
27.477	1.078187	0.000000	2.183630	0.908875	0.000000	0.000000	
27.489	1.078187	0.000000	2.188736	0.908875	0.000000	0.000000	
27.500	1.078187	0.000000	2.191511	0.908875	0.000000	0.000000	
27.512	1.078187	0.000000	2.198028	0.908875	0.000000	0.000000	
27.524	1.078187	0.000000	2.201823	0.908875	0.000000	0.000000	
27.535	1.078187	0.000000	2.205399	0.908875	0.000000	0.000000	
27.547	1.078187	0.000000	2.213870	0.908875	0.000000	0.000000	
27.559	1.078187	0.000000	2.218441	0.908875	0.000000	0.000000	
27.570	1.078187	0.000000	2.227134	0.908875	0.000000	0.000000	
27.582	1.078187	0.000000	2.231419	0.908875	0.000000	0.000000	
27.594	1.078187	0.000000	2.239784	0.908875	0.000000	0.000000	
27.605	1.078187	0.000000	2.243670	0.908875	0.000000	0.000000	
27.617	1.078187	0.000000	2.250058	0.908875	0.000000	0.000000	
27.628	1.078187	0.000000	2.252829	0.908875	0.000000	0.000000	
27.640	1.078187	0.000000	2.257543	0.908875	0.000000	0.000000	
27.652	1.078187	0.000000	2.259542	0.908875	0.000000	0.000000	
27.663	1.078187	0.000000	2.261269	0.908875	0.000000	0.000000	
27.675	1.078187	0.000000	2.264292	0.908875	0.000000	0.000000	
27.687	1.078187	0.000000	2.265658	0.908875	0.000000	0.000000	
27.698	1.078187	0.000000	2.268793	0.908875	0.000000	0.000000	
27.710	1.078187	0.000000	2.270695	0.908875	0.000000	0.000000	
27.722	1.078187	0.000000	2.274890	0.908875	0.000000	0.000000	
27.733	1.078187	0.000000	2.277158	0.908875	0.000000	0.000000	
27.745	1.078187	0.000000	2.281779	0.908875	0.000000	0.000000	
27.757	1.078187	0.000000	2.283860	0.908875	0.000000	0.000000	
27.768	1.078187	0.000000	2.287463	0.908875	0.000000	0.000000	
27.780	1.078187	0.000000	2.288929	0.908875	0.000000	0.000000	
27.792	1.078187	0.000000	2.290555	0.908875	0.000000	0.000000	
27.803	1.078187	0.000000	2.293135	0.908875	0.000000	0.000000	
27.815	1.078187	0.000000	2.294251	0.908875	0.000000	0.000000	
27.827	1.078187	0.000000	2.296173	0.908875	0.000000	0.000000	
27.839	1.078187	0.000000	2.296872	0.908875	0.000000	0.000000	
27.850	1.078187	0.000000	2.297842	0.908875	0.000000	0.000000	
27.862	1.078187	0.000000	2.298419	0.908875	0.000000	0.000000	
27.874	1.078187	0.000000	2.299826	0.908875	0.000000	0.000000	
27.883	1.078187	0.000000	2.300798	0.908875	0.000000	0.000000	
27.895	1.078187	0.000000	2.301945	0.908875	0.000000	0.000000	
27.906	1.078187	0.000000	2.304226	0.908875	0.000000	0.000000	
27.918	1.078187	0.000000	2.305482	0.908875	0.000000	0.000000	
27.930	1.078187	0.000000	2.308724	0.908875	0.000000	0.000000	
27.941	1.078187	0.000000	2.310678	0.908875	0.000000	0.000000	
27.953	1.078187	0.000000	2.315538	0.908875	0.000000	0.000000	
27.965	1.079875	0.065525	2.318314	0.906850	0.000000	0.000000	
27.977	1.095062	0.591009	2.498167	0.895375	0.000000	0.000000	
27.988	1.111375	1.125614	2.838710	0.876475	0.000000	0.000000	
28.000	1.119250	1.145067	3.368470	0.854200	0.000000	0.000000	
28.012	1.124875	0.693726	4.487926	0.838000	0.000000	0.000000	
28.023	1.133312	0.580854	4.901978	0.829225	0.000000	0.000000	
28.035	1.137812	0.534295	5.395877	0.821125	0.000000	0.000000	
28.047	1.137812	0.281236	5.555112	0.815050	0.000000	0.000000	
28.058	1.137812	0.028087	5.626840	0.815050	0.000000	0.000000	
28.070	1.135000	0.000000	5.526163	0.815725	0.000000	0.000000	
28.082	1.126562	0.000000	5.247893	0.823150	0.282712	0.064582	
28.093	1.118125	0.000000	5.129899	0.835975	0.721153	0.155684	
28.105	1.104063	0.000000	4.899909	0.848800	1.036211	0.314136	
28.117	1.087750	0.000000	4.792038	0.859600	1.023507	0.317300	
28.128	1.074813	0.000000	4.580534	0.875800	1.137261	0.341178	
28.140	1.057938	0.000000	4.469500	0.900775	1.586785	0.422076	
28.152	1.037688	0.000000	4.355382	0.919675	1.789106	0.520037	
28.164	1.021375	0.000000	4.122036	0.935875	1.584345	0.496673	
28.175	1.005062	0.000000	3.992415	0.956125	1.550293	0.782171	
28.187	0.985937	0.000000	3.715125	0.970300	1.449909	1.915545	
28.198	0.970750	0.000000	3.578148	0.968275	0.764476	2.302918	
28.210	0.956688	0.000000	3.278005	0.971650	0.212062	2.488345	
28.222	0.947125	0.000000	3.122590	0.990550	0.731054	2.313908	
28.233	0.942062	0.000000	2.811345	1.010125	1.395359	2.409066	
28.245	0.937000	0.000000	2.645985	1.011475	1.091415	2.748752	
28.257	0.934750	0.000000	2.306063	1.005400	0.137536	3.019102	
28.268	0.935313	0.000000	2.131661	1.004725	0.000000	2.833509	
28.280	0.941500	0.224455	1.849705	1.005400	0.000000	2.075895	
28.292	0.952750	0.608530	1.814224	1.005400	0.022337	1.748371	
28.304	0.962313	0.834019	1.929771	1.004050	0.000000	1.449989	
28.315	0.970750	0.804842	2.360226	0.996625	0.000000	0.882556	
28.327	0.982562	0.833539	2.618979	0.985150	0.000000	0.625340	
28.338	0.993250	0.965198	3.095874	0.977050	0.000000	0.174765	
28.350	1.004500	0.955653	3.339844	0.971650	0.000000	0.000000	
28.362	1.014625	0.897629	3.860164	0.963550	0.000000	0.000000	
28.373	1.022500	0.833904	4.073032	0.951400	0.000000	0.000000	
28.385	1.030375	0.703528	4.355839	0.936550	0.000000	0.000000	
28.397	1.036562	0.608712	4.454610	0.928450	0.000000	0.000000	
28.409	1.041062	0.486578	4.520988	0.925075	0.000000	0.000000	
28.420	1.043313	0.337225	4.481528	0.923050	0.000000	0.000000	
28.432	1.043875	0.159078	4.384755	0.921700	0.000000	0.000000	
28.444	1.043875	0.056154	4.093203	0.921700	0.000000	0.000000	
28.455	1.043875	0.018550	3.892577	0.921700	0.000000	0.000000	
28.467	1.040500	0.000000	3.485045	0.926425	0.168995	0.030469	
28.479	1.037125	0.000000	3.314195	0.933850	0.416421	0.077687	
28.491	1.034312	0.000000	3.001489	0.939250	0.539786	0.161968	
28.502	1.029812	0.000000	2.867443	0.941275	0.392387	0.138266	
28.514	1.026438	0.000000	2.634266	0.948700	0.393635	0.107995	
28.526	1.024750	0.000000	2.524235	0.956800	0.574623	0.134949	
28.537	1.022500	0.000000	2.318664	0.958825	0.518316	0.152119	
28.549	1.020813	0.000000	2.220290	0.958825	0.214657	0.094753	
28.561	1.020813	0.000000	2.034147	0.962875	0.134127	0.040238	
28.572	1.020813	0.000000	1.939443	0.966250	0.246924	0.070722	
28.584	1.021375	0.018344	1.848085	0.966250	0.202811	0.074077	
28.595	1.024750	0.126044	1.690233	0.966250	0.056286	0.023654	
28.607	1.028687	0.265150	1.655654	0.965575	0.000000	0.000000	
28.619	1.030938	0.251508	1.712982	0.962200	0.000000	0.000000	
28.630	1.034875	0.290246	1.776212	0.956800	0.000000	0.000000	
28.642	1.039375	0.347997	1.909233	0.950725	0.000000	0.000000	
28.654	1.043313	0.357629	1.987970	0.945325	0.000000	0.000000	
28.665	1.047250	0.357429	2.168364	0.940600	0.000000	0.000000	
28.677	1.052312	0.367077	2.299653	0.933850	0.000000	0.000000	
28.689	1.056250	0.368052	2.566050	0.926425	0.000000	0.000000	
28.700	1.059062	0.322109	2.689876	0.921025	0.000000	0.000000	
28.712	1.063000	0.281938	2.791941	0.916975	0.000000	0.000000	
28.724	1.065812	0.281521	2.991642	0.912250	0.000000	0.000000	
28.736	1.065812	0.158264	3.071685	0.908200	0.000000	0.000000	
28.747	1.067500	0.094540	3.175581	0.906175	0.000000	0.000000	
28.759	1.067500	0.057638	3.185942	0.906175	0.000000	0.000000	
28.771	1.067500	0.038837	3.178029	0.906175	0.000000	0.000000	
28.782	1.067500	0.000000	3.167365	0.906175	0.000000	0.000000	
28.794	1.064687	0.000000	3.138827	0.906175	0.000000	0.000000	
28.806	1.062438	0.000000	3.125733	0.908875	0.101548	0.017009	
28.817	1.060187	0.000000	3.111262	0.912250	0.202847	0.060854	
28.829	1.056813	0.000000	3.108207	0.916300	0.326268	0.087518	
28.840	1.054000	0.000000	3.105475	0.917650	0.237169	0.097959	
28.852	1.050625	0.000000	3.096045	0.921025	0.214177	0.077760	
28.864	1.047812	0.000000	3.087531	0.926425	0.316115	0.084576	
28.876	1.045000	0.000000	3.060833	0.929800	0.360716	0.108053	
28.887	1.041625	0.000000	3.041227	0.931150	0.237340	0.091599	
28.899	1.039375	0.000000	2.988576	0.935200	0.226048	0.067852	
28.911	1.038250	0.000000	2.955507	0.939925	0.315207	0.084652	
28.922	1.035437	0.000000	2.879530	0.941275	0.281512	0.094569	
28.934	1.034312	0.000000	2.834329	0.941950	0.157548	0.057432	
28.946	1.033750	0.000000	2.733289	0.945325	0.157401	0.050599	
28.957	1.033750	0.000000	2.681515	0.948025	0.234740	0.060328	
28.969	1.033750	0.000000	2.563007	0.948025	0.144851	0.043455	
28.980	1.033750	0.000000	2.500409	0.948025	0.044956	0.016448	
28.992	1.033750	0.000000	2.440213	0.948025	0.000000	0.006715	
29.004	1.035437	0.056118	2.324409	0.948025	0.000000	0.000000	
29.016	1.037688	0.131762	2.283240	0.948025	0.000000	0.000000	
29.027	1.038813	0.140892	2.276847	0.948025	0.000000	0.000000	
29.039	1.039937	0.113470	2.297640	0.946675	0.000000	0.000000	
29.051	1.042187	0.141867	2.313318	0.943975	0.000000	0.000000	
29.062	1.043313	0.141681	2.320089	0.941950	0.000000	0.000000	
29.074	1.045000	0.131823	2.322296	0.939250	0.000000	0.000000	
29.086	1.047250	0.141310	2.332445	0.937900	0.000000	0.000000	
29.097	1.048375	0.150644	2.355889	0.936550	0.000000	0.000000	
29.109	1.050063	0.130560	2.366972	0.934525	0.000000	0.000000	
29.121	1.051188	0.111890	2.354466	0.932500	0.000000	0.000000	
29.132	1.052875	0.130512	2.350366	0.931150	0.000000	0.000000	
29.144	1.054000	0.112116	2.341894	0.929800	0.000000	0.000000	
29.156	1.055125	0.084006	2.320973	0.929125	0.000000	0.000000	
29.167	1.056250	0.103711	2.316130	0.927775	0.000000	0.000000	
29.179	1.056813	0.075775	2.286395	0.927100	0.000000	0.000000	
29.191	1.057375	0.075811	2.261105	0.927100	0.000000	0.000000	
29.202	1.058500	0.084766	2.224172	0.927100	0.000000	0.000000	
29.214	1.059062	0.075257	2.214240	0.925750	0.000000	0.000000	
29.226	1.059062	0.028367	2.178525	0.925750	0.000000	0.000000	
29.237	1.059625	0.037511	2.144174	0.925750	0.000000	0.000000	
29.249	1.060187	0.037628	2.102114	0.925750	0.000000	0.000000	
29.260	1.060187	0.037628	2.071963	0.925750	0.000000	0.000000	
29.272	1.060750	0.037516	2.047914	0.925075	0.000000	0.000000	
29.284	1.061313	0.037526	2.021347	0.924400	0.000000	0.000000	
29.295	1.061875	0.028195	1.995322	0.924400	0.000000	0.000000	
29.307	1.062438	0.056308	1.992588	0.924400	0.000000	0.000000	
29.319	1.063000	0.056291	1.977794	0.923725	0.000000	0.000000	
29.330	1.063563	0.056177	1.979663	0.923050	0.000000	0.000000	
29.342	1.064687	0.075042	1.985773	0.921700	0.000000	0.000000	
29.354	1.065250	0.055796	1.996692	0.921025	0.000000	0.000000	
29.365	1.065812	0.056327	2.013049	0.919675	0.000000	0.000000	
29.377	1.066937	0.074971	2.032649	0.918325	0.000000	0.000000	
29.389	1.067500	0.046795	2.033720	0.917650	0.000000	0.000000	
29.400	1.068625	0.074843	2.044875	0.916300	0.000000	0.000000	
29.412	1.069750	0.093603	2.104254	0.915625	0.000000	0.000000	
29.424	1.069750	0.056245	2.124654	0.914275	0.000000	0.000000	
29.435	1.070313	0.037753	2.156415	0.913600	0.000000	0.000000	
29.447	1.071437	0.066005	2.152070	0.912925	0.000000	0.000000	
29.459	1.072000	0.056342	2.158417	0.912925	0.000000	0.000000	
29.470	1.072000	0.037943	2.168969	0.912250	0.000000	0.000000	
29.482	1.072000	0.018692	2.168059	0.911575	0.000000	0.000000	
29.494	1.072000	0.000000	2.167400	0.911575	0.000000	0.000000	
29.505	1.072000	0.000000	2.132210	0.911575	0.011019	0.000000	
29.517	1.072000	0.000000	2.114182	0.911575	0.000000	0.000000	
29.529	1.072562	0.018729	2.089562	0.911575	0.000000	0.000000	
29.540	1.072562	0.018729	2.085948	0.911575	0.000000	0.000000	
29.552	1.072562	0.000000	2.082753	0.911575	0.000000	0.000000	
29.564	1.072562	0.000000	2.069705	0.911575	0.000000	0.000000	
29.575	1.072562	0.000000	2.056787	0.911575	0.000000	0.000000	
29.587	1.072562	0.000000	2.033973	0.911575	0.000000	0.000000	
29.599	1.073125	0.018680	2.024418	0.911575	0.000000	0.000000	
29.610	1.073125	0.018680	2.013374	0.911575	0.000000	0.000000	
29.622	1.073125	0.018680	2.015551	0.911575	0.000000	0.000000	
29.634	1.073688	0.018692	2.019092	0.911575	0.000000	0.000000	
29.645	1.073688	0.018692	2.017491	0.911575	0.000000	0.000000	
29.657	1.074250	0.018867	2.020290	0.910900	0.000000	0.000000	
29.669	1.074250	0.018867	2.027793	0.910225	0.000000	0.000000	
29.681	1.074250	0.018867	2.032126	0.910225	0.000000	0.000000	
29.692	1.074813	0.018616	2.033764	0.910225	0.000000	0.000000	
29.704	1.074813	0.018616	2.035995	0.909550	0.000000	0.000000	
29.716	1.074813	0.018616	2.048239	0.909550	0.000000	0.000000	
29.727	1.074813	0.000000	2.048833	0.909550	0.000000	0.000000	
29.739	1.074813	0.000000	2.052936	0.909550	0.000000	0.000000	
29.751	1.074813	0.000000	2.044007	0.909550	0.000000	0.000000	
29.762	1.074813	0.000000	2.040027	0.909550	0.000000	0.000000	
29.774	1.075375	0.018840	2.042589	0.909550	0.000000	0.000000	
29.786	1.075375	0.018840	2.054986	0.909550	0.000000	0.000000	
29.797	1.075375	0.000000	2.070408	0.909550	0.000000	0.000000	
29.809	1.075375	0.000000	2.070017	0.909550	0.000000	0.000000	
29.821	1.075375	0.000000	2.063902	0.909550	0.000000	0.000000	
29.832	1.075375	0.000000	2.061766	0.909550	0.000000	0.000000	
29.844	1.075375	0.000000	2.059360	0.909550	0.000000	0.000000	
29.856	1.075375	0.000000	2.059132	0.909550	0.000000	0.000000	
29.867	1.075375	0.000000	2.060421	0.909550	0.000000	0.000000	
29.879	1.075375	0.000000	2.062047	0.909550	0.000000	0.000000	
29.891	1.075375	0.000000	2.064444	0.909550	0.000000	0.000000	
29.900	1.075375	0.000000	2.071415	0.909550	0.000000	0.000000	
29.911	1.075375	0.000000	2.075716	0.909550	0.000000	0.000000	
29.923	1.075375	0.000000	2.080346	0.908875	0.000000	0.000000	
29.935	1.075375	0.000000	2.091525	0.908875	0.000000	0.000000	
29.947	1.075375	0.000000	2.097704	0.908875	0.000000	0.000000	
29.958	1.075375	0.000000	2.110744	0.908875	0.000000	0.000000	
29.970	1.077062	0.065532	2.117874	0.907525	0.000000	0.000000	
29.981	1.092813	0.609089	2.267896	0.896725	0.000000	0.000000	
29.993	1.106875	1.058770	2.550397	0.879175	0.000000	0.000000	
30.005	1.114750	1.077855	3.614044	0.856900	0.000000	0.000000	
30.017	1.123188	0.760035	4.164046	0.840025	0.000000	0.000000	
30.028	1.131625	0.694520	4.940020	0.829900	0.000000	0.000000	
30.040	1.135563	0.591390	5.214094	0.821125	0.000000	0.000000	
30.052	1.136125	0.290241	5.560848	0.815050	0.000000	0.000000	
30.063	1.136125	0.065336	5.578711	0.814375	0.000000	0.000000	
30.075	1.135000	0.000000	5.511256	0.814375	0.000000	0.000000	
30.087	1.127125	0.000000	5.247926	0.820450	0.214274	0.030400	
30.098	1.117563	0.000000	5.118367	0.832600	0.630016	0.108141	
30.110	1.105188	0.000000	4.891512	0.846775	1.024086	0.290445	
30.122	1.090000	0.000000	4.783249	0.857575	1.079724	0.323955	
30.134	1.074250	0.000000	4.569501	0.873100	1.102980	0.324494	
30.145	1.059625	0.000000	4.467520	0.895375	1.485430	0.385046	
30.157	1.040500	0.000000	4.239471	0.916300	1.776982	0.526207	
30.169	1.023062	0.000000	4.118968	0.932500	1.630847	0.526741	
30.180	1.007313	0.000000	3.867939	0.950725	1.496806	1.291859	
30.192	0.988750	0.000000	3.729725	0.962875	1.306328	1.850686	
30.203	0.974688	0.000000	3.437628	0.962200	0.731715	2.470663	
30.215	0.960625	0.000000	3.296852	0.966250	0.236014	2.475685	
30.227	0.949938	0.000000	3.142816	0.985825	0.798647	2.348346	
30.238	0.946000	0.000000	2.821941	1.002700	1.360838	2.545016	
30.250	0.941500	0.000000	2.665753	1.000675	0.876783	2.870803	
30.262	0.940375	0.000000	2.323910	0.994600	0.000000	3.139242	
30.273	0.941500	0.000000	2.149142	0.994600	0.000000	2.914158	
30.285	0.949375	0.327983	1.868340	0.995275	0.000000	2.263225	
30.298	0.961750	0.690668	1.846623	0.994600	0.000220	1.964716	
30.308	0.969625	0.884315	1.959842	0.989200	0.000000	1.685322	
30.320	0.980313	0.884057	2.506336	0.975700	0.000000	1.137654	
30.331	0.992125	0.943633	2.785175	0.964225	0.000000	0.913087	
30.343	1.004500	1.012763	3.312714	0.953425	0.000000	0.507882	
30.355	1.016875	1.050540	3.594270	0.943975	0.000000	0.308735	
30.366	1.028125	1.031193	4.123543	0.935875	0.000000	0.000000	
30.378	1.038250	0.956095	4.335292	0.927100	0.000000	0.000000	
30.390	1.046687	0.815414	4.682868	0.916975	0.000000	0.000000	
30.401	1.052312	0.646704	4.763090	0.906175	0.000000	0.000000	
30.413	1.057375	0.525318	4.788656	0.898750	0.000000	0.000000	
30.425	1.060187	0.346852	4.645816	0.897400	0.000000	0.000000	
30.436	1.060750	0.196379	4.503917	0.897400	0.000000	0.000000	
30.448	1.060750	0.074614	4.077272	0.897400	0.000000	0.000000	
30.459	1.060750	0.000000	3.824456	0.898750	0.045164	0.010100	
30.471	1.057938	0.000000	3.289563	0.904825	0.258808	0.064241	
30.483	1.054562	0.000000	3.042552	0.912925	0.495456	0.118237	
30.494	1.052312	0.000000	2.625178	0.917650	0.562695	0.165405	
30.506	1.048375	0.000000	2.436970	0.921700	0.450009	0.148554	
30.518	1.046687	0.000000	2.106570	0.929125	0.483788	0.135031	
30.530	1.045563	0.000000	1.968976	0.935200	0.539339	0.158622	
30.542	1.044438	0.000000	1.705251	0.935875	0.348506	0.111271	
30.553	1.044438	0.000000	1.586177	0.936550	0.144958	0.056959	
30.565	1.045000	0.009638	1.474962	0.937900	0.067046	0.036722	
30.577	1.047812	0.122562	1.294016	0.937900	0.033896	0.020114	
30.589	1.053437	0.310098	1.243803	0.937900	0.022554	0.013547	
30.600	1.057375	0.394244	1.368519	0.936550	0.000000	0.000000	
30.612	1.060750	0.356779	1.497767	0.930475	0.000000	0.000000	
30.623	1.064687	0.309604	1.736156	0.922375	0.000000	0.000000	
30.635	1.070313	0.403365	1.850018	0.914950	0.000000	0.000000	
30.647	1.075938	0.450014	2.107183	0.908875	0.000000	0.000000	
30.658	1.080438	0.450425	2.277574	0.901450	0.000000	0.000000	
30.670	1.084375	0.384478	2.622855	0.892675	0.000000	0.000000	
30.682	1.087750	0.309411	2.767800	0.885925	0.000000	0.000000	
30.694	1.091125	0.272199	2.984927	0.881875	0.000000	0.000000	
30.705	1.093938	0.252789	3.092393	0.879175	0.000000	0.000000	
30.717	1.094500	0.159030	3.186140	0.875800	0.000000	0.000000	
30.728	1.094500	0.055690	3.294199	0.874450	0.000000	0.000000	
30.740	1.094500	0.000000	3.294036	0.874450	0.000000	0.000000	
30.752	1.094500	0.000000	3.221324	0.874450	0.000000	0.000000	
30.763	1.090562	0.000000	3.195779	0.875800	0.056493	0.000000	
30.775	1.086625	0.000000	3.167580	0.879175	0.157608	0.043994	
30.787	1.084375	0.000000	3.160693	0.884575	0.337400	0.084367	
30.798	1.079313	0.000000	3.156999	0.887950	0.382275	0.111300	
30.810	1.074250	0.000000	3.156254	0.892000	0.336070	0.107461	
30.822	1.070875	0.000000	3.146491	0.898075	0.382159	0.114648	
30.833	1.064687	0.000000	3.136359	0.904825	0.530275	0.142054	
30.845	1.059625	0.000000	3.120060	0.908875	0.507842	0.155595	
30.857	1.056813	0.000000	3.070778	0.912925	0.382373	0.121532	
30.869	1.051750	0.000000	3.034772	0.920350	0.461070	0.114705	
30.880	1.047812	0.000000	2.942349	0.925750	0.505745	0.155104	
30.892	1.045563	0.000000	2.888648	0.928450	0.415543	0.158555	
30.904	1.041625	0.000000	2.756196	0.931150	0.280262	0.080729	
30.915	1.039937	0.000000	2.679725	0.937225	0.347791	0.080715	
30.927	1.039937	0.000000	2.516083	0.940600	0.370057	0.121195	
30.939	1.039375	0.000000	2.423605	0.940600	0.212684	0.090799	
30.950	1.039375	0.000000	2.226200	0.941275	0.078688	0.023606	
30.962	1.039375	0.000000	2.129127	0.941950	0.045318	0.016940	
30.974	1.041625	0.083685	1.942355	0.941950	0.045318	0.013595	
30.985	1.044438	0.168373	1.880231	0.941950	0.022511	0.006753	
30.997	1.047250	0.243415	1.872787	0.941950	0.000000	0.000000	
31.009	1.050625	0.234304	1.908222	0.939250	0.000000	0.000000	
31.020	1.054000	0.280930	1.953742	0.933850	0.000000	0.000000	
31.032	1.056813	0.281021	2.050579	0.927775	0.000000	0.000000	
31.044	1.061313	0.309023	2.094388	0.923725	0.000000	0.000000	
31.055	1.065812	0.366457	2.234650	0.919675	0.000000	0.000000	
31.067	1.067500	0.291598	2.327785	0.913600	0.000000	0.000000	
31.079	1.071437	0.263097	2.458560	0.907525	0.000000	0.000000	
31.090	1.075938	0.290302	2.538661	0.903475	0.000000	0.000000	
31.102	1.077062	0.270762	2.678068	0.900775	0.000000	0.000000	
31.114	1.079313	0.167796	2.745726	0.897400	0.000000	0.000000	
31.125	1.081563	0.139567	2.787545	0.894700	0.000000	0.000000	
31.137	1.081563	0.121277	2.827979	0.892675	0.000000	0.000000	
31.149	1.081563	0.037330	2.838632	0.892675	0.000000	0.000000	
31.160	1.081563	0.000000	2.820972	0.892675	0.000000	0.000000	
31.172	1.081563	0.000000	2.796076	0.892675	0.000000	0.000000	
31.184	1.081000	0.000000	2.759492	0.892675	0.000000	0.000000	
31.195	1.078750	0.000000	2.750907	0.893350	0.022590	0.000000	
31.207	1.077062	0.000000	2.748693	0.896050	0.123892	0.027033	
31.219	1.075938	0.000000	2.752872	0.898075	0.191582	0.040591	
31.230	1.073688	0.000000	2.767598	0.899425	0.146087	0.057346	
31.240	1.072562	0.000000	2.776665	0.900100	0.135160	0.040548	
31.251	1.072000	0.000000	2.786271	0.901450	0.112442	0.033819	
31.263	1.070313	0.000000	2.805592	0.903475	0.135064	0.040519	
31.275	1.068625	0.000000	2.814755	0.904150	0.111536	0.040283	
31.286	1.068063	0.000000	2.831039	0.904825	0.055510	0.016653	
31.298	1.067500	0.000000	2.837367	0.906175	0.078181	0.019973	
31.310	1.066937	0.000000	2.842976	0.906850	0.089593	0.020049	
31.321	1.066937	0.000000	2.849467	0.906850	0.067531	0.020259	
31.333	1.066375	0.000000	2.850573	0.906850	0.022762	0.013560	
31.345	1.066375	0.000000	2.848344	0.906850	0.000000	0.000000	
31.356	1.066375	0.000000	2.845058	0.907525	0.022233	0.006670	
31.368	1.066375	0.000000	2.840155	0.907525	0.022233	0.006670	
31.380	1.066375	0.000000	2.821424	0.907525	0.000000	0.000000	
31.391	1.066375	0.000000	2.809101	0.907525	0.000000	0.000000	
31.403	1.066375	0.000000	2.794649	0.907525	0.000000	0.000000	
31.415	1.066375	0.000000	2.777652	0.907525	0.000000	0.000000	
31.427	1.066375	0.000000	2.759100	0.907525	0.000000	0.000000	
31.438	1.066375	0.000000	2.739586	0.907525	0.000000	0.000000	
31.450	1.066375	0.000000	2.722073	0.907525	0.000000	0.000000	
31.462	1.066375	0.000000	2.702826	0.907525	0.000000	0.000000	
31.473	1.066375	0.000000	2.681309	0.907525	0.000000	0.000000	
31.485	1.066375	0.000000	2.659604	0.907525	0.000000	0.000000	
31.497	1.066375	0.000000	2.637517	0.907525	0.000000	0.000000	
31.509	1.066375	0.000000	2.617954	0.907525	0.000000	0.000000	
31.520	1.066375	0.000000	2.597271	0.907525	0.000000	0.000000	
31.532	1.066375	0.000000	2.577211	0.907525	0.000000	0.000000	
31.544	1.066375	0.000000	2.540636	0.907525	0.000000	0.000000	
31.555	1.066937	0.018705	2.524198	0.907525	0.000000	0.000000	
31.567	1.066937	0.018705	2.510515	0.907525	0.000000	0.000000	
31.579	1.066937	0.018705	2.505261	0.907525	0.000000	0.000000	
31.590	1.066937	0.000000	2.484970	0.907525	0.000000	0.000000	
31.602	1.067500	0.018612	2.467709	0.907525	0.000000	0.000000	
31.614	1.067500	0.018612	2.458729	0.907525	0.000000	0.000000	
31.625	1.067500	0.018612	2.451061	0.907525	0.000000	0.000000	
31.637	1.067500	0.000000	2.438588	0.907525	0.000000	0.000000	
31.649	1.068063	0.152879	2.428455	0.907525	0.000000	0.000000	
31.661	1.068063	0.146449	2.453203	0.907525	0.000000	0.000000	
31.672	1.068063	0.146449	2.454237	0.907525	0.000000	0.000000	
31.684	1.068063	0.000000	2.560889	0.907525	0.000000	0.000000	
31.696	1.068063	0.000000	2.589074	0.907525	0.000000	0.000000	
31.707	1.068063	0.000000	2.549964	0.907525	0.000000	0.000000	
31.719	1.068063	0.000000	2.518925	0.907525	0.000000	0.000000	
31.731	1.068063	0.000000	2.488845	0.907525	0.000000	0.000000	
31.743	1.068063	0.000000	2.463735	0.907525	0.000000	0.000000	
31.755	1.068063	0.000000	2.416107	0.907525	0.000000	0.000000	
31.767	1.068063	0.000000	2.392157	0.907525	0.000000	0.000000	
31.778	1.068063	0.000000	2.371705	0.907525	0.000000	0.000000	
31.790	1.068625	0.018733	2.360602	0.907525	0.000000	0.000000	
31.802	1.068625	0.018733	2.341643	0.907525	0.000000	0.000000	
31.813	1.069188	0.018790	2.338176	0.907525	0.000000	0.000000	
31.825	1.069188	0.018700	2.331678	0.907525	0.000000	0.000000	
31.836	1.069188	0.018700	2.328412	0.907525	0.000000	0.000000	
31.848	1.069750	0.018491	2.325148	0.907525	0.000000	0.000000	
31.860	1.070313	0.037146	2.322377	0.907525	0.000000	0.000000	
31.872	1.070313	0.009272	2.334498	0.907525	0.000000	0.000000	
31.883	1.070875	0.018429	2.339051	0.907525	0.000000	0.000000	
31.895	1.070875	0.018429	2.333767	0.907525	0.000000	0.000000	
31.907	1.071437	0.037141	2.322848	0.907525	0.000000	0.000000	
31.918	1.073688	0.113009	2.325114	0.906850	0.000000	0.000000	
31.930	1.088313	0.609964	2.476901	0.898075	0.000000	0.000000	
31.942	1.104625	1.125744	2.774555	0.877825	0.000000	0.000000	
31.953	1.113625	1.199551	3.265474	0.856225	0.000000	0.000000	
31.965	1.123188	1.011610	4.132875	0.839350	0.000000	0.000000	
31.977	1.132187	0.780955	4.948778	0.828550	0.000000	0.000000	
31.988	1.135563	0.470758	5.622974	0.819775	0.000000	0.000000	
32.000	1.135563	0.139615	5.793657	0.812350	0.000000	0.000000	
32.012	1.136125	0.023464	5.786473	0.811000	0.000000	0.000000	
32.023	1.135563	0.001260	5.445147	0.811675	0.000000	0.000000	
32.035	1.128813	0.000000	5.232152	0.816400	0.245870	0.071485	
32.047	1.119250	0.000000	5.064827	0.829225	0.910435	0.208987	
32.058	1.106313	0.000000	4.874819	0.843400	1.440821	0.384478	
32.070	1.091125	0.000000	4.715628	0.852850	1.506151	0.468344	
32.082	1.076500	0.000000	4.550979	0.865675	1.145344	0.445423	
32.094	1.061313	0.000000	4.425377	0.889300	1.684002	0.409745	
32.106	1.042187	0.000000	4.110620	0.914275	2.422565	0.726769	
32.117	1.024750	0.000000	3.973994	0.928450	2.042839	0.661468	
32.129	1.009000	0.000000	3.844350	0.941950	1.413625	1.252713	
32.141	0.991000	0.000000	3.575440	0.949375	0.878582	2.063154	
32.152	0.978063	0.000000	3.428519	0.952075	0.595799	2.119944	
32.164	0.966812	0.000000	3.130174	0.968950	0.763763	1.931999	
32.176	0.956688	0.000000	2.968479	0.991900	1.416363	1.923376	
32.187	0.953875	0.000000	2.628657	0.996625	1.314811	2.378951	
32.199	0.952750	0.000000	2.436693	0.993250	0.538373	2.562966	
32.211	0.950500	0.000000	2.239588	0.993250	0.000000	2.450084	
32.222	0.952187	0.000000	1.977763	0.994600	0.007724	2.089300	
32.234	0.961187	0.594372	1.730776	0.996625	0.126415	1.551795	
32.246	0.969063	0.931706	1.649356	0.997300	0.127356	0.630029	
32.258	0.979750	1.225843	2.103248	0.997300	0.030620	0.270851	
32.269	0.988187	1.053771	2.616131	0.995950	0.000000	0.000000	
32.281	0.992688	0.672801	3.038814	0.991900	0.000000	0.000000	
32.293	1.003375	0.817366	3.322027	0.980425	0.000000	0.000000	
32.304	1.012375	0.925262	3.410088	0.964225	0.000000	0.000000	
32.316	1.018563	0.893761	3.544746	0.951400	0.000000	0.000000	
32.328	1.028125	0.808097	3.731733	0.944650	0.000000	0.000000	
32.339	1.031500	0.606572	4.005335	0.939925	0.000000	0.000000	
32.351	1.034875	0.373145	3.985575	0.932500	0.000000	0.000000	
32.363	1.041062	0.339603	3.839879	0.925750	0.000000	0.000000	
32.374	1.042187	0.323208	3.712573	0.925075	0.000000	0.000000	
32.386	1.042750	0.199685	3.374089	0.925075	0.000000	0.000000	
32.398	1.043875	0.074412	3.182575	0.925075	0.000000	0.000000	
32.410	1.043875	0.055854	2.760789	0.925750	0.023813	0.010521	
32.421	1.043875	0.018577	2.537435	0.927775	0.091423	0.013929	
32.433	1.044438	0.018796	2.116592	0.931150	0.203777	0.054341	
32.445	1.044438	0.018796	1.926549	0.933175	0.225071	0.067591	
32.456	1.045000	0.037588	1.590988	0.933850	0.157805	0.047342	
32.468	1.047250	0.094646	1.447524	0.934525	0.056022	0.037174	
32.480	1.051188	0.235340	1.278405	0.934525	0.044894	0.013468	
32.491	1.054562	0.272328	1.268565	0.934525	0.022416	0.006725	
32.503	1.057375	0.272123	1.289577	0.934525	0.000000	0.000000	
32.515	1.061313	0.271918	1.406423	0.931150	0.000000	0.000000	
32.526	1.066375	0.340991	1.483773	0.923725	0.000000	0.000000	
32.538	1.070313	0.373600	1.556250	0.916975	0.000000	0.000000	
32.550	1.075938	0.781192	1.908693	0.910900	0.000000	0.000000	
32.562	1.081000	0.978878	2.130815	0.903475	0.000000	0.000000	
32.573	1.084375	0.689927	2.690660	0.894700	0.000000	0.000000	
32.585	1.084937	0.406690	3.051084	0.887275	0.000000	0.000000	
32.594	1.086625	0.541377	3.485072	0.883225	0.000000	0.000000	
32.606	1.086625	0.424031	3.595380	0.880525	0.000000	0.000000	
32.617	1.087750	0.220111	3.741724	0.878500	0.000000	0.000000	
32.629	1.087750	0.067458	3.788822	0.877825	0.000000	0.000000	
32.640	1.087188	0.044567	3.782161	0.877825	0.000000	0.000000	
32.652	1.083812	0.000000	3.496056	0.878500	0.013081	0.000000	
32.665	1.080438	0.000000	3.326523	0.883900	0.136000	0.027190	
32.676	1.076500	0.000000	3.168070	0.892000	0.402819	0.087856	
32.688	1.072000	0.000000	3.029514	0.896725	0.501362	0.143821	
32.700	1.066375	0.000000	2.942626	0.900775	0.583281	0.164211	
32.711	1.061875	0.000000	2.784132	0.906850	0.518780	0.145610	
32.723	1.057938	0.000000	2.712523	0.914950	0.574088	0.151979	
32.735	1.054000	0.000000	2.561830	0.921025	0.606886	0.182090	
32.746	1.050625	0.000000	2.483948	0.923050	0.415499	0.144849	
32.758	1.048938	0.000000	2.327483	0.927775	0.313643	0.094093	
32.770	1.047812	0.000000	2.241712	0.933175	0.393220	0.111226	
32.781	1.047250	0.000000	2.154245	0.934525	0.336618	0.104470	
32.793	1.047250	0.000000	1.969592	0.934525	0.157557	0.057334	
32.805	1.047250	0.000000	1.874255	0.934525	0.000000	0.016734	
32.816	1.050063	0.093836	1.701919	0.934525	0.000000	0.000000	
32.828	1.054562	0.243234	1.662017	0.934525	0.000000	0.000000	
32.840	1.056813	0.271907	1.718406	0.933175	0.000000	0.000000	
32.851	1.059625	0.235493	1.771768	0.928450	0.000000	0.000000	
32.863	1.064687	0.286831	1.827577	0.921700	0.000000	0.000000	
32.875	1.067500	0.293551	1.962945	0.916300	0.000000	0.000000	
32.887	1.072000	0.280623	2.029397	0.911575	0.000000	0.000000	
32.898	1.078750	0.394418	2.101823	0.905500	0.000000	0.000000	
32.910	1.081563	0.435525	2.208117	0.898750	0.000000	0.000000	
32.922	1.084937	0.566350	2.382905	0.892675	0.000000	0.000000	
32.934	1.088875	0.377517	2.621066	0.888625	0.000000	0.000000	
32.945	1.088875	0.331803	2.801870	0.884575	0.000000	0.000000	
32.957	1.090562	0.071550	2.991306	0.881200	0.000000	0.000000	
32.969	1.092250	0.175173	3.022929	0.879850	0.000000	0.000000	
32.980	1.092250	0.164657	2.987516	0.879850	0.000000	0.000000	
32.992	1.092250	0.126055	3.010187	0.879850	0.000000	0.000000	
33.004	1.091688	0.000000	2.988234	0.879850	0.000000	0.000000	
33.015	1.087750	0.000000	2.981022	0.880525	0.080201	0.000000	
33.027	1.085500	0.000000	2.849964	0.883900	0.190900	0.050524	
33.039	1.084375	0.000000	2.798870	0.887950	0.326462	0.077529	
33.050	1.080438	0.000000	2.710930	0.889975	0.304007	0.081211	
33.062	1.077625	0.000000	2.672985	0.892000	0.224071	0.064021	
33.074	1.077062	0.000000	2.589956	0.896725	0.281528	0.084458	
33.085	1.074250	0.000000	2.546707	0.900100	0.306124	0.095116	
33.097	1.072562	0.000000	2.503434	0.900775	0.249477	0.095219	
33.108	1.072000	0.000000	2.454156	0.902125	0.183960	0.061138	
33.120	1.071437	0.000000	2.358103	0.904825	0.396136	0.078209	
33.132	1.071437	0.000000	2.271519	0.904825	0.388038	0.116411	
33.143	1.071437	0.000000	2.197828	0.904825	0.179737	0.081986	
33.155	1.072562	0.015674	2.035467	0.904825	0.000000	0.000000	
33.167	1.074813	0.061612	1.966718	0.904825	0.000000	0.000000	
33.179	1.077062	0.111085	1.923387	0.904825	0.000000	0.000000	
33.190	1.078750	0.103858	1.902091	0.904150	0.000000	0.000000	
33.202	1.081000	0.101711	1.893414	0.902125	0.000000	0.000000	
33.214	1.083250	0.159135	1.900035	0.899425	0.000000	0.000000	
33.226	1.085500	0.164378	1.920689	0.896050	0.000000	0.000000	
33.237	1.087750	0.199339	1.981211	0.893350	0.000000	0.000000	
33.249	1.088875	0.021648	2.033676	0.891325	0.000000	0.000000	
33.261	1.091688	0.132725	2.001375	0.888625	0.000000	0.000000	
33.273	1.095062	0.372933	2.002118	0.885925	0.000000	0.000000	
33.284	1.095625	0.344221	2.172932	0.884575	0.000000	0.000000	
33.296	1.095625	0.074884	2.379909	0.883225	0.000000	0.000000	
33.308	1.095625	0.000000	2.406740	0.881200	0.000000	0.000000	
33.320	1.096187	0.018609	2.333563	0.879850	0.000000	0.000000	
33.331	1.097312	0.054897	2.289310	0.879850	0.000000	0.000000	
33.343	1.097312	0.054897	2.264422	0.879850	0.000000	0.000000	
33.355	1.097312	0.017818	2.254117	0.879850	0.000000	0.000000	
33.366	1.097312	0.000000	2.211262	0.879850	0.000000	0.000000	
33.378	1.097312	0.000000	2.184144	0.879850	0.000000	0.000000	
33.390	1.097312	0.000000	2.160758	0.879850	0.000000	0.000000	
33.401	1.097312	0.000000	2.124525	0.879850	0.000000	0.000000	
33.413	1.097312	0.000000	2.111564	0.879850	0.000000	0.000000	
33.425	1.097312	0.000000	2.092026	0.879850	0.000000	0.000000	
33.436	1.097312	0.000000	2.085918	0.879850	0.000000	0.000000	
33.448	1.097312	0.000000	2.080613	0.879850	0.000000	0.000000	
33.460	1.097875	0.012731	2.078283	0.879850	0.000000	0.000000	
33.471	1.099000	0.036868	2.094494	0.879850	0.000000	0.000000	
33.483	1.099000	0.036868	2.122013	0.879850	0.000000	0.000000	
33.495	1.099000	0.011812	2.147131	0.879850	0.000000	0.000000	
33.507	1.099000	0.000000	2.159280	0.879850	0.000000	0.000000	
33.518	1.099000	0.000000	2.170158	0.879850	0.000000	0.000000	
33.530	1.099000	0.000000	2.176601	0.879850	0.000000	0.000000	
33.542	1.099000	0.000000	2.191505	0.879850	0.000000	0.000000	
33.553	1.099000	0.000000	2.201385	0.879850	0.000000	0.000000	
33.565	1.099000	0.000000	2.211322	0.879850	0.000000	0.000000	
33.577	1.099000	0.000000	2.224251	0.879850	0.000000	0.000000	
33.589	1.099000	0.000000	2.239328	0.879850	0.000000	0.000000	
33.600	1.099000	0.000000	2.267478	0.879850	0.000000	0.000000	
33.612	1.099000	0.000000	2.279869	0.879850	0.000000	0.000000	
33.624	1.099000	0.000000	2.306724	0.879850	0.000000	0.000000	
33.635	1.099000	0.000000	2.320284	0.879850	0.000000	0.000000	
33.647	1.099000	0.000000	2.334325	0.879850	0.000000	0.000000	
33.659	1.099000	0.000000	2.361931	0.879850	0.000000	0.000000	
33.671	1.098438	0.000000	2.376507	0.879850	0.000000	0.000000	
33.682	1.097312	0.000000	2.406333	0.879850	0.000000	0.000000	
33.694	1.097312	0.000000	2.420268	0.879850	0.000000	0.000000	
33.705	1.096750	0.000000	2.450028	0.879850	0.000000	0.000000	
33.717	1.095625	0.000000	2.464636	0.879850	0.000000	0.000000	
33.729	1.095625	0.000000	2.493615	0.879850	0.000000	0.000000	
33.740	1.095062	0.000000	2.507378	0.879850	0.000000	0.000000	
33.752	1.093938	0.000000	2.533596	0.879850	0.000000	0.000000	
33.764	1.093375	0.000000	2.547312	0.879850	0.000000	0.000000	
33.776	1.093375	0.000000	2.567749	0.879850	0.000000	0.000000	
33.787	1.092813	0.000000	2.583004	0.880525	0.013634	0.004090	
33.799	1.092813	0.000000	2.596897	0.881200	0.029047	0.008714	
33.810	1.092250	0.000000	2.613356	0.881200	0.015412	0.008714	
33.822	1.091688	0.000000	2.623690	0.881200	0.000000	0.004624	
33.834	1.091688	0.000000	2.632803	0.881200	0.000000	0.000000	
33.845	1.091125	0.000000	2.641416	0.881875	0.014904	0.000000	
33.857	1.091125	0.000000	2.650228	0.881875	0.014904	0.004471	
33.869	1.090562	0.000000	2.658047	0.881875	0.000000	0.004471	
33.881	1.090562	0.000000	2.663774	0.882550	0.014645	0.000000	
33.892	1.090000	0.000000	2.674792	0.882550	0.014645	0.004393	
33.904	1.090000	0.000000	2.679527	0.882550	0.014645	0.004393	
33.916	1.089437	0.000000	2.683473	0.882550	0.000000	0.000000	
33.928	1.089437	0.000000	2.687748	0.882550	0.000000	0.000000	
33.939	1.089437	0.000000	2.692914	0.883225	0.033510	0.000000	
33.951	1.089437	0.000000	2.695377	0.883225	0.022224	0.006667	
33.963	1.088875	0.000000	2.699820	0.883225	0.022224	0.006667	
33.974	1.088875	0.000000	2.701791	0.883225	0.000000	0.000000	
33.986	1.088875	0.000000	2.703628	0.883225	0.000000	0.000000	
33.998	1.088875	0.000000	2.707176	0.883225	0.000000	0.000000	
34.009	1.088875	0.000000	2.708777	0.883225	0.000000	0.000000	
34.021	1.088875	0.000000	2.711158	0.883225	0.000000	0.000000	
34.033	1.088875	0.000000	2.716283	0.883225	0.000000	0.000000	
34.045	1.088875	0.000000	2.719577	0.883225	0.000000	0.000000	
34.056	1.088875	0.000000	2.723848	0.883225	0.000000	0.000000	
34.068	1.088875	0.000000	2.728359	0.883225	0.000000	0.000000	
34.080	1.088875	0.000000	2.732620	0.883225	0.000000	0.000000	
34.092	1.088313	0.000000	2.737142	0.883225	0.000000	0.000000	
34.103	1.088313	0.000000	2.742146	0.883225	0.000000	0.000000	
34.115	1.088313	0.000000	2.746251	0.883225	0.000000	0.000000	
34.127	1.088313	0.000000	2.750683	0.883900	0.187375	0.000000	
34.139	1.088313	0.000000	2.754091	0.883900	0.179546	0.053864	
34.150	1.087750	0.000000	2.757581	0.883900	0.179546	0.053864	
34.162	1.087750	0.000000	2.764952	0.883900	0.000000	0.000000	
34.174	1.087750	0.000000	2.768323	0.883900	0.000000	0.000000	
34.185	1.087750	0.000000	2.770920	0.884575	0.022538	0.000000	
34.197	1.087188	0.000000	2.775488	0.884575	0.022538	0.006762	
34.209	1.087188	0.000000	2.777743	0.884575	0.022538	0.006762	
34.220	1.087188	0.000000	2.783160	0.884575	0.000000	0.000000	
34.232	1.087188	0.000000	2.785985	0.884575	0.000000	0.000000	
34.244	1.086625	0.000000	2.789199	0.885250	0.022323	0.006697	
34.256	1.086625	0.000000	2.795172	0.885250	0.022323	0.006697	
34.267	1.086625	0.000000	2.798066	0.885250	0.000000	0.006697	
34.279	1.086063	0.000000	2.808778	0.885250	0.000000	0.000000	
34.291	1.086063	0.000000	2.810792	0.885250	0.000000	0.000000	
34.302	1.086063	0.000000	2.813279	0.885250	0.000000	0.000000	
34.314	1.086063	0.000000	2.816789	0.885250	0.000000	0.000000	
34.326	1.086063	0.000000	2.814228	0.885925	0.022524	0.006757	
34.337	1.086063	0.000000	2.813767	0.885925	0.022524	0.006757	
34.349	1.085500	0.000000	2.812816	0.885925	0.000000	0.006757	
34.361	1.085500	0.000000	2.810624	0.885925	0.000000	0.000000	
34.372	1.085500	0.000000	2.806753	0.885925	0.000000	0.000000	
34.384	1.085500	0.000000	2.802420	0.885925	0.000000	0.000000	
34.395	1.085500	0.000000	2.799073	0.885925	0.000000	0.000000	
34.407	1.085500	0.000000	2.795477	0.885925	0.000000	0.000000	
34.419	1.085500	0.000000	2.791846	0.886600	0.015616	0.004685	
34.431	1.085500	0.000000	2.788401	0.886600	0.015616	0.004685	
34.442	1.085500	0.000000	2.785518	0.886600	0.000000	0.004685	
34.454	1.085500	0.000000	2.780350	0.886600	0.000000	0.000000	
34.466	1.085500	0.000000	2.778016	0.886600	0.000000	0.000000	
34.477	1.085500	0.000000	2.776482	0.886600	0.000000	0.000000	
34.489	1.085500	0.000000	2.775550	0.886600	0.000000	0.000000	
34.501	1.085500	0.000000	2.775440	0.886600	0.000000	0.000000	
34.513	1.085500	0.000000	2.776624	0.886600	0.000000	0.000000	
34.524	1.085500	0.000000	2.777760	0.886600	0.000000	0.000000	
34.536	1.085500	0.000000	2.781178	0.886600	0.000000	0.000000	
34.548	1.085500	0.000000	2.783539	0.886600	0.000000	0.000000	
34.559	1.085500	0.000000	2.786353	0.886600	0.000000	0.000000	
34.571	1.085500	0.000000	2.792911	0.886600	0.000000	0.000000	
34.583	1.085500	0.000000	2.796129	0.886600	0.000000	0.000000	
34.594	1.085500	0.000000	2.803300	0.886600	0.000000	0.000000	
34.606	1.108000	0.855226	2.803300	0.894700	0.289641	0.000000	
34.618	1.168187	2.916799	2.803300	0.919675	1.157683	0.000000	
34.629	1.223875	4.799762	2.803300	0.943300	1.981413	0.000000	
34.640	1.267750	4.811254	2.803300	0.961525	2.088289	0.000000	
34.652	1.308250	4.269607	2.803300	0.976375	1.777227	0.000000	
34.696	1.333562	3.236834	2.803300	0.983800	1.184056	0.000000	
34.708	1.360563	0.000000	2.803300	0.985825	0.000000	0.000000	
34.719	1.360563	0.000000	2.803300	0.985825	0.000000	0.000000	
34.730	1.360563	0.000000	2.803300	0.985825	0.000000	0.000000	
34.741	1.360563	0.000000	2.803300	0.985825	0.000000	0.000000	
34.752	1.360563	0.000000	2.803300	0.985825	0.000000	0.000000	
34.763	1.360563	0.000000	2.803300	0.985825	0.000000	0.000000	
34.774	1.360563	0.000000	2.803300	0.985825	0.000000	0.000000	
34.828	1.379688	0.356285	2.803300	0.985825	0.000000	0.000000	
34.839	1.380813	0.000000	2.803300	0.985825	0.000000	0.000000	
34.850	1.380813	0.000000	2.803300	0.985825	0.000000	0.000000	
34.862	1.380813	0.000000	2.803300	0.985825	0.000000	0.000000	
34.874	1.380813	0.000000	2.803300	0.985825	0.000000	0.000000	
34.885	1.380813	0.000000	2.803300	0.985825	0.000000	0.000000	
34.896	1.380813	0.000000	2.803300	0.985825	0.000000	0.000000	
34.908	1.380813	0.000000	2.803300	0.985825	0.000000	0.000000	
34.944	1.380813	0.000000	2.803300	0.985825	0.000000	0.000000	
34.955	1.380813	0.000000	2.803300	0.985825	0.000000	0.000000	
34.966	1.380813	0.000000	2.803300	0.985825	0.000000	0.000000	
35.056	1.380813	0.000000	2.803300	0.985825	0.000000	0.000000	
