14.215	1.070313	0.000000	2.162892	0.921025	0.000000	0.000000	
14.227	1.070313	0.000000	2.169461	0.921025	0.000000	0.000000	
14.239	1.070313	0.000000	2.172554	0.921025	0.000000	0.000000	
14.251	1.070313	0.000000	2.178144	0.921025	0.000000	0.000000	
14.263	1.070313	0.000000	2.180868	0.921025	0.000000	0.000000	
14.275	1.070313	0.000000	2.185905	0.921025	0.000000	0.000000	
14.286	1.070313	0.000000	2.188017	0.921025	0.000000	0.000000	
14.298	1.070313	0.000000	2.191720	0.921025	0.000000	0.000000	
14.310	1.070313	0.000000	2.193022	0.921025	0.000000	0.000000	
14.321	1.070313	0.000000	2.194653	0.921025	0.000000	0.000000	
14.333	1.070313	0.000000	2.195008	0.921025	0.000000	0.000000	
14.345	1.070313	0.000000	2.194803	0.921025	0.000000	0.000000	
14.357	1.070313	0.000000	2.194392	0.921025	0.000000	0.000000	
14.368	1.070313	0.000000	2.193499	0.921025	0.000000	0.000000	
14.380	1.070313	0.000000	2.193123	0.921025	0.000000	0.000000	
14.392	1.070313	0.000000	2.192697	0.921025	0.000000	0.000000	
14.404	1.070313	0.000000	2.192135	0.921025	0.000000	0.000000	
14.415	1.070313	0.000000	2.192187	0.921025	0.000000	0.000000	
14.427	1.070313	0.000000	2.193011	0.921025	0.000000	0.000000	
14.439	1.070313	0.000000	2.193807	0.921025	0.000000	0.000000	
14.451	1.070313	0.000000	2.196503	0.921025	0.000000	0.000000	
14.463	1.070313	0.000000	2.198450	0.921025	0.000000	0.000000	
14.474	1.070313	0.000000	2.203190	0.921025	0.000000	0.000000	
14.486	1.070313	0.000000	2.205984	0.921025	0.000000	0.000000	
14.498	1.070313	0.000000	2.212413	0.921025	0.000000	0.000000	
14.507	1.070313	0.000000	2.215806	0.921025	0.000000	0.000000	
14.519	1.070313	0.000000	2.219605	0.921025	0.000000	0.000000	
14.531	1.070313	0.000000	2.228091	0.921025	0.000000	0.000000	
14.543	1.070313	0.000000	2.232441	0.921025	0.000000	0.000000	
14.554	1.070313	0.000000	2.242330	0.921025	0.000000	0.000000	
14.566	1.070313	0.000000	2.247605	0.921025	0.000000	0.000000	
14.578	1.070313	0.000000	2.258313	0.921025	0.000000	0.000000	
14.590	1.070313	0.000000	2.264075	0.921025	0.000000	0.000000	
14.601	1.070313	0.000000	2.275826	0.921025	0.000000	0.000000	
14.613	1.070313	0.000000	2.281758	0.921025	0.000000	0.000000	
14.625	1.070313	0.000000	2.293210	0.921025	0.000000	0.000000	
14.637	1.070313	0.000000	2.298847	0.921025	0.000000	0.000000	
14.648	1.070313	0.000000	2.309079	0.921025	0.000000	0.000000	
14.660	1.070313	0.000000	2.314163	0.921025	0.000000	0.000000	
14.672	1.070313	0.000000	2.319052	0.921025	0.000000	0.000000	
14.684	1.070313	0.000000	2.327944	0.921025	0.000000	0.000000	
14.695	1.070313	0.000000	2.331479	0.921025	0.000000	0.000000	
14.707	1.070313	0.000000	2.337103	0.921025	0.000000	0.000000	
14.719	1.070313	0.000000	2.339063	0.921025	0.000000	0.000000	
14.731	1.070313	0.000000	2.341509	0.921025	0.000000	0.000000	
14.742	1.070313	0.000000	2.342012	0.921025	0.000000	0.000000	
14.754	1.070313	0.000000	2.341520	0.921025	0.000000	0.000000	
14.766	1.070313	0.000000	2.340558	0.921025	0.000000	0.000000	
14.778	1.070313	0.000000	2.337098	0.921025	0.000000	0.000000	
14.789	1.070313	0.000000	2.334816	0.921025	0.000000	0.000000	
14.801	1.070313	0.000000	2.329820	0.921025	0.000000	0.000000	
14.813	1.070313	0.000000	2.326961	0.921025	0.000000	0.000000	
14.825	1.070313	0.000000	2.320560	0.921025	0.000000	0.000000	
14.836	1.070313	0.000000	2.317240	0.921025	0.000000	0.000000	
14.848	1.070313	0.000000	2.313617	0.921025	0.000000	0.000000	
14.860	1.069750	0.000000	2.306304	0.921025	0.000000	0.000000	
14.872	1.063000	0.000000	2.302819	0.925075	0.146369	0.006732	
14.883	1.043313	0.000000	2.295349	0.942625	0.754587	0.152147	
14.895	1.023625	0.000000	2.288726	0.968950	1.622661	0.317672	
14.907	1.005062	0.000000	2.262990	0.987850	1.913666	0.571441	
14.919	0.984250	0.000000	2.239668	1.002025	1.608210	0.544322	
14.930	0.968500	0.000000	2.171057	1.021600	1.437484	1.293538	
14.942	0.955562	0.000000	2.127197	1.031050	1.182182	1.920819	
14.954	0.944313	0.000000	2.020621	1.022275	0.416817	2.647821	
14.966	0.935313	0.000000	1.952257	1.018225	0.000000	2.582798	
14.977	0.933625	0.000000	1.786861	1.030375	0.101966	2.062801	
14.989	0.934187	0.000000	1.697443	1.039150	0.731311	2.002783	
14.998	0.936437	0.083530	1.594897	1.035775	0.497424	2.054193	
15.010	0.945437	0.411805	1.485206	1.024975	0.000000	2.041778	
15.022	0.954437	0.693372	1.568367	1.016875	0.000000	1.830431	
15.034	0.964562	0.833693	2.000173	1.009450	0.000000	1.337714	
15.045	0.975812	0.881330	2.299825	0.997300	0.000000	1.092173	
15.054	0.983688	0.947016	2.628090	0.987175	0.000000	0.848911	
15.066	0.997187	1.030430	3.288855	0.975025	0.000000	0.372582	
15.078	1.009562	1.069302	3.636543	0.965575	0.000000	0.154462	
15.089	1.020813	1.003524	4.332141	0.956800	0.000000	0.000000	
15.101	1.029812	0.927713	4.617775	0.947350	0.000000	0.000000	
15.113	1.037688	0.768346	5.039457	0.933175	0.000000	0.000000	
15.125	1.042750	0.572352	5.140302	0.920350	0.000000	0.000000	
15.136	1.046687	0.432603	5.142024	0.916975	0.000000	0.000000	
15.148	1.048375	0.252582	5.072035	0.916975	0.000000	0.000000	
15.160	1.048375	0.149261	4.965008	0.916975	0.000000	0.000000	
15.172	1.046687	0.000000	4.583917	0.916975	0.000000	0.000000	
15.184	1.041062	0.000000	4.385921	0.922375	0.191237	0.013516	
15.195	1.036562	0.000000	3.928628	0.933175	0.551187	0.141740	
15.207	1.030938	0.000000	3.728191	0.940600	0.753635	0.205866	
15.219	1.022500	0.000000	3.378731	0.947350	0.697246	0.205735	
15.231	1.015188	0.000000	3.212376	0.958150	0.708460	0.185617	
15.242	1.009000	0.000000	2.893867	0.973000	0.978616	0.280100	
15.254	1.001688	0.000000	2.750315	0.981100	0.990067	0.310410	
15.266	0.996625	0.000000	2.447130	0.984475	0.663694	0.206145	
15.275	0.992688	0.000000	2.295815	0.991225	0.528741	0.158661	
15.287	0.989875	0.000000	2.145992	1.004050	0.776625	0.195991	
15.298	0.988750	0.000000	1.855780	1.008100	0.731603	0.226239	
15.310	0.988187	0.000000	1.706490	1.008100	0.371663	0.165572	
15.322	0.988187	0.000000	1.396071	1.008775	0.033544	0.010063	
15.334	0.990438	0.066113	1.248861	1.012150	0.144369	0.026693	
15.345	0.996625	0.290642	1.052189	1.012150	0.133104	0.039931	
15.357	1.002250	0.449274	1.067374	1.010125	0.000000	0.019978	
15.369	1.007875	0.505622	1.143460	1.004050	0.000000	0.000000	
15.381	1.013500	0.468158	1.365193	0.993250	0.000000	0.000000	
15.393	1.020813	0.525399	1.480799	0.983125	0.000000	0.000000	
15.404	1.030375	0.666705	1.703541	0.973000	0.000000	0.000000	
15.416	1.037688	0.713869	1.878502	0.962200	0.000000	0.000000	
15.428	1.045563	0.704312	2.288113	0.948700	0.000000	0.000000	
15.439	1.053437	0.661477	2.487128	0.935875	0.000000	0.000000	
15.451	1.060750	0.662378	2.859878	0.925750	0.000000	0.000000	
15.463	1.066937	0.619367	3.030696	0.916300	0.000000	0.000000	
15.475	1.073125	0.515420	3.301687	0.906850	0.000000	0.000000	
15.486	1.078750	0.487740	3.408171	0.900100	0.000000	0.000000	
15.498	1.081000	0.365968	3.540841	0.896050	0.000000	0.000000	
15.510	1.082125	0.196505	3.560658	0.894025	0.000000	0.000000	
15.522	1.082687	0.094133	3.444596	0.893350	0.000000	0.000000	
15.533	1.082687	0.009378	3.327768	0.893350	0.000000	0.000000	
15.545	1.082687	0.000000	3.197432	0.894025	0.022487	0.000000	
15.557	1.079875	0.000000	2.960675	0.897400	0.145831	0.026890	
15.569	1.074813	0.000000	2.849615	0.903475	0.348967	0.070775	
15.580	1.072000	0.000000	2.666506	0.908200	0.416803	0.128371	
15.592	1.069188	0.000000	2.586088	0.912250	0.406034	0.128671	
15.604	1.064125	0.000000	2.447980	0.916975	0.394764	0.104871	
15.616	1.060750	0.000000	2.382428	0.922375	0.439905	0.114951	
15.627	1.059062	0.000000	2.257979	0.927100	0.427116	0.128150	
15.639	1.056813	0.000000	2.192245	0.928450	0.303517	0.104480	
15.651	1.055688	0.000000	2.059068	0.930475	0.203062	0.057481	
15.663	1.055688	0.000000	1.985885	0.933850	0.214105	0.050760	
15.675	1.055688	0.000000	1.834741	0.934525	0.145398	0.053902	
15.686	1.055688	0.000000	1.754632	0.934525	0.055651	0.030161	
15.698	1.057938	0.083770	1.616855	0.934525	0.000000	0.000000	
15.710	1.061875	0.206313	1.580553	0.934525	0.000000	0.000000	
15.722	1.064125	0.272640	1.628920	0.932500	0.000000	0.000000	
15.733	1.066937	0.227375	1.671996	0.928450	0.000000	0.000000	
15.745	1.070313	0.245330	1.708194	0.923725	0.000000	0.000000	
15.757	1.073688	0.300437	1.798098	0.920350	0.000000	0.000000	
15.769	1.077062	0.281590	1.865397	0.916300	0.000000	0.000000	
15.781	1.081000	0.281609	1.986902	0.910900	0.000000	0.000000	
15.793	1.084375	0.290995	2.045480	0.906850	0.000000	0.000000	
15.804	1.087188	0.291184	2.186182	0.903475	0.000000	0.000000	
15.816	1.088875	0.196445	2.245283	0.900100	0.000000	0.000000	
15.828	1.091125	0.187098	2.312535	0.896725	0.000000	0.000000	
15.839	1.093375	0.196071	2.347382	0.894700	0.000000	0.000000	
15.851	1.093938	0.103132	2.386659	0.894025	0.000000	0.000000	
15.863	1.093938	0.056043	2.381351	0.894025	0.000000	0.000000	
15.875	1.093938	0.018794	2.342975	0.894025	0.000000	0.000000	
15.886	1.093938	0.000000	2.309822	0.894025	0.000000	0.000000	
15.898	1.093938	0.000000	2.247246	0.894025	0.000000	0.000000	
15.910	1.093938	0.000000	2.221228	0.894025	0.000000	0.000000	
15.922	1.092813	0.000000	2.186391	0.894025	0.000000	0.000000	
15.933	1.091688	0.000000	2.175100	0.895375	0.045031	0.006800	
15.945	1.091688	0.000000	2.162916	0.895375	0.045031	0.013509	
15.957	1.091688	0.000000	2.161089	0.895375	0.022364	0.013509	
15.969	1.091688	0.000000	2.164455	0.895375	0.000000	0.000000	
15.981	1.091688	0.000000	2.168092	0.895375	0.000000	0.000000	
15.992	1.091688	0.000000	2.173329	0.895375	0.000000	0.000000	
16.004	1.091688	0.000000	2.187092	0.895375	0.000000	0.000000	
16.016	1.091688	0.000000	2.194547	0.895375	0.000000	0.000000	
16.028	1.091688	0.000000	2.210117	0.895375	0.000000	0.000000	
16.039	1.091688	0.000000	2.218553	0.895375	0.000000	0.000000	
16.051	1.091688	0.000000	2.235079	0.895375	0.000000	0.000000	
16.063	1.091688	0.000000	2.242702	0.895375	0.000000	0.000000	
16.074	1.091688	0.000000	2.259528	0.895375	0.000000	0.000000	
16.083	1.091688	0.000000	2.267964	0.895375	0.000000	0.000000	
16.095	1.091688	0.000000	2.276271	0.895375	0.000000	0.000000	
16.107	1.091688	0.000000	2.291781	0.895375	0.000000	0.000000	
16.119	1.090562	0.000000	2.299058	0.895375	0.000000	0.000000	
16.130	1.090562	0.000000	2.311851	0.895375	0.000000	0.000000	
16.142	1.090562	0.000000	2.318034	0.895375	0.000000	0.000000	
16.154	1.090562	0.000000	2.328305	0.895375	0.000000	0.000000	
16.166	1.090562	0.000000	2.332744	0.895375	0.000000	0.000000	
16.177	1.090562	0.000000	2.341294	0.895375	0.000000	0.000000	
16.189	1.090562	0.000000	2.345870	0.895375	0.000000	0.000000	
16.201	1.090562	0.000000	2.350296	0.895375	0.000000	0.000000	
16.213	1.090562	0.000000	2.360003	0.895375	0.000000	0.000000	
16.224	1.090562	0.000000	2.364956	0.895375	0.000000	0.000000	
16.236	1.090562	0.000000	2.375956	0.895375	0.000000	0.000000	
16.248	1.090562	0.000000	2.381750	0.895375	0.000000	0.000000	
16.260	1.090562	0.000000	2.393409	0.895375	0.000000	0.000000	
16.271	1.090562	0.000000	2.399582	0.895375	0.000000	0.000000	
16.283	1.090562	0.000000	2.412499	0.895375	0.000000	0.000000	
16.295	1.090562	0.000000	2.418947	0.895375	0.000000	0.000000	
16.307	1.090562	0.000000	2.432928	0.895375	0.000000	0.000000	
16.318	1.090562	0.000000	2.439974	0.895375	0.000000	0.000000	
16.330	1.090562	0.000000	2.453754	0.895375	0.000000	0.000000	
16.342	1.090562	0.000000	2.460833	0.895375	0.000000	0.000000	
16.354	1.090562	0.000000	2.474826	0.895375	0.000000	0.000000	
16.365	1.090000	0.000000	2.481595	0.895375	0.000000	0.000000	
16.377	1.090000	0.000000	2.488987	0.895375	0.000000	0.000000	
16.389	1.089437	0.000000	2.504534	0.895375	0.000000	0.000000	
16.401	1.089437	0.000000	2.513824	0.895375	0.000000	0.000000	
16.412	1.088875	0.000000	2.534048	0.895375	0.000000	0.000000	
16.424	1.088313	0.000000	2.542258	0.895375	0.000000	0.000000	
16.433	1.088313	0.000000	2.550687	0.895375	0.000000	0.000000	
16.445	1.088313	0.000000	2.566916	0.895375	0.000000	0.000000	
16.457	1.087750	0.000000	2.575077	0.896050	0.022590	0.000000	
16.468	1.087750	0.000000	2.590944	0.896050	0.022590	0.006777	
16.480	1.086625	0.000000	2.598181	0.896725	0.045085	0.006777	
16.492	1.075938	0.000000	2.612982	0.904150	0.282002	0.067807	
16.504	1.053437	0.000000	2.619262	0.927100	1.081790	0.192845	
16.516	1.033188	0.000000	2.621977	0.951400	1.778034	0.506291	
16.527	1.014063	0.000000	2.615908	0.968275	1.789179	0.563966	
16.539	0.993250	0.000000	2.578698	0.985150	1.563785	0.475572	
16.551	0.977500	0.000000	2.548508	1.008775	1.674535	0.465670	
16.563	0.963437	0.000000	2.458393	1.029025	1.797515	1.573905	
16.574	0.947688	0.000000	2.402286	1.026325	0.966882	2.233504	
16.586	0.937563	0.000000	2.267947	1.014850	0.000000	2.610251	
16.598	0.931375	0.000000	2.183789	1.018900	0.000000	2.392172	
16.609	0.929125	0.000000	2.090361	1.035775	0.564226	2.089759	
16.621	0.928563	0.000000	1.888070	1.041175	0.899954	2.053792	
16.633	0.931938	0.094659	1.772894	1.031725	0.157946	2.206295	
16.645	0.940938	0.422334	1.627167	1.022275	0.000000	2.165833	
16.656	0.949938	0.675630	1.696163	1.017550	0.000000	1.897908	
16.668	0.959500	0.806560	2.082890	1.010800	0.000000	1.412147	
16.680	0.971313	0.882275	2.382023	0.995950	0.000000	1.173637	
16.691	0.983125	0.984694	2.971284	0.981775	0.000000	0.705099	
16.703	0.996063	1.041080	3.284144	0.973000	0.000000	0.478079	
16.712	1.006188	1.049589	3.639357	0.966250	0.000000	0.270401	
16.724	1.015750	1.021722	4.333749	0.956800	0.000000	0.000000	
16.736	1.024750	0.854498	4.616610	0.946675	0.000000	0.000000	
16.748	1.033188	0.722958	5.034241	0.933850	0.000000	0.000000	
16.759	1.038250	0.591395	5.135441	0.923725	0.000000	0.000000	
16.771	1.040500	0.402900	5.195417	0.919675	0.000000	0.000000	
16.783	1.042187	0.197047	5.097072	0.919675	0.000000	0.000000	
16.795	1.042187	0.094196	4.761464	0.919675	0.000000	0.000000	
16.806	1.041625	0.000173	4.548199	0.921025	0.056453	0.000000	
16.818	1.036000	0.000000	4.076388	0.927100	0.259201	0.077760	
16.830	1.030938	0.000000	3.863561	0.936550	0.574439	0.148741	
16.842	1.025313	0.000000	3.669311	0.944650	0.721114	0.199521	
16.853	1.016875	0.000000	3.334923	0.951400	0.652864	0.202796	
16.865	1.010687	0.000000	3.175947	0.962200	0.719676	0.195924	
16.877	1.005062	0.000000	2.881814	0.975700	0.954393	0.270008	
16.889	0.998312	0.000000	2.735358	0.981775	0.831733	0.289974	
16.900	0.992125	0.000000	2.447196	0.987175	0.572809	0.192400	
16.912	0.989312	0.000000	2.305833	0.997300	0.606921	0.168480	
16.924	0.987625	0.000000	2.033112	1.006750	0.765118	0.219484	
16.936	0.985937	0.000000	1.892833	1.007425	0.529611	0.372286	
16.947	0.985937	0.000000	1.609940	1.007425	0.112723	0.510318	
16.959	0.985937	0.000000	1.477649	1.007425	0.000000	0.415338	
16.971	0.990438	0.160073	1.238072	1.007425	0.000000	0.105691	
16.982	0.996625	0.365924	1.195183	1.007425	0.000000	0.000000	
16.994	1.001688	0.497273	1.306535	1.006750	0.000000	0.000000	
17.006	1.007313	0.468886	1.418783	1.000000	0.000000	0.000000	
17.018	1.014063	0.488327	1.541998	0.988525	0.000000	0.000000	
17.029	1.020813	0.562562	1.772136	0.977050	0.000000	0.000000	
17.041	1.028125	0.600600	1.910566	0.968950	0.000000	0.000000	
17.053	1.036562	0.656586	2.255161	0.958825	0.000000	0.000000	
17.064	1.042750	0.618993	2.443753	0.946000	0.000000	0.000000	
17.076	1.050063	0.580120	2.802675	0.934525	0.000000	0.000000	
17.088	1.056813	0.580490	2.951965	0.926425	0.000000	0.000000	
17.100	1.061313	0.522418	3.227916	0.919675	0.000000	0.000000	
17.112	1.065250	0.410339	3.355256	0.912925	0.000000	0.000000	
17.120	1.067500	0.306948	3.420794	0.908200	0.000000	0.000000	
17.132	1.069750	0.262508	3.457115	0.906175	0.000000	0.000000	
17.144	1.069750	0.121749	3.428879	0.906175	0.000000	0.000000	
17.156	1.069750	0.037749	3.301590	0.906175	0.000000	0.000000	
17.168	1.069750	0.000000	3.198077	0.906175	0.000000	0.000000	
17.179	1.068063	0.000000	2.992055	0.908200	0.067356	0.013487	
17.191	1.063563	0.000000	2.905657	0.913600	0.258435	0.050482	
17.203	1.060750	0.000000	2.765172	0.918325	0.404914	0.124852	
17.215	1.057375	0.000000	2.711565	0.921025	0.359251	0.114634	
17.226	1.052875	0.000000	2.615077	0.925750	0.314467	0.094340	
17.238	1.050063	0.000000	2.569620	0.932500	0.427690	0.124756	
17.250	1.047250	0.000000	2.481876	0.935200	0.394388	0.118316	
17.262	1.043875	0.000000	2.434210	0.937225	0.270050	0.094657	
17.274	1.042750	0.000000	2.383923	0.941275	0.235406	0.067493	
17.285	1.042750	0.000000	2.278545	0.945325	0.313923	0.090883	
17.297	1.042187	0.000000	2.219679	0.945325	0.224189	0.087484	
17.309	1.042187	0.000000	2.092371	0.945325	0.067121	0.033566	
17.321	1.042187	0.000000	2.024612	0.945325	0.000000	0.006669	
17.333	1.044438	0.074010	1.904077	0.945325	0.000000	0.000000	
17.344	1.047250	0.168318	1.875934	0.945325	0.000000	0.000000	
17.356	1.048938	0.205911	1.912759	0.943975	0.000000	0.000000	
17.368	1.051188	0.159129	1.958301	0.940600	0.000000	0.000000	
17.380	1.054000	0.187317	2.025582	0.936550	0.000000	0.000000	
17.391	1.056250	0.206428	2.054578	0.933175	0.000000	0.000000	
17.403	1.058500	0.216912	2.141078	0.931150	0.000000	0.000000	
17.415	1.061313	0.215863	2.163884	0.928450	0.000000	0.000000	
17.427	1.063000	0.205573	2.264547	0.924400	0.000000	0.000000	
17.436	1.063563	0.149278	2.315953	0.923050	0.000000	0.000000	
17.448	1.065812	0.140210	2.354026	0.921700	0.000000	0.000000	
17.459	1.066937	0.131467	2.362081	0.920350	0.000000	0.000000	
17.471	1.066937	0.065616	2.381159	0.919000	0.000000	0.000000	
17.483	1.066937	0.018803	2.380727	0.919000	0.000000	0.000000	
17.495	1.066937	0.000000	2.355169	0.919000	0.000000	0.000000	
17.507	1.066937	0.000000	2.299051	0.919000	0.000000	0.000000	
17.518	1.066937	0.000000	2.274630	0.919000	0.000000	0.000000	
17.530	1.066937	0.000000	2.240019	0.919000	0.000000	0.000000	
17.542	1.066937	0.000000	2.229223	0.919000	0.000000	0.000000	
17.554	1.065812	0.000000	2.220812	0.919675	0.022412	0.000000	
17.565	1.065812	0.000000	2.211959	0.919675	0.022412	0.006724	
17.577	1.065812	0.000000	2.210920	0.919675	0.022412	0.006724	
17.589	1.065812	0.000000	2.214788	0.919675	0.000000	0.000000	
17.598	1.065812	0.000000	2.223928	0.919675	0.000000	0.000000	
17.610	1.065812	0.000000	2.228063	0.919675	0.000000	0.000000	
17.622	1.065812	0.000000	2.238353	0.919675	0.000000	0.000000	
17.633	1.065812	0.000000	2.244231	0.919675	0.000000	0.000000	
17.645	1.065812	0.000000	2.256585	0.919675	0.000000	0.000000	
17.657	1.065812	0.000000	2.263147	0.919675	0.000000	0.000000	
17.669	1.065812	0.000000	2.275594	0.919675	0.000000	0.000000	
17.680	1.065812	0.000000	2.281685	0.919675	0.000000	0.000000	
17.692	1.065812	0.000000	2.292642	0.919675	0.000000	0.000000	
17.704	1.065812	0.000000	2.297164	0.919675	0.000000	0.000000	
17.716	1.065812	0.000000	2.303438	0.919675	0.000000	0.000000	
17.727	1.065812	0.000000	2.305308	0.919675	0.000000	0.000000	
17.739	1.065812	0.000000	2.306575	0.919675	0.000000	0.000000	
17.751	1.065812	0.000000	2.306123	0.919675	0.000000	0.000000	
17.763	1.065812	0.000000	2.304904	0.919675	0.000000	0.000000	
17.774	1.065812	0.000000	2.300934	0.919675	0.000000	0.000000	
17.786	1.065812	0.000000	2.298455	0.919675	0.000000	0.000000	
17.798	1.065812	0.000000	2.291951	0.919675	0.000000	0.000000	
17.810	1.065812	0.000000	2.288242	0.919675	0.000000	0.000000	
17.822	1.065812	0.000000	2.280845	0.919675	0.000000	0.000000	
17.833	1.065812	0.000000	2.277162	0.919675	0.000000	0.000000	
17.845	1.065812	0.000000	2.270387	0.919675	0.000000	0.000000	
17.857	1.065812	0.000000	2.267543	0.919675	0.000000	0.000000	
17.869	1.065812	0.000000	2.262183	0.919675	0.000000	0.000000	
17.880	1.065812	0.000000	2.259698	0.919675	0.000000	0.000000	
17.892	1.065812	0.000000	2.255174	0.919675	0.000000	0.000000	
17.904	1.065812	0.000000	2.252885	0.919675	0.000000	0.000000	
17.916	1.065812	0.000000	2.248246	0.919675	0.000000	0.000000	
17.928	1.065812	0.000000	2.245899	0.919675	0.000000	0.000000	
17.939	1.065812	0.000000	2.240860	0.919675	0.000000	0.000000	
17.951	1.065812	0.000000	2.237953	0.919675	0.000000	0.000000	
17.963	1.055688	0.000000	2.234802	0.927775	0.292235	0.016899	
17.975	1.033750	0.000000	2.226269	0.949375	1.024327	0.246220	
17.986	1.016312	0.000000	2.217209	0.973000	1.699553	0.395111	
17.998	0.999438	0.000000	2.184358	0.987850	1.708904	0.529719	
18.010	0.980313	0.000000	2.156967	1.002700	1.406396	0.476315	
18.022	0.966812	0.000000	2.087044	1.024300	1.450599	0.598732	
18.033	0.955562	0.000000	2.040935	1.039825	1.484955	1.235794	
18.045	0.945437	0.000000	1.931319	1.032400	0.664663	2.283509	
18.057	0.937563	0.000000	1.862908	1.019575	0.000000	2.295192	
18.068	0.935875	0.000000	1.700574	1.026325	0.000000	1.868274	
18.080	0.935875	0.000000	1.608161	1.037125	0.416158	1.639869	
18.092	0.939812	0.150812	1.440649	1.037125	0.560972	1.565628	
18.104	0.949375	0.470336	1.414591	1.028350	0.000000	1.560484	
18.115	0.957812	0.693651	1.682525	1.017550	0.000000	1.193044	
18.124	0.964000	0.730405	1.926224	1.011475	0.000000	0.954517	
18.136	0.974125	0.767750	2.192330	1.004050	0.000000	0.739409	
18.148	0.985937	0.908262	2.746706	0.993925	0.000000	0.296670	
18.160	0.997750	1.002274	3.037231	0.982450	0.000000	0.081027	
18.171	1.007875	0.908487	3.686949	0.973675	0.000000	0.000000	
18.183	1.017437	0.881364	3.989662	0.964225	0.000000	0.000000	
18.195	1.025313	0.788625	4.251219	0.949375	0.000000	0.000000	
18.207	1.032625	0.676233	4.621559	0.935200	0.000000	0.000000	
18.218	1.037688	0.544139	4.740279	0.928450	0.000000	0.000000	
18.231	1.039375	0.366684	4.827562	0.927100	0.000000	0.000000	
18.242	1.040500	0.157569	4.771049	0.926425	0.000000	0.000000	
18.254	1.040500	0.054220	4.476652	0.925750	0.000000	0.000000	
18.266	1.039937	0.000000	4.288424	0.926425	0.011281	0.000000	
18.278	1.034875	0.000000	3.917643	0.931150	0.191235	0.050617	
18.289	1.029812	0.000000	3.740500	0.940600	0.506177	0.114773	
18.301	1.024750	0.000000	3.430913	0.948025	0.708461	0.212538	
18.313	1.017437	0.000000	3.301802	0.953425	0.629639	0.195592	
18.325	1.011250	0.000000	3.171394	0.962875	0.641793	0.175514	
18.336	1.005625	0.000000	2.920580	0.975025	0.810731	0.222908	
18.348	1.000563	0.000000	2.798296	0.981775	0.809712	0.266759	
18.360	0.994375	0.000000	2.561410	0.985150	0.538860	0.192396	
18.372	0.991562	0.000000	2.438246	0.993925	0.494316	0.144897	
18.383	0.989875	0.000000	2.190438	1.003375	0.652421	0.199025	
18.395	0.988187	0.000000	2.072517	1.004725	0.495383	0.192553	
18.407	0.988187	0.000000	1.816419	1.004725	0.191495	0.077775	
18.419	0.988187	0.000000	1.686159	1.006075	0.045720	0.027156	
18.431	0.991000	0.112164	1.451236	1.007425	0.093315	0.030519	
18.440	0.994937	0.243798	1.369124	1.007425	0.059478	0.027994	
18.452	1.000000	0.385120	1.355606	1.006075	0.000000	0.014466	
18.463	1.003937	0.385369	1.475948	1.000000	0.000000	0.000000	
18.475	1.009562	0.413052	1.547392	0.991900	0.000000	0.000000	
18.487	1.015750	0.468819	1.731058	0.983125	0.000000	0.000000	
18.499	1.022500	0.525112	1.836345	0.975025	0.000000	0.000000	
18.510	1.029812	0.562334	2.139657	0.965575	0.000000	0.000000	
18.522	1.036000	0.562025	2.323341	0.954100	0.000000	0.000000	
18.534	1.041625	0.515867	2.635494	0.944650	0.000000	0.000000	
18.546	1.047812	0.506301	2.766299	0.936550	0.000000	0.000000	
18.557	1.054000	0.525851	3.038500	0.929125	0.000000	0.000000	
18.569	1.057375	0.450341	3.177843	0.922375	0.000000	0.000000	
18.581	1.059625	0.272686	3.353214	0.916975	0.000000	0.000000	
18.593	1.062438	0.225582	3.391568	0.914275	0.000000	0.000000	
18.604	1.063000	0.140669	3.404477	0.913600	0.000000	0.000000	
18.616	1.063000	0.046568	3.363523	0.913600	0.000000	0.000000	
18.628	1.063000	0.018777	3.314775	0.913600	0.000000	0.000000	
18.640	1.060750	0.000000	3.173881	0.914275	0.022525	0.000000	
18.651	1.055688	0.000000	3.116989	0.918325	0.157741	0.020324	
18.663	1.053437	0.000000	3.025168	0.924400	0.371357	0.097960	
18.675	1.049500	0.000000	2.990641	0.928450	0.440061	0.118327	
18.687	1.043875	0.000000	2.935427	0.931150	0.328093	0.098628	
18.698	1.041062	0.000000	2.908228	0.937225	0.373039	0.095170	
18.710	1.037688	0.000000	2.846842	0.943975	0.507081	0.145316	
18.722	1.032625	0.000000	2.813784	0.946675	0.450251	0.148608	
18.734	1.030375	0.000000	2.728667	0.948700	0.259407	0.084519	
18.745	1.028125	0.000000	2.679026	0.955450	0.315161	0.084458	
18.757	1.024750	0.000000	2.566804	0.960175	0.427766	0.131707	
18.769	1.024750	0.000000	2.500958	0.960175	0.281316	0.104643	
18.781	1.024750	0.000000	2.354347	0.960850	0.078994	0.023698	
18.793	1.024187	0.000000	2.279440	0.962875	0.090343	0.020402	
18.804	1.024187	0.000000	2.195193	0.964225	0.134783	0.033824	
18.816	1.025313	0.037548	2.028826	0.964225	0.089334	0.033709	
18.828	1.028687	0.149949	1.963111	0.964225	0.022037	0.020033	
18.840	1.030938	0.224849	1.935232	0.964225	0.000000	0.000000	
18.851	1.033188	0.197440	1.976487	0.961525	0.000000	0.000000	
18.863	1.035437	0.150641	2.018969	0.957475	0.000000	0.000000	
18.875	1.038813	0.224700	2.037859	0.953425	0.000000	0.000000	
18.887	1.041062	0.243521	2.105807	0.950050	0.000000	0.000000	
18.899	1.043875	0.215537	2.158060	0.946675	0.000000	0.000000	
18.910	1.047250	0.244152	2.272823	0.941950	0.000000	0.000000	
18.922	1.049500	0.252882	2.313048	0.937900	0.000000	0.000000	
18.934	1.051750	0.206335	2.409233	0.935875	0.000000	0.000000	
18.946	1.054000	0.187060	2.431876	0.933175	0.000000	0.000000	
18.958	1.055125	0.168417	2.509544	0.930475	0.000000	0.000000	
18.969	1.056250	0.121379	2.528622	0.928450	0.000000	0.000000	
18.981	1.056813	0.074769	2.544602	0.927775	0.000000	0.000000	
18.993	1.056813	0.056161	2.557015	0.927775	0.000000	0.000000	
19.005	1.056813	0.018457	2.551809	0.927775	0.011199	0.000000	
19.017	1.056813	0.000000	2.521743	0.927775	0.000000	0.000000	
19.028	1.056813	0.000000	2.504480	0.927775	0.000000	0.000000	
19.040	1.055688	0.000000	2.485543	0.927775	0.000000	0.000000	
19.052	1.054562	0.000000	2.481818	0.927775	0.000000	0.000000	
19.064	1.054562	0.000000	2.480695	0.929125	0.045058	0.013517	
19.075	1.054000	0.000000	2.482591	0.929800	0.067745	0.020323	
19.084	1.053437	0.000000	2.485028	0.929800	0.045167	0.020323	
19.096	1.053437	0.000000	2.489813	0.929800	0.022687	0.006806	
19.108	1.053437	0.000000	2.492468	0.929800	0.000000	0.000000	
19.120	1.053437	0.000000	2.495192	0.929800	0.000000	0.000000	
19.132	1.053437	0.000000	2.495631	0.929800	0.000000	0.000000	
19.143	1.053437	0.000000	2.494213	0.929800	0.000000	0.000000	
19.155	1.053437	0.000000	2.492298	0.929800	0.000000	0.000000	
19.167	1.053437	0.000000	2.486214	0.929800	0.000000	0.000000	
19.179	1.053437	0.000000	2.481799	0.929800	0.000000	0.000000	
19.190	1.053437	0.000000	2.476594	0.929800	0.000000	0.000000	
19.202	1.053437	0.000000	2.464107	0.929800	0.000000	0.000000	
19.214	1.053437	0.000000	2.456448	0.929800	0.000000	0.000000	
19.226	1.053437	0.000000	2.439133	0.929800	0.000000	0.000000	
19.237	1.053437	0.000000	2.429752	0.929800	0.000000	0.000000	
19.246	1.053437	0.000000	2.419952	0.929800	0.000000	0.000000	
19.258	1.053437	0.000000	2.400074	0.929800	0.000000	0.000000	
19.270	1.053437	0.000000	2.389276	0.929800	0.000000	0.000000	
19.282	1.053437	0.000000	2.367451	0.929800	0.000000	0.000000	
19.293	1.053437	0.000000	2.355702	0.929800	0.000000	0.000000	
19.305	1.053437	0.000000	2.331231	0.929800	0.000000	0.000000	
19.317	1.054000	0.018898	2.324147	0.929800	0.000000	0.000000	
19.328	1.054000	0.018898	2.311330	0.929800	0.000000	0.000000	
19.340	1.054000	0.000000	2.308434	0.929800	0.000000	0.000000	
19.352	1.054000	0.000000	2.283229	0.929800	0.000000	0.000000	
19.364	1.054000	0.000000	2.268395	0.929800	0.000000	0.000000	
19.375	1.054000	0.000000	2.238896	0.929800	0.000000	0.000000	
19.387	1.054562	0.018925	2.224214	0.929800	0.000000	0.000000	
19.399	1.054562	0.018925	2.217389	0.929800	0.000000	0.000000	
19.411	1.054562	0.018925	2.209945	0.929800	0.000000	0.000000	
19.422	1.054562	0.000000	2.199739	0.929800	0.000000	0.000000	
19.435	1.054562	0.000000	2.174588	0.929800	0.000000	0.000000	
19.447	1.055125	0.017700	2.154837	0.929800	0.000000	0.000000	
19.456	1.052875	0.000000	2.146842	0.931825	0.078813	0.000000	
19.468	1.037688	0.000000	2.119867	0.946675	0.595902	0.158514	
19.477	1.019125	0.000000	2.102147	0.967600	1.305147	0.344247	
19.489	0.997750	0.000000	2.080565	0.993925	2.048189	0.529643	
19.500	0.978625	0.000000	2.018452	1.009450	1.846604	0.584001	
19.512	0.956688	0.000000	1.981218	1.028350	1.553836	0.628653	
19.524	0.942625	0.000000	1.883448	1.045900	1.474493	2.041559	
19.536	0.930812	0.000000	1.820248	1.041850	0.810681	2.592729	
19.547	0.919563	0.000000	1.674240	1.032400	0.000000	2.874850	
19.559	0.916750	0.000000	1.587429	1.039150	0.000000	2.677358	
19.571	0.916750	0.000000	1.390193	1.049950	0.483197	2.304127	
19.583	0.920125	0.110656	1.283832	1.049275	0.495177	2.277090	
19.595	0.930250	0.457787	1.275148	1.038475	0.000000	2.216126	
19.606	0.939812	0.767534	1.434325	1.025650	0.000000	2.005399	
19.618	0.949938	0.861840	1.694617	1.016875	0.000000	1.773531	
19.630	0.965125	1.023106	2.363393	1.003375	0.000000	1.331092	
19.642	0.979187	1.172023	2.753987	0.983125	0.000000	1.129760	
19.653	0.992125	1.163281	3.604415	0.965575	0.000000	0.707043	
19.665	1.006750	1.180365	3.997063	0.952750	0.000000	0.498171	
19.677	1.021375	1.237948	4.813122	0.939250	0.000000	0.097350	
19.689	1.031500	1.068773	5.203871	0.927775	0.000000	0.000000	
19.700	1.041062	0.918980	5.801759	0.917650	0.000000	0.000000	
19.712	1.047250	0.693543	5.975885	0.908200	0.000000	0.000000	
19.724	1.051188	0.488052	6.085949	0.900775	0.000000	0.000000	
19.733	1.051750	0.290356	6.011193	0.899425	0.000000	0.000000	
19.745	1.051750	0.112024	5.855583	0.899425	0.000000	0.000000	
19.756	1.049500	0.000000	5.373022	0.902125	0.078021	0.000000	
19.768	1.042750	0.000000	5.108918	0.910900	0.404544	0.074216	
19.780	1.035437	0.000000	4.609897	0.923050	0.764918	0.236212	
19.792	1.026438	0.000000	4.378769	0.931825	0.899414	0.263087	
19.803	1.014063	0.000000	3.971651	0.943975	0.910887	0.263124	
19.815	1.004500	0.000000	3.773981	0.960175	1.113185	0.310395	
19.827	0.993813	0.000000	3.391500	0.977725	1.394928	0.418478	
19.839	0.982000	0.000000	3.206756	0.988525	1.248816	0.567669	
19.850	0.970750	0.000000	3.036668	0.995950	0.866614	0.999070	
19.862	0.963437	0.000000	2.677324	0.997300	0.461333	1.385492	
19.874	0.957250	0.000000	2.499101	1.002700	0.358536	1.364810	
19.886	0.953313	0.000000	2.141715	1.016875	0.662574	1.217174	
19.897	0.953313	0.000000	1.963458	1.024975	0.877428	1.281154	
19.909	0.953313	0.000000	1.618475	1.022275	0.439233	1.518493	
19.918	0.954437	0.036927	1.439275	1.018900	0.000000	1.498933	
19.930	0.961187	0.271109	1.296876	1.016875	0.000000	1.352299	
19.942	0.970750	0.589927	1.219580	1.015525	0.000000	0.844344	
19.953	0.979187	0.731080	1.335871	1.010800	0.000000	0.635123	
19.965	0.986500	0.703804	1.737685	1.002700	0.000000	0.228306	
19.977	0.997187	0.741411	1.950714	0.993250	0.000000	0.041786	
19.989	1.007875	0.842578	2.393822	0.985150	0.000000	0.000000	
20.000	1.017437	0.862386	2.620560	0.973675	0.000000	0.000000	
20.012	1.027000	0.854757	3.090968	0.957475	0.000000	0.000000	
20.024	1.036000	0.808147	3.307742	0.941275	0.000000	0.000000	
20.036	1.043313	0.705723	3.666159	0.930475	0.000000	0.000000	
20.047	1.050063	0.620171	3.793942	0.923050	0.000000	0.000000	
20.059	1.055688	0.534379	3.968295	0.916300	0.000000	0.000000	
20.071	1.058500	0.413097	3.999447	0.909550	0.000000	0.000000	
20.083	1.059625	0.216283	3.990288	0.908200	0.000000	0.000000	
20.094	1.060750	0.113296	3.802335	0.908200	0.000000	0.000000	
20.106	1.060750	0.075010	3.648767	0.908200	0.011245	0.000000	
20.118	1.059625	0.000000	3.303849	0.910225	0.067017	0.016826	
20.130	1.055125	0.000000	3.145471	0.916300	0.269271	0.050663	
20.141	1.052312	0.000000	2.842018	0.922375	0.448418	0.131074	
20.153	1.049500	0.000000	2.707746	0.926425	0.448476	0.141385	
20.165	1.045000	0.000000	2.473976	0.931150	0.403725	0.121187	
20.177	1.041625	0.000000	2.375763	0.937900	0.438823	0.131612	
20.189	1.039937	0.000000	2.176763	0.943300	0.495012	0.145171	
20.200	1.037688	0.000000	2.082549	0.945325	0.360160	0.138438	
20.212	1.037125	0.000000	1.900998	0.946675	0.202421	0.060728	
20.224	1.037125	0.000000	1.808701	0.950050	0.202720	0.054032	
20.233	1.037125	0.000000	1.715303	0.950725	0.180929	0.061031	
20.245	1.038250	0.036784	1.540125	0.950725	0.113616	0.040768	
20.256	1.042750	0.186612	1.482077	0.950725	0.000000	0.013752	
20.268	1.046125	0.308482	1.491163	0.950050	0.000000	0.000000	
20.280	1.048375	0.262491	1.542781	0.946000	0.000000	0.000000	
20.291	1.052875	0.290309	1.648356	0.939250	0.000000	0.000000	
20.303	1.057375	0.365066	1.699839	0.933175	0.000000	0.000000	
20.315	1.060187	0.328269	1.790936	0.929800	0.000000	0.000000	
20.327	1.065812	0.401743	2.009345	0.923725	0.000000	0.000000	
20.339	1.069750	0.401798	2.115410	0.916975	0.000000	0.000000	
20.350	1.072562	0.318866	2.392081	0.911575	0.000000	0.000000	
20.362	1.075375	0.263177	2.488869	0.908200	0.000000	0.000000	
20.374	1.078187	0.244360	2.610786	0.904825	0.000000	0.000000	
20.386	1.079875	0.196442	2.670168	0.902125	0.000000	0.000000	
20.397	1.080438	0.101954	2.764139	0.899425	0.000000	0.000000	
20.409	1.080438	0.036733	2.773529	0.899425	0.000000	0.000000	
20.421	1.080438	0.000000	2.724614	0.899425	0.000000	0.000000	
20.430	1.080438	0.000000	2.691550	0.899425	0.000000	0.003378	
20.442	1.079313	0.000000	2.662580	0.899425	0.000000	0.000000	
20.454	1.075938	0.000000	2.622108	0.901450	0.067306	0.013462	
20.465	1.074250	0.000000	2.609627	0.904825	0.181384	0.043869	
20.477	1.072562	0.000000	2.595922	0.907525	0.259849	0.064379	
20.489	1.069188	0.000000	2.592669	0.908875	0.203960	0.057804	
20.501	1.066937	0.000000	2.586678	0.911575	0.179579	0.053874	
20.512	1.065250	0.000000	2.582809	0.914950	0.234582	0.060447	
20.524	1.063000	0.000000	2.576385	0.916300	0.190182	0.070543	
20.536	1.060750	0.000000	2.557181	0.917650	0.156853	0.047189	
20.547	1.060187	0.000000	2.542862	0.920350	0.156969	0.040440	
20.559	1.059062	0.000000	2.506711	0.922375	0.168013	0.060532	
20.571	1.057938	0.000000	2.483770	0.923050	0.157171	0.050423	
20.583	1.057938	0.000000	2.428343	0.923050	0.044901	0.020221	
20.595	1.057938	0.009135	2.396985	0.923725	0.022815	0.016893	
20.606	1.057938	0.000000	2.332006	0.924400	0.045416	0.013625	
20.618	1.057938	0.000000	2.297941	0.924400	0.045416	0.013625	
20.630	1.057938	0.000000	2.229571	0.924400	0.000000	0.000000	
20.642	1.058500	0.018748	2.197748	0.924400	0.000000	0.000000	
20.653	1.060187	0.074541	2.180006	0.924400	0.000000	0.000000	
20.665	1.060187	0.074541	2.179422	0.924400	0.000000	0.000000	
20.677	1.060750	0.037539	2.191820	0.924400	0.000000	0.000000	
20.689	1.061313	0.037476	2.180678	0.924400	0.000000	0.000000	
20.700	1.061313	0.037476	2.163640	0.924400	0.000000	0.000000	
20.712	1.061875	0.037444	2.136420	0.924400	0.000000	0.000000	
20.724	1.061875	0.018750	2.117697	0.923725	0.000000	0.000000	
20.735	1.061875	0.000000	2.080986	0.923725	0.000000	0.000000	
20.747	1.062438	0.019159	2.055767	0.923725	0.000000	0.000000	
20.759	1.062438	0.019159	2.024245	0.923725	0.000000	0.000000	
20.771	1.062438	0.000000	2.007539	0.923725	0.000000	0.000000	
20.782	1.062438	0.000000	1.971597	0.923725	0.000000	0.000000	
20.794	1.063000	0.018802	1.947429	0.923725	0.000000	0.000000	
20.806	1.063000	0.018802	1.923235	0.923725	0.000000	0.000000	
20.817	1.063563	0.038074	1.920325	0.923725	0.000000	0.000000	
20.829	1.064125	0.038091	1.919183	0.923725	0.000000	0.000000	
20.841	1.064687	0.037097	1.931596	0.923725	0.000000	0.000000	
20.853	1.065250	0.036979	1.945145	0.923050	0.000000	0.000000	
20.864	1.066375	0.066196	1.964744	0.923050	0.000000	0.000000	
20.876	1.066375	0.038155	1.969716	0.922375	0.000000	0.000000	
20.888	1.066937	0.037561	1.992477	0.921700	0.000000	0.000000	
20.900	1.067500	0.046879	1.992009	0.921025	0.000000	0.000000	
20.911	1.067500	0.037489	1.991478	0.920350	0.000000	0.000000	
20.923	1.068063	0.037220	1.992140	0.920350	0.000000	0.000000	
20.935	1.068063	0.018470	2.005056	0.920350	0.000000	0.000000	
20.947	1.068063	0.018470	2.009834	0.920350	0.000000	0.000000	
20.958	1.060187	0.000000	1.995121	0.924400	0.146803	0.037280	
20.967	1.041625	0.000000	1.981143	0.939925	0.717308	0.145324	
20.979	1.013500	0.000000	1.965073	0.974350	1.887213	0.380527	
20.991	0.991000	0.000000	1.921246	1.002025	2.482510	0.738140	
21.002	0.967375	0.000000	1.888700	1.016875	2.002496	0.698624	
21.014	0.946562	0.000000	1.810405	1.033750	1.508651	2.033197	
21.026	0.930812	0.000000	1.766967	1.040500	1.035606	2.598773	
21.038	0.917313	0.000000	1.647546	1.037125	0.405720	2.989767	
21.049	0.910563	0.000000	1.575693	1.042525	0.090625	2.850795	
21.061	0.908875	0.000000	1.500662	1.055350	0.584639	2.628006	
21.073	0.908875	0.000000	1.318233	1.059400	0.675063	2.428705	
21.085	0.913938	0.187471	1.219339	1.052650	0.100571	2.443179	
21.096	0.926313	0.599970	1.184430	1.042525	0.000000	2.086181	
21.108	0.935875	0.871606	1.345307	1.035775	0.000000	1.731316	
21.120	0.946562	0.918365	1.985922	1.028350	0.000000	1.094677	
21.132	0.961187	1.022124	2.360636	1.015525	0.000000	0.788077	
21.143	0.974125	1.125404	3.110644	1.000675	0.000000	0.219976	
21.155	0.986500	1.115751	3.514365	0.987850	0.000000	0.000000	
21.167	1.000563	1.078167	4.256457	0.979075	0.000000	0.000000	
21.179	1.012375	1.059498	4.594130	0.964900	0.000000	0.000000	
21.190	1.020813	0.909262	5.122396	0.945325	0.000000	0.000000	
21.202	1.028125	0.721481	5.288938	0.931825	0.000000	0.000000	
21.214	1.034312	0.599317	5.396456	0.927100	0.000000	0.000000	
21.226	1.036562	0.403736	5.365174	0.926425	0.000000	0.000000	
21.238	1.037125	0.178758	5.129248	0.925075	0.000000	0.000000	
21.249	1.037125	0.028075	4.904302	0.925075	0.000000	0.000000	
21.261	1.034875	0.000000	4.352265	0.926425	0.044987	0.013496	
21.273	1.028687	0.000000	4.075908	0.934525	0.337391	0.064136	
21.285	1.023625	0.000000	3.837721	0.945325	0.686717	0.131827	
21.296	1.017437	0.000000	3.386627	0.953425	0.788334	0.236339	
21.308	1.009562	0.000000	3.183316	0.960175	0.686382	0.229661	
21.320	1.004500	0.000000	2.813358	0.972325	0.810372	0.226248	
21.332	0.998875	0.000000	2.632904	0.984475	0.944799	0.256646	
21.343	0.992688	0.000000	2.287190	0.989200	0.787205	0.249647	
21.355	0.989875	0.000000	2.131543	0.994600	0.562134	0.199021	
21.367	0.988750	0.000000	1.810784	1.004050	0.573756	0.161988	
21.379	0.988187	0.000000	1.653336	1.009450	0.607306	0.192392	
21.390	0.988187	0.000000	1.355569	1.009450	0.326598	0.118084	
21.402	0.988750	0.018897	1.205314	1.009450	0.056107	0.050590	
21.414	0.993813	0.197747	0.999435	1.009450	0.000000	0.000000	
21.426	1.000000	0.394805	0.969899	1.009450	0.000000	0.000000	
21.437	1.006188	0.508496	1.113701	1.004050	0.000000	0.000000	
21.449	1.011250	0.480314	1.241993	0.994600	0.000000	0.000000	
21.461	1.018000	0.506404	1.364267	0.982450	0.000000	0.000000	
21.473	1.026438	0.599649	1.642134	0.973000	0.000000	0.000000	
21.484	1.035437	0.693310	1.811090	0.962875	0.000000	0.000000	
21.496	1.042187	0.683478	2.244355	0.950050	0.000000	0.000000	
21.508	1.049500	0.627928	2.450875	0.936550	0.000000	0.000000	
21.520	1.057938	0.637307	2.859191	0.925750	0.000000	0.000000	
21.532	1.063563	0.618255	3.036376	0.917650	0.000000	0.000000	
21.544	1.068625	0.489477	3.347489	0.908200	0.000000	0.000000	
21.556	1.074250	0.433451	3.461434	0.900775	0.000000	0.000000	
21.567	1.076500	0.327925	3.601588	0.896725	0.000000	0.000000	
21.579	1.076500	0.187528	3.628264	0.896050	0.000000	0.000000	
21.591	1.077062	0.055701	3.526245	0.896050	0.000000	0.000000	
21.603	1.077062	0.018669	3.436066	0.896050	0.000000	0.000000	
21.614	1.075375	0.000000	3.198475	0.896725	0.022414	0.000000	
21.626	1.070313	0.000000	3.091185	0.901450	0.179339	0.027070	
21.638	1.066375	0.000000	2.908839	0.909550	0.460810	0.131496	
21.650	1.062438	0.000000	2.835471	0.913600	0.482642	0.155142	
21.661	1.056813	0.000000	2.699654	0.916300	0.370736	0.111221	
21.673	1.052312	0.000000	2.634537	0.923725	0.426859	0.111183	
21.685	1.050063	0.000000	2.569104	0.932500	0.595938	0.148304	
21.697	1.045000	0.000000	2.440781	0.935200	0.540603	0.182284	
21.708	1.042187	0.000000	2.369913	0.936550	0.259145	0.131667	
21.720	1.041625	0.000000	2.224504	0.942625	0.281683	0.067679	
21.732	1.039937	0.000000	2.144140	0.948700	0.450465	0.111513	
21.744	1.039937	0.000000	1.976158	0.948700	0.304046	0.114791	
21.755	1.039937	0.000000	1.888018	0.948700	0.056231	0.064118	
21.767	1.040500	0.018752	1.711533	0.948700	0.000000	0.000000	
21.779	1.043875	0.141099	1.640509	0.948700	0.000000	0.000000	
21.791	1.047812	0.271726	1.588240	0.948700	0.000000	0.000000	
21.802	1.050063	0.281102	1.624103	0.946000	0.000000	0.000000	
21.814	1.052875	0.234479	1.745125	0.939925	0.000000	0.000000	
21.826	1.056813	0.290881	1.804795	0.934525	0.000000	0.000000	
21.838	1.060187	0.309615	1.905650	0.930475	0.000000	0.000000	
21.849	1.064687	0.318698	1.966465	0.925075	0.000000	0.000000	
21.861	1.068625	0.364773	2.045643	0.919675	0.000000	0.000000	
21.873	1.071437	0.328157	2.245882	0.914275	0.000000	0.000000	
21.885	1.074250	0.271831	2.346164	0.910225	0.000000	0.000000	
21.896	1.077062	0.253374	2.466378	0.908200	0.000000	0.000000	
21.908	1.079313	0.224510	2.522591	0.905500	0.000000	0.000000	
21.920	1.079875	0.140818	2.638171	0.903475	0.000000	0.000000	
21.929	1.079875	0.075328	2.675743	0.902125	0.000000	0.000000	
21.941	1.079875	0.019170	2.678343	0.902125	0.000000	0.000000	
21.952	1.079875	0.000000	2.630665	0.902125	0.000000	0.000000	
21.964	1.079875	0.000000	2.603818	0.902125	0.000000	0.000000	
21.976	1.078187	0.000000	2.576912	0.902125	0.000000	0.000000	
21.988	1.074813	0.000000	2.572316	0.904150	0.066818	0.010120	
21.999	1.073688	0.000000	2.576320	0.906850	0.156830	0.040263	
22.011	1.072000	0.000000	2.583082	0.908875	0.189855	0.060419	
22.023	1.069188	0.000000	2.600929	0.909550	0.122732	0.046936	
22.035	1.067500	0.000000	2.609716	0.912250	0.134541	0.040260	
22.047	1.065812	0.000000	2.623412	0.914950	0.180679	0.060864	
22.058	1.063000	0.000000	2.626723	0.915625	0.158093	0.060999	
22.070	1.061313	0.000000	2.624929	0.916975	0.123548	0.023597	
22.082	1.060750	0.000000	2.619333	0.919675	0.134878	0.033852	
22.094	1.059062	0.000000	2.599148	0.922375	0.224676	0.070782	
22.105	1.058500	0.000000	2.583650	0.922375	0.123249	0.053972	
22.117	1.058500	0.000000	2.543140	0.922375	0.044407	0.013322	
22.129	1.057938	0.000000	2.520541	0.924400	0.067327	0.013413	
22.141	1.057375	0.000000	2.494564	0.925075	0.089768	0.020198	
22.152	1.057375	0.000000	2.439367	0.925075	0.033732	0.020256	
22.164	1.057375	0.000000	2.410980	0.925075	0.000000	0.013518	
22.176	1.057375	0.000000	2.355366	0.925075	0.000000	0.000000	
22.188	1.057375	0.000000	2.326915	0.925075	0.000000	0.000000	
22.200	1.058500	0.037706	2.280000	0.925075	0.000000	0.000000	
22.211	1.059062	0.056424	2.277342	0.925075	0.000000	0.000000	
22.223	1.059062	0.037563	2.280171	0.925075	0.000000	0.000000	
22.235	1.059062	0.000000	2.268288	0.925075	0.000000	0.000000	
22.247	1.059625	0.019252	2.244695	0.925075	0.000000	0.000000	
22.258	1.059625	0.019252	2.227130	0.925075	0.000000	0.000000	
22.270	1.060187	0.018955	2.193600	0.925075	0.000000	0.000000	
22.282	1.060187	0.018955	2.178899	0.925075	0.000000	0.000000	
22.294	1.060187	0.018955	2.148828	0.925075	0.000000	0.000000	
22.305	1.060187	0.000000	2.129163	0.925075	0.000000	0.000000	
22.317	1.060187	0.000000	2.114030	0.925075	0.000000	0.000000	
22.329	1.060187	0.000000	2.070395	0.925075	0.000000	0.000000	
22.340	1.060750	0.019132	2.049894	0.925075	0.000000	0.000000	
22.352	1.060750	0.019132	2.032165	0.925075	0.000000	0.000000	
22.364	1.061313	0.018725	2.031943	0.925075	0.000000	0.000000	
22.376	1.061875	0.037354	2.033686	0.925075	0.000000	0.000000	
22.387	1.061875	0.018629	2.026334	0.925075	0.000000	0.000000	
22.399	1.062438	0.037067	2.034314	0.925075	0.000000	0.000000	
22.411	1.063000	0.037541	2.040740	0.925075	0.000000	0.000000	
22.423	1.063000	0.019102	2.036400	0.925075	0.000000	0.000000	
22.435	1.063563	0.027267	2.040805	0.925075	0.000000	0.000000	
22.446	1.060750	0.000000	2.036679	0.925750	0.033754	0.000000	
22.458	1.044438	0.000000	2.030296	0.937225	0.438352	0.053891	
22.470	1.020813	0.000000	1.989125	0.966250	1.417318	0.398198	
22.482	1.000000	0.000000	1.963344	0.993250	2.171523	0.590665	
22.493	0.978063	0.000000	1.894720	1.007425	1.902093	0.570767	
22.505	0.958938	0.000000	1.852060	1.024300	1.498303	1.138313	
22.517	0.944875	0.000000	1.806614	1.039825	1.316555	1.848491	
22.528	0.931938	0.000000	1.682086	1.033750	0.641727	2.744735	
22.537	0.923500	0.000000	1.605910	1.029700	0.000000	2.835794	
22.549	0.921250	0.000000	1.519014	1.035100	0.000000	2.738775	
22.561	0.921250	0.000000	1.322792	1.045225	0.449663	2.230522	
22.573	0.924625	0.121720	1.208847	1.046575	0.519322	2.141085	
22.585	0.934187	0.440542	1.066594	1.037800	0.000000	2.085915	
22.596	0.945437	0.796606	1.135553	1.024300	0.000000	1.959936	
22.608	0.956688	0.964280	1.628275	1.014175	0.000000	1.510451	
22.620	0.970187	1.030925	1.977125	1.000675	0.000000	1.301606	
22.631	0.984250	1.124354	2.667200	0.981775	0.000000	0.912385	
22.643	0.999438	1.236990	3.028529	0.964225	0.000000	0.740409	
22.655	1.015750	1.329633	3.798230	0.946675	0.000000	0.390980	
22.667	1.029250	1.265021	4.176326	0.931150	0.000000	0.221137	
22.678	1.043313	1.180179	4.865930	0.917650	0.000000	0.000000	
22.690	1.052312	1.021549	5.117560	0.906850	0.000000	0.000000	
22.702	1.061313	0.853259	5.440491	0.896050	0.000000	0.000000	
22.714	1.067500	0.638162	5.489830	0.885925	0.000000	0.000000	
22.726	1.070313	0.413254	5.339050	0.881875	0.000000	0.000000	
22.737	1.070875	0.177944	5.157262	0.881875	0.000000	0.000000	
22.746	1.070875	0.074716	4.902699	0.882550	0.000000	0.000000	
22.758	1.069188	0.000000	4.222179	0.886600	0.168634	0.050590	
22.770	1.062438	0.000000	3.866592	0.896050	0.483215	0.114637	
22.782	1.056813	0.000000	3.246897	0.906175	0.775735	0.232721	
22.793	1.051188	0.000000	2.960348	0.915625	0.832310	0.259680	
22.805	1.043875	0.000000	2.694695	0.925075	0.831995	0.249696	
22.817	1.037688	0.000000	2.221822	0.937900	0.933464	0.273376	
22.829	1.033750	0.000000	1.994878	0.948025	0.945270	0.287011	
22.840	1.030375	0.000000	1.572973	0.954775	0.788628	0.556320	
22.852	1.028125	0.000000	1.374068	0.956125	0.428251	0.754971	
22.864	1.028125	0.000000	1.008912	0.956125	0.180731	0.783334	
22.876	1.028125	0.000000	0.828176	0.956125	0.000000	0.658975	
22.887	1.033750	0.196050	0.538153	0.956125	0.000000	0.285326	
22.899	1.044438	0.561956	0.501031	0.956125	0.000000	0.100455	
22.911	1.052312	0.759267	0.754362	0.956125	0.000000	0.000000	
22.923	1.057938	0.628244	0.982048	0.951400	0.000000	0.000000	
22.934	1.065250	0.534629	1.349167	0.937225	0.000000	0.000000	
22.946	1.075375	0.684701	1.507206	0.920350	0.000000	0.000000	
22.958	1.086625	0.863340	1.882411	0.907525	0.000000	0.000000	
22.970	1.096187	0.882341	2.137258	0.898075	0.000000	0.000000	
22.981	1.103500	0.751764	2.421495	0.884575	0.000000	0.000000	
22.993	1.109125	0.590521	2.866774	0.871750	0.000000	0.000000	
23.005	1.115875	0.562453	2.986118	0.860275	0.000000	0.000000	
23.017	1.122625	0.543626	3.168570	0.853525	0.000000	0.000000	
23.028	1.125437	0.440544	3.251138	0.850825	0.000000	0.000000	
23.040	1.126000	0.234136	3.319150	0.847450	0.000000	0.000000	
23.052	1.126000	0.056141	3.267900	0.846775	0.000000	0.000000	
23.064	1.126000	0.000000	3.001905	0.846775	0.000000	0.000000	
23.075	1.125437	0.000000	2.850609	0.848125	0.055943	0.000000	
23.084	1.122625	0.000000	2.705739	0.851500	0.168614	0.023530	
23.096	1.117000	0.000000	2.467687	0.858925	0.417069	0.111545	
23.108	1.113625	0.000000	2.370141	0.864325	0.505705	0.148632	
23.120	1.108000	0.000000	2.215894	0.869050	0.485161	0.141667	
23.131	1.101250	0.000000	2.149265	0.877150	0.506375	0.134734	
23.143	1.099000	0.000000	2.027196	0.883900	0.586518	0.175787	
23.155	1.095625	0.000000	1.970456	0.887275	0.507304	0.175936	
23.167	1.091688	0.000000	1.861193	0.889975	0.304038	0.101280	
23.178	1.090562	0.000000	1.804717	0.896050	0.347551	0.087411	
23.190	1.090000	0.000000	1.694371	0.899425	0.380451	0.114135	
23.202	1.089437	0.000000	1.636251	0.899425	0.235035	0.083942	
23.214	1.089437	0.000000	1.517747	0.899425	0.033686	0.010106	
23.225	1.090000	0.028081	1.458348	0.899425	0.000000	0.000000	
23.237	1.093938	0.149642	1.423410	0.899425	0.000000	0.000000	
23.249	1.097312	0.262861	1.454173	0.898075	0.000000	0.000000	
23.261	1.097875	0.196964	1.523157	0.894025	0.000000	0.000000	
23.273	1.101250	0.167964	1.676364	0.888625	0.000000	0.000000	
23.285	1.105750	0.261680	1.724427	0.885250	0.000000	0.000000	
23.296	1.106313	0.233011	1.872398	0.882550	0.000000	0.000000	
23.308	1.108562	0.158718	1.955157	0.879175	0.000000	0.000000	
23.320	1.111938	0.187635	2.078893	0.875800	0.000000	0.000000	
23.332	1.112500	0.187754	2.134060	0.873100	0.000000	0.000000	
23.344	1.112500	0.075648	2.236024	0.872425	0.000000	0.000000	
23.355	1.113063	0.018837	2.272178	0.872425	0.000000	0.000000	
23.367	1.113063	0.018837	2.258773	0.871750	0.000000	0.000000	
23.379	1.113063	0.000000	2.256511	0.871750	0.000000	0.000000	
23.391	1.112500	0.000000	2.252708	0.871750	0.000000	0.000000	
23.402	1.109687	0.000000	2.257254	0.872425	0.033442	0.000000	
23.414	1.106875	0.000000	2.279191	0.874450	0.100877	0.030263	
23.426	1.105750	0.000000	2.296108	0.876475	0.157136	0.040366	
23.435	1.104063	0.000000	2.315695	0.877150	0.157316	0.047141	
23.447	1.101812	0.000000	2.359689	0.878500	0.101443	0.040510	
23.459	1.100125	0.000000	2.382576	0.881200	0.169214	0.030500	
23.470	1.098438	0.000000	2.430094	0.883225	0.180327	0.050747	
23.482	1.096187	0.000000	2.452401	0.884575	0.156897	0.043836	
23.494	1.095625	0.000000	2.475854	0.885250	0.111782	0.040367	
23.506	1.094500	0.000000	2.521466	0.886600	0.089176	0.026778	
23.517	1.092813	0.000000	2.543286	0.887950	0.111792	0.026788	
23.529	1.092250	0.000000	2.582745	0.888625	0.089795	0.023569	
23.541	1.091688	0.000000	2.601910	0.888625	0.044717	0.020193	
23.553	1.090562	0.000000	2.636383	0.889975	0.056099	0.003357	
23.564	1.090562	0.000000	2.652709	0.889975	0.044651	0.013395	
23.576	1.090562	0.000000	2.683028	0.889975	0.022292	0.013395	
23.588	1.090000	0.000000	2.699774	0.889975	0.000000	0.006688	
23.600	1.089437	0.000000	2.721937	0.890650	0.022712	0.006813	
23.611	1.089437	0.000000	2.733996	0.890650	0.022712	0.006813	
23.623	1.089437	0.000000	2.755358	0.890650	0.022712	0.006813	
23.635	1.088875	0.000000	2.765554	0.890650	0.000000	0.000000	
23.647	1.088313	0.000000	2.784212	0.890650	0.000000	0.000000	
23.658	1.088313	0.000000	2.792937	0.891325	0.022162	0.000000	
23.667	1.088313	0.000000	2.800544	0.891325	0.022162	0.006649	
23.679	1.087750	0.000000	2.815155	0.891325	0.022162	0.006649	
23.691	1.087188	0.000000	2.821577	0.891325	0.000000	0.006649	
23.702	1.086625	0.000000	2.832479	0.892000	0.022410	0.006723	
23.714	1.086063	0.000000	2.837199	0.892675	0.044887	0.013466	
23.726	1.084937	0.000000	2.844613	0.893350	0.045215	0.013564	
23.738	1.084937	0.000000	2.847423	0.893350	0.022737	0.013564	
23.750	1.083812	0.000000	2.849471	0.894700	0.044968	0.013591	
23.761	1.082687	0.000000	2.851728	0.896050	0.090324	0.027097	
23.773	1.082687	0.000000	2.851945	0.897400	0.123955	0.033845	
23.785	1.081000	0.000000	2.850459	0.898075	0.101108	0.020204	
23.797	1.079875	0.000000	2.848587	0.898750	0.067257	0.020132	
23.808	1.079313	0.000000	2.843256	0.900100	0.101138	0.020238	
23.820	1.078187	0.000000	2.839688	0.900775	0.089761	0.027018	
23.832	1.077062	0.000000	2.830471	0.902125	0.089609	0.030241	
23.844	1.076500	0.000000	2.824959	0.903475	0.111856	0.023555	
23.855	1.075375	0.000000	2.812767	0.904825	0.112482	0.037117	
23.867	1.073688	0.000000	2.805693	0.905500	0.089916	0.037124	
23.879	1.073125	0.000000	2.789468	0.906850	0.100778	0.016770	
23.888	1.072562	0.000000	2.781219	0.908200	0.123141	0.026820	
23.900	1.071437	0.000000	2.772136	0.908875	0.111894	0.033568	
23.911	1.070875	0.000000	2.752319	0.909550	0.089995	0.030373	
23.923	1.070313	0.000000	2.742581	0.909550	0.011295	0.010145	
23.935	1.069750	0.000000	2.720995	0.911575	0.090312	0.030465	
23.947	1.069750	0.000000	2.709491	0.911575	0.067787	0.020336	
23.959	1.069750	0.000000	2.685829	0.911575	0.011428	0.013540	
23.970	1.069750	0.000000	2.672735	0.912250	0.034445	0.000000	
23.982	1.069188	0.000000	2.645729	0.912250	0.023146	0.006944	
23.994	1.067500	0.000000	2.632506	0.914950	0.123947	0.020308	
24.005	1.063563	0.000000	2.617859	0.918325	0.214623	0.040531	
24.017	1.060750	0.000000	2.586566	0.921025	0.270909	0.074726	
24.029	1.056813	0.000000	2.569296	0.925075	0.282985	0.088346	
24.041	1.062438	0.065569	2.551978	0.932500	0.443490	0.098305	
24.052	1.108562	1.764788	2.551978	0.958150	1.189345	0.098305	
24.064	1.164813	3.748602	2.551978	0.989875	2.096371	0.098305	
24.075	1.202500	4.217422	2.551978	1.012150	2.373478	0.098305	
24.086	1.240188	3.658402	2.551978	1.032400	2.048555	0.098305	
24.100	1.268875	3.054465	2.551978	1.045225	1.510213	0.098305	
24.112	1.287438	2.343446	2.551978	1.050625	1.075165	0.098305	
24.123	1.293063	1.550068	2.551978	1.050625	0.640701	0.098305	
24.134	1.293625	0.452365	2.551978	1.050625	0.058477	0.098305	
24.146	1.293625	0.072302	2.551978	1.050625	0.000000	0.098305	
24.158	1.293625	0.000000	2.551978	1.050625	0.000000	0.098305	
24.169	1.293625	0.000000	2.551978	1.050625	0.000000	0.098305	
24.181	1.293625	0.000000	2.551978	1.050625	0.000000	0.098305	
24.192	1.293625	0.000000	2.551978	1.050625	0.000000	0.098305	
24.204	1.293625	0.000000	2.551978	1.050625	0.000000	0.098305	
24.215	1.293625	0.000000	2.551978	1.050625	0.000000	0.098305	
24.227	1.293625	0.000000	2.551978	1.050625	0.000000	0.098305	
24.238	1.293625	0.000000	2.551978	1.050625	0.000000	0.098305	
24.250	1.293625	0.000000	2.551978	1.050625	0.000000	0.098305	
24.261	1.293625	0.000000	2.551978	1.050625	0.000000	0.098305	
24.273	1.293625	0.000000	2.551978	1.050625	0.000000	0.098305	
24.284	1.293625	0.000000	2.551978	1.050625	0.000000	0.098305	
24.295	1.293625	0.000000	2.551978	1.050625	0.000000	0.098305	
24.307	1.293625	0.000000	2.551978	1.050625	0.000000	0.098305	
24.318	1.293625	0.000000	2.551978	1.050625	0.000000	0.098305	
24.330	1.293625	0.000000	2.551978	1.050625	0.000000	0.098305	
24.341	1.293625	0.000000	2.551978	1.050625	0.000000	0.098305	
24.353	1.293625	0.000000	2.551978	1.050625	0.000000	0.098305	
24.364	1.293625	0.000000	2.551978	1.050625	0.000000	0.098305	
24.375	1.293625	0.000000	2.551978	1.050625	0.000000	0.098305	
24.387	1.293625	0.000000	2.551978	1.050625	0.000000	0.098305	
24.398	1.293625	0.000000	2.551978	1.050625	0.000000	0.098305	
24.410	1.293625	0.000000	2.551978	1.050625	0.000000	0.098305	
24.421	1.293625	0.000000	2.551978	1.050625	0.000000	0.098305	
24.434	1.293625	0.000000	2.551978	1.050625	0.000000	0.098305	
24.445	1.293625	0.000000	2.551978	1.050625	0.000000	0.098305	
24.456	1.293625	0.000000	2.551978	1.050625	0.000000	0.098305	
24.468	1.293625	0.000000	2.551978	1.050625	0.000000	0.098305	
24.479	1.293625	0.000000	2.551978	1.050625	0.000000	0.098305	
24.491	1.293625	0.000000	2.551978	1.050625	0.000000	0.098305	
24.502	1.293625	0.000000	2.551978	1.050625	0.000000	0.098305	
24.514	1.293625	0.000000	2.551978	1.050625	0.000000	0.098305	
24.525	1.293625	0.000000	2.551978	1.050625	0.000000	0.098305	
24.537	1.293625	0.000000	2.551978	1.050625	0.000000	0.098305	
24.548	1.293625	0.000000	2.551978	1.050625	0.000000	0.098305	
24.560	1.293625	0.000000	2.551978	1.050625	0.000000	0.098305	
24.571	1.293625	0.000000	2.551978	1.050625	0.000000	0.098305	
24.582	1.293625	0.000000	2.551978	1.050625	0.000000	0.098305	
24.594	1.293625	0.000000	2.551978	1.050625	0.000000	0.098305	
24.605	1.293625	0.000000	2.551978	1.050625	0.000000	0.098305	
