19.383	-2163.750000	0.000000	0.994820	-1676.250000	0.000000	0.811377	
19.395	-2163.750000	0.000000	0.993429	-1676.250000	0.000000	0.809923	
19.406	-2163.750000	0.000000	0.991010	-1676.250000	0.000000	0.805982	
19.418	-2163.750000	0.000000	0.990084	-1676.250000	0.000000	0.803917	
19.430	-2163.750000	0.000000	0.988404	-1676.250000	0.000000	0.800008	
19.441	-2163.750000	0.000000	0.987842	-1676.250000	0.000000	0.797992	
19.453	-2163.750000	0.000000	0.987023	-1676.250000	0.000000	0.795770	
19.464	-2163.750000	0.000000	0.986408	-1676.250000	0.000000	0.791148	
19.476	-2163.750000	0.000000	0.985092	-1676.250000	0.000000	0.788564	
19.487	-2163.750000	0.000000	0.984402	-1676.250000	0.000000	0.783153	
19.499	-2163.750000	0.000000	0.983437	-1676.250000	0.000000	0.780547	
19.510	-2163.750000	0.000000	0.981032	-1676.250000	0.000000	0.776068	
19.522	-2163.750000	0.000000	0.979450	-1676.250000	0.000000	0.774035	
19.534	-2163.750000	0.000000	0.975449	-1676.250000	0.000000	0.770644	
19.545	-2163.750000	0.000000	0.973166	-1676.250000	0.000000	0.769472	
19.557	-2163.750000	0.000000	0.967802	-1676.250000	0.000000	0.767621	
19.568	-2163.750000	0.000000	0.964530	-1676.250000	0.000000	0.767023	
19.580	-2163.750000	0.000000	0.956803	-1676.250000	0.000000	0.766637	
19.591	-2163.750000	0.000000	0.952447	-1676.250000	0.000000	0.766390	
19.603	-2163.750000	0.000000	0.948276	-1676.250000	0.000000	0.766452	
19.615	-2163.750000	0.000000	0.938728	-1676.250000	0.000000	0.766637	
19.626	-2163.750000	0.000000	0.933540	-1676.250000	0.000000	0.766869	
19.638	-2163.750000	0.000000	0.923332	-1676.250000	0.000000	0.767843	
19.649	-2163.750000	0.000000	0.918116	-1676.250000	0.000000	0.768559	
19.661	-2163.750000	0.000000	0.907759	-1676.250000	0.000000	0.769519	
19.672	-2163.750000	0.000000	0.902894	-1676.250000	0.000000	0.771654	
19.684	-2163.750000	0.000000	0.894078	-1676.250000	0.000000	0.772839	
19.695	-2163.750000	0.000000	0.889771	-1676.250000	0.000000	0.775713	
19.707	-2163.750000	0.000000	0.885792	-1676.250000	0.000000	0.777460	
19.718	-2163.750000	0.000000	0.878638	-1676.250000	0.000000	0.781605	
19.730	-2163.750000	0.000000	0.875386	-1676.250000	0.000000	0.784060	
19.742	-2163.750000	0.000000	0.869385	-1676.250000	0.000000	0.788892	
19.753	-2163.750000	0.000000	0.866607	-1676.250000	0.000000	0.791192	
19.765	-2163.750000	0.000000	0.860730	-1676.250000	0.000000	0.793384	
19.776	-2163.750000	0.000000	0.857538	-1676.250000	0.000000	0.796648	
19.788	-2163.750000	0.000000	0.850678	-1676.250000	0.000000	0.797863	
19.799	-2163.750000	0.000000	0.846855	-1676.250000	0.000000	0.799855	
19.811	-2163.750000	0.000000	0.842987	-1676.250000	0.000000	0.800584	
19.822	-2163.750000	0.000000	0.835368	-1676.250000	0.000000	0.801889	
19.834	-2163.750000	0.000000	0.831273	-1676.250000	0.000000	0.802574	
19.846	-2163.750000	0.000000	0.822155	-1676.250000	0.000000	0.804043	
19.858	-2163.750000	0.000000	0.817086	-1676.250000	0.000000	0.804942	
19.869	-2163.750000	0.000000	0.806814	-1676.250000	0.000000	0.807044	
19.881	-2163.750000	0.000000	0.801459	-1676.250000	0.000000	0.808199	
19.892	-2163.750000	0.000000	0.790702	-1676.250000	0.000000	0.809699	
19.904	-2163.750000	0.000000	0.785692	-1676.250000	0.000000	0.813206	
19.915	-2163.750000	0.000000	0.780345	-1676.250000	0.000000	0.815195	
19.927	-2163.750000	0.000000	0.769977	-1676.250000	0.000000	0.819910	
19.939	-2163.750000	0.000000	0.765112	-1676.250000	0.000000	0.822716	
19.950	-2163.750000	0.000000	0.756626	-1676.250000	0.000000	0.828948	
19.962	-2163.750000	0.000000	0.752870	-1676.250000	0.000000	0.832151	
19.973	-2163.750000	0.000000	0.746703	-1676.250000	0.000000	0.839191	
19.985	-2163.750000	0.000000	0.744460	-1676.250000	0.000000	0.842653	
19.997	-2163.750000	0.000000	0.741392	-1676.250000	0.000000	0.846142	
20.008	-2163.750000	0.000000	0.740847	-1676.250000	0.000000	0.852581	
20.020	-2163.750000	0.000000	0.741597	-1676.250000	0.000000	0.855890	
20.031	-2163.750000	0.000000	0.742873	-1676.250000	0.000000	0.862490	
20.043	-2163.750000	0.000000	0.744907	-1676.250000	0.000000	0.865710	
20.054	-2163.750000	0.000000	0.750772	-1676.250000	0.000000	0.871873	
20.064	-2163.750000	0.000000	0.754583	-1676.250000	0.000000	0.875077	
20.075	-2163.750000	0.000000	0.758837	-1676.250000	0.000000	0.878197	
20.087	-2163.750000	0.000000	0.768169	-1676.250000	0.000000	0.884227	
20.098	-2163.750000	0.000000	0.773508	-1676.250000	0.000000	0.887005	
20.110	-2163.750000	0.000000	0.784606	-1676.250000	0.000000	0.891939	
20.122	-2156.250000	0.055091	0.796248	-1676.250000	0.000000	0.894262	
20.133	-2156.250000	0.000000	0.883951	-1676.250000	0.000000	0.898320	
20.145	-2156.250000	0.000000	0.911030	-1676.250000	0.000000	0.900122	
20.156	-2156.250000	0.000000	0.911824	-1676.250000	0.000000	0.901740	
20.168	-2156.250000	0.000000	0.913089	-1676.250000	0.000000	0.904474	
20.180	-2156.250000	0.000000	0.914603	-1676.250000	0.000000	0.905414	
20.191	-2156.250000	0.000000	0.918622	-1676.250000	0.000000	0.906612	
20.203	-2156.250000	0.000000	0.921327	-1676.250000	0.000000	0.906744	
20.214	-2156.250000	0.000000	0.927475	-1676.250000	0.000000	0.905650	
20.226	-2156.250000	0.000000	0.930707	-1676.250000	0.000000	0.904266	
20.237	-2156.250000	0.000000	0.937400	-1676.250000	0.000000	0.900020	
20.249	-2156.250000	0.000000	0.941001	-1676.250000	0.000000	0.897530	
20.261	-2156.250000	0.000000	0.948398	-1676.250000	0.000000	0.894635	
20.272	-2156.250000	0.000000	0.952431	-1676.250000	0.000000	0.888201	
20.284	-2156.250000	0.000000	0.956422	-1676.250000	0.000000	0.884692	
20.295	-2156.250000	0.000000	0.964464	-1676.250000	0.000000	0.877555	
20.307	-2156.250000	0.000000	0.968184	-1676.250000	0.000000	0.873840	
20.319	-2156.250000	0.000000	0.975589	-1676.250000	0.000000	0.866809	
20.330	-2156.250000	0.000000	0.979077	-1676.250000	0.000000	0.863313	
20.342	-2156.250000	0.000000	0.985355	-1676.250000	0.000000	0.856286	
20.353	-2156.250000	0.000000	0.988491	-1676.250000	0.000000	0.852869	
20.365	-2156.250000	0.000000	0.994935	-1676.250000	0.000000	0.849800	
20.377	-2156.250000	0.000000	0.997993	-1676.250000	0.000000	0.843001	
20.388	-2156.250000	0.000000	1.004497	-1676.250000	0.000000	0.839366	
20.400	-2156.250000	0.000000	1.007809	-1676.250000	0.000000	0.832254	
20.411	-2156.250000	0.000000	1.011053	-1676.250000	0.000000	0.828767	
20.423	-2156.250000	0.000000	1.017008	-1676.250000	0.000000	0.822593	
20.434	-2156.250000	0.000000	1.019915	-1676.250000	0.000000	0.820030	
20.446	-2156.250000	0.000000	1.025235	-1676.250000	0.000000	0.815092	
20.458	-2156.250000	0.000000	1.027446	-1676.250000	0.000000	0.812952	
20.469	-2156.250000	0.000000	1.031916	-1676.250000	0.000000	0.809427	
20.481	-2156.250000	0.000000	1.033911	-1676.250000	0.000000	0.807838	
20.493	-2156.250000	0.000000	1.037232	-1676.250000	0.000000	0.806572	
20.504	-2156.250000	0.000000	1.038810	-1676.250000	0.000000	0.804544	
20.516	-2156.250000	0.000000	1.040143	-1676.250000	0.000000	0.803638	
20.527	-2156.250000	0.000000	1.042434	-1676.250000	0.000000	0.802298	
20.539	-2156.250000	0.000000	1.043508	-1676.250000	0.000000	0.801825	
20.551	-2156.250000	0.000000	1.045437	-1676.250000	0.000000	0.800970	
20.562	-2156.250000	0.000000	1.046363	-1676.250000	0.000000	0.800480	
20.574	-2156.250000	0.000000	1.048313	-1676.250000	0.000000	0.799157	
20.585	-2156.250000	0.000000	1.049273	-1676.250000	0.000000	0.798402	
20.597	-2156.250000	0.000000	1.051396	-1676.250000	0.000000	0.797578	
20.608	-2156.250000	0.000000	1.052634	-1676.250000	0.000000	0.795408	
20.620	-2156.250000	0.000000	1.053852	-1676.250000	0.000000	0.794043	
20.632	-2156.250000	0.000000	1.056594	-1676.250000	0.000000	0.790873	
20.643	-2156.250000	0.000000	1.058096	-1676.250000	0.000000	0.789341	
20.655	-2156.250000	0.000000	1.060995	-1676.250000	0.000000	0.786692	
20.667	-2122.500000	0.601345	1.062426	-1642.500000	0.721085	0.785641	
20.678	-1886.250000	3.382513	1.288985	-1383.750000	4.522155	1.318141	
20.690	-1833.750000	0.085740	2.724622	-1271.250000	0.943874	3.494552	
20.702	-2171.250000	0.000000	4.508859	-1691.250000	0.000000	5.566284	
20.713	-2313.750000	0.000000	4.301483	-2036.250000	0.000000	5.276536	
20.725	-2066.250000	3.187150	4.237868	-1755.000000	5.108207	4.995283	
20.737	-2137.500000	0.000000	5.603679	-1590.000000	1.446157	6.946191	
20.748	-2332.500000	0.000000	6.122583	-1901.250000	0.000000	9.330402	
20.760	-2220.000000	1.886593	5.835517	-1972.500000	0.000000	8.661704	
20.772	-2197.500000	0.000000	5.761624	-1770.000000	3.072648	8.258872	
20.783	-2291.250000	0.000000	6.619373	-1796.250000	0.000000	9.696380	
20.795	-2238.750000	0.840500	6.300445	-1901.250000	0.000000	9.779978	
20.807	-2231.250000	0.000000	6.031064	-1848.750000	0.980378	8.731931	
20.818	-2250.000000	0.000000	6.073614	-1822.500000	0.372186	8.423418	
20.830	-2242.500000	0.028271	5.455562	-1848.750000	0.000000	8.161712	
20.842	-2227.500000	0.163585	5.149069	-1852.500000	0.042701	7.625960	
20.853	-2223.750000	0.056518	4.701746	-1852.500000	0.000000	7.146863	
20.865	-2208.750000	0.224216	4.457258	-1848.750000	0.068176	6.282093	
20.877	-2193.750000	0.166404	4.267720	-1830.000000	0.274486	5.860700	
20.888	-2190.000000	0.056450	3.971120	-1815.000000	0.164714	5.316016	
20.900	-2175.000000	0.254135	3.759506	-1811.250000	0.068113	5.065985	
20.911	-2160.000000	0.224177	3.367606	-1796.250000	0.172159	4.381844	
20.923	-2145.000000	0.140832	3.261899	-1766.250000	0.404869	4.127615	
20.935	-2137.500000	0.113220	2.980749	-1751.250000	0.201897	3.835400	
20.946	-2122.500000	0.228071	2.786286	-1751.250000	0.000000	3.670424	
20.958	-2100.000000	0.281503	2.494665	-1732.500000	0.236678	3.103979	
20.970	-2088.750000	0.086071	2.448420	-1691.250000	0.609272	2.970536	
20.982	-2088.750000	0.000000	2.284604	-1680.000000	0.135276	2.968132	
20.993	-2081.250000	0.114946	2.091270	-1680.000000	0.000000	2.820516	
21.005	-2055.000000	0.252441	1.846659	-1676.250000	0.101406	2.566772	
21.017	-2040.000000	0.168548	1.853632	-1646.250000	0.572959	2.108028	
21.028	-2040.000000	0.000000	1.842172	-1608.750000	0.607232	2.069873	
21.040	-2036.250000	0.056612	1.638397	-1601.250000	0.067214	2.345443	
21.052	-2021.250000	0.224360	1.556474	-1608.750000	0.000000	2.287114	
21.063	-2006.250000	0.222309	1.496912	-1608.750000	0.000000	1.899376	
21.075	-2002.500000	0.000000	1.525160	-1597.500000	0.207119	1.730728	
21.087	-2002.500000	0.000000	1.473150	-1567.500000	0.508054	1.621213	
21.098	-2002.500000	0.000000	1.387046	-1560.000000	0.133865	1.738053	
21.110	-1991.250000	0.083246	1.242622	-1560.000000	0.000000	1.802795	
21.122	-1980.000000	0.085234	1.257324	-1560.000000	0.000000	1.598277	
21.133	-1976.250000	0.056348	1.303343	-1560.000000	0.000000	1.478055	
21.145	-1976.250000	0.000000	1.250196	-1548.750000	0.201507	1.283195	
21.156	-1976.250000	0.000000	1.188576	-1530.000000	0.269127	1.248159	
21.168	-1968.750000	0.112548	1.086405	-1526.250000	0.067440	1.361010	
21.180	-1965.000000	0.056308	1.053482	-1526.250000	0.000000	1.374950	
21.191	-1961.250000	0.000000	1.047671	-1526.250000	0.000000	1.230713	
21.203	-1961.250000	0.000000	1.037159	-1526.250000	0.000000	1.168349	
21.215	-1957.500000	0.055150	0.979844	-1515.000000	0.134614	1.080199	
21.226	-1953.750000	0.056149	0.984199	-1507.500000	0.139736	1.120796	
21.238	-1953.750000	0.000000	0.994354	-1507.500000	0.000000	1.232844	
21.250	-1953.750000	0.000000	0.972107	-1507.500000	0.000000	1.186060	
21.261	-1950.000000	0.056451	0.937255	-1507.500000	0.000000	1.145498	
21.273	-1950.000000	0.000000	0.930220	-1507.500000	0.000000	1.079163	
21.285	-1950.000000	0.000000	0.947086	-1503.750000	0.063667	1.050717	
21.296	-1946.250000	0.055786	0.929022	-1496.250000	0.169112	1.045136	
21.308	-1946.250000	0.000000	0.929728	-1496.250000	0.000000	1.046992	
21.320	-1946.250000	0.000000	0.949279	-1496.250000	0.000000	1.044182	
21.331	-1946.250000	0.000000	0.947844	-1496.250000	0.000000	1.029363	
21.343	-1946.250000	0.000000	0.950117	-1496.250000	0.000000	1.006903	
21.354	-1946.250000	0.000000	0.953408	-1492.500000	0.067631	0.997795	
21.366	-1946.250000	0.000000	0.965019	-1492.500000	0.000000	1.025486	
21.378	-1946.250000	0.000000	0.972950	-1492.500000	0.000000	1.019878	
21.390	-1946.250000	0.000000	0.992363	-1492.500000	0.000000	1.015179	
21.401	-1946.250000	0.000000	1.004486	-1492.500000	0.000000	1.011071	
21.413	-1946.250000	0.000000	1.017294	-1492.500000	0.000000	1.011347	
21.424	-1946.250000	0.000000	1.045456	-1492.500000	0.000000	1.014684	
21.434	-1946.250000	0.000000	1.062595	-1492.500000	0.000000	1.017848	
21.445	-1946.250000	0.000000	1.095330	-1492.500000	0.000000	1.022609	
21.457	-1946.250000	0.000000	1.112791	-1492.500000	0.000000	1.033784	
21.469	-1946.250000	0.000000	1.131272	-1492.500000	0.000000	1.040505	
21.480	-1946.250000	0.000000	1.167242	-1492.500000	0.000000	1.055597	
21.492	-1946.250000	0.000000	1.185731	-1492.500000	0.000000	1.063101	
21.504	-1946.250000	0.000000	1.223093	-1492.500000	0.000000	1.079857	
21.515	-1946.250000	0.000000	1.240478	-1492.500000	0.000000	1.088391	
21.527	-1946.250000	0.000000	1.278270	-1492.500000	0.000000	1.096312	
21.539	-1946.250000	0.000000	1.295204	-1492.500000	0.000000	1.112878	
21.550	-1946.250000	0.000000	1.327286	-1492.500000	0.000000	1.120803	
21.562	-1946.250000	0.000000	1.343426	-1492.500000	0.000000	1.135197	
21.574	-1946.250000	0.000000	1.359203	-1492.500000	0.000000	1.142164	
21.585	-1946.250000	0.000000	1.389419	-1492.500000	0.000000	1.156637	
21.597	-1946.250000	0.000000	1.404697	-1500.000000	0.000000	1.164237	
21.609	-1935.000000	0.084851	1.441317	-1507.500000	0.000000	1.177819	
21.620	-1927.500000	0.111391	1.490369	-1515.000000	0.000000	1.184155	
21.632	-1920.000000	0.028094	1.618028	-1530.000000	0.000000	1.196344	
21.644	-1912.500000	0.025595	1.653869	-1541.250000	0.000000	1.201184	
21.652	-1905.000000	0.084220	1.741436	-1548.750000	0.000000	1.205347	
21.664	-1890.000000	0.140349	1.886163	-1567.500000	0.000000	1.211606	
21.676	-1882.500000	0.112656	1.970948	-1586.250000	0.000000	1.211506	
21.687	-1871.250000	0.168356	2.073411	-1597.500000	0.000000	1.206228	
21.699	-1848.750000	0.281324	2.130452	-1620.000000	0.000000	1.200315	
21.711	-1830.000000	0.225222	2.380791	-1642.500000	0.000000	1.191862	
21.722	-1822.500000	0.112605	2.520691	-1665.000000	0.000000	1.159728	
21.734	-1811.250000	0.168899	2.623434	-1687.500000	0.000000	1.135618	
21.745	-1781.250000	0.309549	2.719330	-1710.000000	0.000000	1.073188	
21.757	-1758.750000	0.253852	2.873166	-1725.000000	0.000000	1.033000	
21.769	-1751.250000	0.140073	3.150632	-1743.750000	0.000000	0.939345	
21.780	-1728.750000	0.370682	3.216846	-1770.000000	0.000000	0.884192	
21.792	-1698.750000	0.421690	3.412073	-1788.750000	0.000000	0.765644	
21.804	-1680.000000	0.223725	3.590511	-1796.250000	0.000000	0.696612	
21.815	-1680.000000	0.000000	3.785352	-1807.500000	0.000000	0.548038	
21.827	-1653.750000	0.337722	3.793624	-1815.000000	0.000000	0.472869	
21.839	-1623.750000	0.326285	4.048354	-1815.000000	0.000000	0.389402	
21.850	-1620.000000	0.000000	4.279985	-1818.750000	0.033747	0.216107	
21.862	-1616.250000	0.056302	4.396607	-1818.750000	0.000000	0.131105	
21.873	-1601.250000	0.254105	4.415987	-1818.750000	0.000000	0.000000	
21.885	-1586.250000	0.140046	4.489523	-1818.750000	0.000000	0.000000	
21.897	-1586.250000	0.000000	4.768320	-1818.750000	0.000000	0.000000	
21.908	-1582.500000	0.056165	4.784058	-1818.750000	0.000000	0.000000	
21.920	-1567.500000	0.172247	4.818245	-1818.750000	0.000000	0.000000	
21.932	-1560.000000	0.056263	4.886049	-1822.500000	0.000000	0.000000	
21.943	-1560.000000	0.000000	5.058238	-1830.000000	0.000000	0.000000	
21.955	-1556.250000	0.056183	5.055709	-1837.500000	0.000000	0.000000	
21.966	-1548.750000	0.140545	5.098453	-1837.500000	0.000000	0.000000	
21.978	-1548.750000	0.000000	5.133817	-1837.500000	0.000000	0.000000	
21.990	-1548.750000	0.000000	5.162148	-1837.500000	0.000000	0.000000	
22.001	-1548.750000	0.000000	5.165369	-1837.500000	0.000000	0.000000	
22.013	-1548.750000	0.000000	5.167819	-1837.500000	0.000000	0.000000	
22.024	-1548.750000	0.000000	5.172744	-1837.500000	0.000000	0.000000	
22.036	-1548.750000	0.000000	5.175067	-1837.500000	0.000000	0.000000	
22.048	-1556.250000	0.000000	5.178839	-1837.500000	0.000000	0.000000	
22.059	-1567.500000	0.000000	5.180154	-1837.500000	0.000000	0.000000	
22.071	-1571.250000	0.000000	5.180907	-1837.500000	0.000000	0.000000	
22.083	-1582.500000	0.000000	5.180257	-1830.000000	0.135121	0.000000	
22.094	-1593.750000	0.000000	5.175216	-1818.750000	0.102436	0.000000	
22.106	-1601.250000	0.000000	5.170739	-1807.500000	0.203149	0.000000	
22.118	-1616.250000	0.000000	5.164962	-1792.500000	0.202911	0.000000	
22.129	-1627.500000	0.000000	5.148731	-1781.250000	0.205925	0.000000	
22.141	-1646.250000	0.000000	5.138873	-1770.000000	0.204891	0.000000	
22.153	-1661.250000	0.000000	5.113044	-1755.000000	0.202545	0.000000	
22.164	-1680.000000	0.000000	5.097534	-1736.250000	0.239512	0.000000	
22.176	-1713.750000	0.000000	5.062452	-1706.250000	0.506668	0.000000	
22.188	-1732.500000	0.000000	5.040550	-1680.000000	0.404724	0.000000	
22.198	-1755.000000	0.000000	5.016204	-1661.250000	0.514816	0.006607	
22.210	-1803.750000	0.000000	4.955342	-1635.000000	0.405500	0.474994	
22.221	-1841.250000	0.000000	4.917588	-1635.000000	0.000000	0.640058	
22.233	-1882.500000	0.000000	4.823390	-1627.500000	0.166905	0.662115	
22.244	-1946.250000	0.000000	4.768944	-1582.500000	0.877016	0.682550	
22.256	-2002.500000	0.000000	4.630418	-1496.250000	1.263841	0.876915	
22.268	-2077.500000	0.000000	4.548644	-1470.000000	0.202473	2.051651	
22.279	-2171.250000	0.000000	4.365391	-1488.750000	0.000000	2.467455	
22.291	-2246.250000	0.000000	4.257950	-1466.250000	0.470666	2.373291	
22.303	-2313.750000	0.000000	4.141576	-1353.750000	1.858953	2.384822	
22.315	-2392.500000	0.000000	3.891827	-1267.500000	1.051805	3.692466	
22.326	-2441.250000	0.000000	3.766277	-1308.750000	0.000000	4.526219	
22.338	-2478.750000	0.000000	3.479259	-1350.000000	0.000000	4.521107	
22.349	-2490.000000	0.000000	3.328192	-1301.250000	0.815516	4.379552	
22.361	-2490.000000	0.000000	3.021995	-1271.250000	0.338912	4.705966	
22.373	-2486.250000	0.056428	2.860013	-1293.750000	0.000000	4.893081	
22.384	-2471.250000	0.226742	2.594500	-1312.500000	0.000000	4.740275	
22.396	-2456.250000	0.171287	2.537203	-1312.500000	0.000000	4.441984	
22.408	-2437.500000	0.225358	2.422708	-1312.500000	0.000000	4.307591	
22.419	-2415.000000	0.338120	2.331276	-1312.500000	0.000000	4.061182	
22.431	-2381.250000	0.390472	2.295179	-1327.500000	0.000000	3.937157	
22.443	-2358.750000	0.280326	2.351852	-1353.750000	0.000000	3.697535	
22.454	-2328.750000	0.394646	2.345345	-1372.500000	0.000000	3.589158	
22.466	-2287.500000	0.564417	2.381259	-1398.750000	0.000000	3.367645	
22.478	-2253.750000	0.477067	2.518497	-1428.750000	0.000000	3.257970	
22.489	-2238.750000	0.228504	2.709725	-1455.000000	0.000000	3.045190	
22.501	-2197.500000	0.592087	2.685633	-1481.250000	0.000000	2.932889	
22.513	-2160.000000	0.448635	2.821594	-1500.000000	0.000000	2.818139	
22.524	-2160.000000	0.000000	2.953427	-1503.750000	0.000000	2.592000	
22.536	-2156.250000	0.082627	2.780905	-1507.500000	0.000000	2.472454	
22.548	-2137.500000	0.281543	2.651113	-1507.500000	0.000000	2.232028	
22.559	-2126.250000	0.084248	2.628844	-1507.500000	0.000000	2.110817	
22.571	-2130.000000	0.000000	2.688047	-1488.750000	0.269898	1.887534	
22.583	-2141.250000	0.000000	2.614931	-1462.500000	0.440828	1.857653	
22.594	-2141.250000	0.000000	2.435720	-1455.000000	0.134242	2.000958	
22.606	-2145.000000	0.000000	2.362398	-1455.000000	0.000000	1.959138	
22.617	-2156.250000	0.000000	2.243500	-1440.000000	0.267604	1.757140	
22.629	-2163.750000	0.000000	2.191346	-1402.500000	0.540403	1.766901	
22.641	-2167.500000	0.000000	2.102132	-1395.000000	0.033987	2.122927	
22.652	-2178.750000	0.000000	2.063834	-1398.750000	0.000000	2.089325	
22.664	-2182.500000	0.000000	1.998520	-1395.000000	0.101324	1.976286	
22.676	-2182.500000	0.000000	1.968846	-1383.750000	0.236293	1.796146	
22.687	-2186.250000	0.000000	1.941190	-1368.750000	0.270063	1.770989	
22.699	-2186.250000	0.000000	1.891486	-1365.000000	0.000000	1.929665	
22.710	-2186.250000	0.000000	1.867932	-1365.000000	0.000000	1.917591	
22.722	-2186.250000	0.000000	1.824012	-1365.000000	0.000000	1.787754	
22.734	-2186.250000	0.000000	1.803370	-1365.000000	0.000000	1.733422	
22.745	-2186.250000	0.000000	1.764945	-1365.000000	0.000000	1.646167	
22.757	-2182.500000	0.056126	1.745747	-1365.000000	0.000000	1.613476	
22.769	-2182.500000	0.000000	1.741640	-1365.000000	0.000000	1.584167	
22.780	-2182.500000	0.000000	1.720786	-1361.250000	0.067467	1.540175	
22.792	-2182.500000	0.000000	1.679904	-1357.500000	0.000000	1.530705	
22.804	-2178.750000	0.056570	1.660044	-1357.500000	0.000000	1.581894	
22.815	-2178.750000	0.000000	1.645751	-1357.500000	0.000000	1.572599	
22.827	-2178.750000	0.000000	1.631339	-1357.500000	0.000000	1.563552	
22.839	-2178.750000	0.000000	1.609187	-1357.500000	0.000000	1.562443	
22.850	-2175.000000	0.056160	1.569112	-1357.500000	0.000000	1.566883	
22.860	-2175.000000	0.000000	1.555877	-1357.500000	0.000000	1.571978	
22.870	-2175.000000	0.000000	1.561441	-1357.500000	0.000000	1.580908	
22.881	-2175.000000	0.000000	1.540003	-1357.500000	0.000000	1.590072	
22.893	-2171.250000	0.056654	1.504861	-1357.500000	0.000000	1.610933	
22.905	-2171.250000	0.000000	1.512184	-1357.500000	0.000000	1.623767	
22.916	-2171.250000	0.000000	1.468446	-1357.500000	0.000000	1.651734	
22.928	-2167.500000	0.055697	1.457111	-1357.500000	0.000000	1.667506	
22.940	-2167.500000	0.000000	1.487428	-1357.500000	0.000000	1.684562	
22.952	-2167.500000	0.000000	1.463774	-1357.500000	0.000000	1.720451	
22.963	-2163.750000	0.054806	1.425882	-1357.500000	0.000000	1.737914	
22.975	-2160.000000	0.054896	1.436348	-1357.500000	0.000000	1.776516	
22.987	-2160.000000	0.000000	1.455942	-1357.500000	0.000000	1.796533	
22.998	-2160.000000	0.000000	1.458388	-1357.500000	0.000000	1.836207	
23.010	-2160.000000	0.000000	1.434560	-1361.250000	0.000000	1.857229	
23.022	-2156.250000	0.056429	1.392358	-1365.000000	0.000000	1.901197	
23.034	-2152.500000	0.056240	1.378621	-1365.000000	0.000000	1.922488	
23.045	-2148.750000	0.056754	1.388453	-1368.750000	0.000000	1.968427	
23.057	-2148.750000	0.000000	1.395500	-1372.500000	0.000000	1.991343	
23.069	-2141.250000	0.028374	1.363593	-1380.000000	0.000000	2.035763	
23.080	-2133.750000	0.112112	1.388652	-1383.750000	0.000000	2.058744	
23.092	-2130.000000	0.056411	1.484075	-1395.000000	0.000000	2.102925	
23.104	-2126.250000	0.085617	1.487017	-1402.500000	0.000000	2.122499	
23.116	-2111.250000	0.253443	1.458017	-1413.750000	0.000000	2.142466	
23.128	-2100.000000	0.167792	1.557052	-1425.000000	0.000000	2.179184	
23.139	-2096.250000	0.000000	1.717976	-1443.750000	0.000000	2.195298	
23.151	-2081.250000	0.253347	1.696425	-1470.000000	0.000000	2.221359	
23.163	-2036.250000	0.646675	1.684549	-1496.250000	0.000000	2.231360	
23.174	-1998.750000	0.507672	2.106901	-1541.250000	0.000000	2.242649	
23.186	-1983.750000	0.168708	2.418965	-1601.250000	0.000000	2.240916	
23.197	-1946.250000	0.534313	2.623569	-1650.000000	0.000000	2.216414	
23.209	-1882.500000	0.844964	2.709370	-1695.000000	0.000000	2.190640	
23.221	-1848.750000	0.366876	3.416993	-1743.750000	0.000000	2.118690	
23.232	-1837.500000	0.113759	3.647659	-1800.000000	0.000000	2.071966	
23.241	-1796.250000	0.733794	3.661706	-1845.000000	0.000000	2.016884	
23.253	-1706.250000	1.123842	3.914308	-1901.250000	0.000000	1.886422	
23.265	-1665.000000	0.336855	4.429202	-1965.000000	0.000000	1.807865	
23.276	-1661.250000	0.055071	5.038334	-2017.500000	0.000000	1.624676	
23.288	-1593.750000	0.932419	4.954746	-2051.250000	0.000000	1.528560	
23.300	-1518.750000	0.874819	5.419490	-2085.000000	0.000000	1.418591	
23.311	-1511.250000	0.028053	5.912702	-2118.750000	0.000000	1.180217	
23.323	-1481.250000	0.487768	5.929218	-2156.250000	0.000000	1.053580	
23.335	-1417.500000	0.842911	5.957069	-2167.500000	0.000000	0.789327	
23.346	-1398.750000	0.199164	6.190777	-2171.250000	0.000000	0.644268	
23.358	-1395.000000	0.056655	6.583321	-2171.250000	0.000000	0.359385	
23.369	-1368.750000	0.308730	6.487164	-2171.250000	0.000000	0.224870	
23.381	-1350.000000	0.139642	6.562692	-2171.250000	0.000000	0.000000	
23.393	-1350.000000	0.000000	6.616488	-2167.500000	0.066834	0.000000	
23.404	-1350.000000	0.000000	6.445584	-2163.750000	0.067963	0.000000	
23.416	-1350.000000	0.000000	6.364161	-2160.000000	0.066836	0.000000	
23.428	-1350.000000	0.000000	6.224756	-2152.500000	0.133603	0.000000	
23.439	-1353.750000	0.000000	6.168828	-2137.500000	0.269284	0.000000	
23.451	-1380.000000	0.000000	6.119700	-2115.000000	0.302687	0.000000	
23.462	-1398.750000	0.000000	6.040952	-2092.500000	0.304160	0.000000	
23.474	-1421.250000	0.000000	6.007046	-2062.500000	0.506059	0.000000	
23.486	-1458.750000	0.000000	5.951376	-2032.500000	0.472149	0.000000	
23.497	-1477.500000	0.000000	5.923138	-2010.000000	0.407649	0.000000	
23.509	-1511.250000	0.000000	5.862774	-1980.000000	0.403742	0.000000	
23.521	-1560.000000	0.000000	5.829049	-1946.250000	0.575874	0.000000	
23.532	-1590.000000	0.000000	5.751322	-1908.750000	0.606816	0.027970	
23.544	-1635.000000	0.000000	5.703107	-1852.500000	0.810071	0.247252	
23.556	-1695.000000	0.000000	5.587945	-1830.000000	0.237414	0.533139	
23.567	-1755.000000	0.000000	5.524353	-1830.000000	0.000000	0.853109	
23.579	-1826.250000	0.000000	5.366653	-1777.500000	0.911787	0.758164	
23.590	-1905.000000	0.000000	5.275721	-1657.500000	2.055393	0.973539	
23.602	-1972.500000	0.000000	5.183142	-1597.500000	0.642489	1.775697	
23.614	-2043.750000	0.000000	4.959450	-1672.500000	0.000000	2.909388	
23.625	-2107.500000	0.000000	4.834330	-1706.250000	0.000000	2.702322	
23.635	-2133.750000	0.000000	4.701142	-1608.750000	1.762647	2.504685	
23.647	-2160.000000	0.000000	4.352955	-1522.500000	1.587117	2.556623	
23.659	-2223.750000	0.000000	4.185826	-1560.000000	0.000000	4.162542	
23.670	-2242.500000	0.000000	4.023134	-1608.750000	0.000000	4.056205	
23.682	-2268.750000	0.000000	3.700058	-1533.750000	1.350955	3.621710	
23.694	-2283.750000	0.000000	3.528087	-1470.000000	0.809447	3.734790	
23.705	-2283.750000	0.000000	3.178597	-1496.250000	0.000000	4.621029	
23.717	-2283.750000	0.000000	3.024729	-1522.500000	0.000000	4.337241	
23.729	-2283.750000	0.000000	2.658677	-1488.750000	0.539956	3.861286	
23.740	-2268.750000	0.252848	2.475192	-1477.500000	0.201422	3.867726	
23.752	-2231.250000	0.421971	2.265869	-1492.500000	0.000000	3.914846	
23.764	-2205.000000	0.281812	2.343342	-1511.250000	0.000000	3.514159	
23.775	-2190.000000	0.253176	2.330726	-1515.000000	0.033782	3.298128	
23.787	-2148.750000	0.565541	2.286476	-1522.500000	0.000000	2.879934	
23.798	-2107.500000	0.560006	2.317082	-1541.250000	0.000000	2.686679	
23.810	-2092.500000	0.169744	2.569642	-1556.250000	0.000000	2.331798	
23.822	-2073.750000	0.310739	2.513786	-1560.000000	0.000000	2.159139	
23.833	-2032.500000	0.559854	2.328506	-1560.000000	0.000000	1.837588	
23.845	-2017.500000	0.084700	2.465535	-1560.000000	0.000000	1.686762	
23.857	-2017.500000	0.000000	2.483636	-1560.000000	0.000000	1.415052	
23.868	-2017.500000	0.000000	2.317290	-1560.000000	0.000000	1.285121	
23.880	-2013.750000	0.056791	2.049466	-1537.500000	0.336740	1.161969	
23.892	-2013.750000	0.000000	1.941577	-1503.750000	0.505290	1.112684	
23.904	-2013.750000	0.000000	1.776403	-1488.750000	0.101607	1.287492	
23.915	-2021.250000	0.000000	1.700856	-1488.750000	0.000000	1.468012	
23.927	-2036.250000	0.000000	1.629179	-1477.500000	0.201488	1.346982	
23.938	-2047.500000	0.000000	1.510113	-1432.500000	0.742728	1.289879	
23.950	-2055.000000	0.000000	1.463669	-1410.000000	0.203688	1.513993	
23.962	-2066.250000	0.000000	1.381378	-1421.250000	0.000000	1.933315	
23.973	-2073.750000	0.000000	1.346617	-1425.000000	0.000000	1.830046	
23.985	-2073.750000	0.000000	1.288988	-1417.500000	0.169606	1.655226	
23.997	-2073.750000	0.000000	1.263939	-1402.500000	0.168288	1.610237	
24.008	-2073.750000	0.000000	1.223242	-1402.500000	0.000000	1.678684	
24.020	-2070.000000	0.056808	1.206973	-1406.250000	0.000000	1.742007	
24.031	-2058.750000	0.168229	1.231696	-1413.750000	0.000000	1.685499	
24.043	-2051.250000	0.028093	1.317751	-1417.500000	0.033700	1.597408	
24.055	-2051.250000	0.000000	1.383577	-1417.500000	0.000000	1.560355	
24.066	-2047.500000	0.056802	1.360672	-1425.000000	0.000000	1.501307	
24.078	-2036.250000	0.112544	1.361597	-1425.000000	0.000000	1.478151	
24.090	-2032.500000	0.000000	1.509341	-1425.000000	0.000000	1.443441	
24.101	-2032.500000	0.000000	1.544328	-1425.000000	0.000000	1.429886	
24.113	-2032.500000	0.000000	1.507049	-1425.000000	0.000000	1.412228	
24.125	-2032.500000	0.000000	1.492723	-1425.000000	0.000000	1.407219	
24.136	-2032.500000	0.000000	1.470760	-1425.000000	0.000000	1.403065	
24.148	-2032.500000	0.000000	1.462141	-1425.000000	0.000000	1.403609	
24.160	-2032.500000	0.000000	1.450351	-1425.000000	0.000000	1.406462	
24.171	-2032.500000	0.000000	1.447110	-1425.000000	0.000000	1.417083	
24.183	-2032.500000	0.000000	1.444034	-1425.000000	0.000000	1.424394	
24.195	-2032.500000	0.000000	1.444292	-1425.000000	0.000000	1.442049	
24.206	-2032.500000	0.000000	1.445486	-1425.000000	0.000000	1.452633	
24.218	-2032.500000	0.000000	1.449963	-1425.000000	0.000000	1.475525	
24.230	-2032.500000	0.000000	1.453293	-1425.000000	0.000000	1.486971	
24.241	-2032.500000	0.000000	1.461332	-1425.000000	0.000000	1.513639	
24.253	-2032.500000	0.000000	1.466155	-1425.000000	0.000000	1.527940	
24.265	-2032.500000	0.000000	1.477215	-1425.000000	0.000000	1.556562	
24.274	-2032.500000	0.000000	1.483187	-1425.000000	0.000000	1.571811	
24.285	-2032.500000	0.000000	1.488701	-1425.000000	0.000000	1.587429	
24.297	-2032.500000	0.000000	1.500455	-1425.000000	0.000000	1.618896	
24.309	-2032.500000	0.000000	1.506328	-1428.750000	0.000000	1.633616	
24.320	-2032.500000	0.000000	1.517915	-1436.250000	0.000000	1.649233	
24.332	-2032.500000	0.000000	1.523964	-1436.250000	0.000000	1.679981	
24.343	-2032.500000	0.000000	1.536010	-1436.250000	0.000000	1.694285	
24.355	-2032.500000	0.000000	1.541570	-1436.250000	0.000000	1.723643	
24.367	-2032.500000	0.000000	1.547757	-1440.000000	0.000000	1.737693	
24.378	-2032.500000	0.000000	1.560040	-1440.000000	0.000000	1.765410	
24.390	-2032.500000	0.000000	1.565941	-1440.000000	0.000000	1.778449	
24.402	-2036.250000	0.000000	1.577246	-1443.750000	0.033570	1.805061	
24.414	-2062.500000	0.000000	1.582605	-1440.000000	0.067206	1.817721	
24.425	-2107.500000	0.000000	1.590311	-1413.750000	0.505919	1.931579	
24.437	-2152.500000	0.000000	1.591773	-1350.000000	0.944520	2.180247	
24.448	-2216.250000	0.000000	1.586463	-1327.500000	0.303633	2.659768	
24.460	-2283.750000	0.000000	1.576644	-1327.500000	0.000000	3.322480	
24.472	-2340.000000	0.000000	1.538372	-1278.750000	0.876219	3.280077	
24.483	-2388.750000	0.000000	1.510392	-1188.750000	1.484989	3.670873	
24.495	-2433.750000	0.000000	1.477650	-1173.750000	0.000000	4.394781	
24.507	-2471.250000	0.000000	1.387985	-1196.250000	0.000000	4.956274	
24.518	-2497.500000	0.000000	1.332112	-1177.500000	0.371049	4.835782	
24.530	-2508.750000	0.000000	1.202881	-1132.500000	0.668508	4.849494	
24.542	-2512.500000	0.028146	1.126806	-1125.000000	0.000000	5.142385	
24.553	-2512.500000	0.000000	0.956045	-1125.000000	0.000000	5.181660	
24.565	-2512.500000	0.000000	0.868736	-1125.000000	0.000000	5.056439	
24.576	-2505.000000	0.140768	0.676291	-1125.000000	0.000000	4.939972	
24.588	-2482.500000	0.280598	0.618120	-1125.000000	0.000000	4.735925	
24.600	-2463.750000	0.225775	0.671185	-1125.000000	0.000000	4.639766	
24.611	-2456.250000	0.111286	0.700327	-1128.750000	0.000000	4.464170	
24.623	-2441.250000	0.225841	0.654347	-1143.750000	0.000000	4.384032	
24.635	-2407.500000	0.366346	0.554177	-1155.000000	0.000000	4.242105	
24.644	-2388.750000	0.253249	0.645863	-1170.000000	0.000000	4.175742	
24.655	-2381.250000	0.027066	0.736518	-1188.750000	0.000000	4.112901	
24.667	-2373.750000	0.110748	0.768396	-1203.750000	0.000000	3.991983	
24.678	-2340.000000	0.450151	0.700642	-1218.750000	0.000000	3.937630	
24.690	-2302.500000	0.449559	0.877356	-1245.000000	0.000000	3.834950	
24.702	-2287.500000	0.142866	1.079778	-1290.000000	0.000000	3.782437	
24.713	-2253.750000	0.447859	1.204418	-1342.500000	0.000000	3.728537	
24.725	-2171.250000	1.099933	1.321974	-1410.000000	0.000000	3.620251	
24.737	-2111.250000	0.703226	2.101368	-1481.250000	0.000000	3.558249	
24.749	-2092.500000	0.196242	2.463887	-1567.500000	0.000000	3.416911	
24.760	-2032.500000	0.896968	2.561927	-1650.000000	0.000000	3.336596	
24.772	-1923.750000	1.405754	2.873712	-1721.250000	0.000000	3.159970	
24.784	-1878.750000	0.407820	3.398910	-1792.500000	0.000000	3.060052	
24.795	-1878.750000	0.000000	4.183315	-1863.750000	0.000000	2.856317	
24.807	-1822.500000	0.871796	4.054473	-1920.000000	0.000000	2.744210	
24.819	-1740.000000	0.983838	4.227913	-1946.250000	0.000000	2.503516	
24.830	-1747.500000	0.000000	4.689612	-1957.500000	0.000000	2.377063	
24.842	-1758.750000	0.000000	4.769684	-1961.250000	0.000000	2.116400	
24.854	-1758.750000	0.000000	4.630076	-1957.500000	0.067734	1.993126	
24.865	-1766.250000	0.000000	4.414361	-1923.750000	0.539686	1.877565	
24.877	-1815.000000	0.000000	4.324267	-1852.500000	1.077658	1.966700	
24.889	-1875.000000	0.000000	4.172030	-1815.000000	0.440301	2.352829	
24.900	-1927.500000	0.000000	4.106259	-1811.250000	0.066273	2.820200	
24.912	-2006.250000	0.000000	4.049481	-1736.250000	1.285014	2.663897	
24.924	-2085.000000	0.000000	3.927884	-1608.750000	1.883696	3.159017	
24.935	-2160.000000	0.000000	3.860465	-1593.750000	0.133793	4.019526	
24.947	-2246.250000	0.000000	3.712457	-1605.000000	0.000000	4.385977	
24.959	-2306.250000	0.000000	3.636251	-1515.000000	1.551111	4.123215	
24.970	-2355.000000	0.000000	3.461589	-1398.750000	1.857564	4.776848	
24.982	-2411.250000	0.000000	3.367315	-1402.500000	0.000000	5.583078	
24.994	-2445.000000	0.000000	3.169292	-1421.250000	0.000000	5.835149	
25.005	-2456.250000	0.000000	3.058805	-1372.500000	0.913353	5.213633	
25.017	-2460.000000	0.000000	2.820719	-1338.750000	0.339443	5.172675	
25.029	-2456.250000	0.054731	2.704960	-1357.500000	0.000000	5.440716	
25.040	-2426.250000	0.394972	2.594623	-1380.000000	0.000000	5.140026	
25.052	-2385.000000	0.506175	2.582667	-1383.750000	0.000000	4.621640	
25.064	-2355.000000	0.393607	2.709704	-1413.750000	0.000000	4.380966	
25.075	-2313.750000	0.649034	2.844822	-1458.750000	0.000000	3.932477	
25.087	-2253.750000	0.731703	2.965905	-1488.750000	0.000000	3.733882	
25.098	-2220.000000	0.451222	3.386337	-1522.500000	0.000000	3.327089	
25.110	-2193.750000	0.309036	3.494225	-1567.500000	0.000000	3.128836	
25.122	-2133.750000	0.703280	3.530340	-1593.750000	0.000000	2.933831	
25.133	-2096.250000	0.477222	3.716429	-1601.250000	0.000000	2.558067	
25.145	-2092.500000	0.000000	3.940169	-1612.500000	0.000000	2.368969	
25.157	-2088.750000	0.056445	3.747630	-1616.250000	0.000000	2.009378	
25.168	-2066.250000	0.281416	3.571046	-1612.500000	0.066800	1.831095	
25.180	-2066.250000	0.000000	3.427770	-1575.000000	0.642146	1.522252	
25.192	-2092.500000	0.000000	3.373049	-1526.250000	0.741932	1.551294	
25.203	-2122.500000	0.000000	3.137285	-1515.000000	0.101324	1.946974	
25.215	-2152.500000	0.000000	3.043327	-1503.750000	0.238394	1.960235	
25.227	-2197.500000	0.000000	2.871352	-1440.000000	1.114087	1.732704	
25.238	-2231.250000	0.000000	2.793679	-1357.500000	1.246519	1.992980	
25.250	-2265.000000	0.000000	2.647016	-1361.250000	0.000000	2.904898	
25.262	-2321.250000	0.000000	2.573513	-1365.000000	0.066529	2.772928	
25.273	-2351.250000	0.000000	2.420955	-1308.750000	1.113809	2.549861	
25.285	-2370.000000	0.000000	2.347199	-1222.500000	1.247700	2.693783	
25.297	-2396.250000	0.000000	2.266251	-1237.500000	0.000000	3.303790	
25.308	-2411.250000	0.000000	2.090668	-1282.500000	0.000000	3.346842	
25.320	-2411.250000	0.000000	1.997563	-1241.250000	0.808740	3.089851	
25.331	-2411.250000	0.000000	1.804723	-1203.750000	0.574084	3.093241	
25.343	-2388.750000	0.281322	1.709221	-1237.500000	0.000000	3.300757	
25.355	-2362.500000	0.311206	1.698424	-1275.000000	0.000000	2.905117	
25.366	-2343.750000	0.196993	1.810665	-1271.250000	0.068280	2.672287	
25.378	-2313.750000	0.423227	1.867543	-1275.000000	0.000000	2.300911	
25.390	-2268.750000	0.617474	1.901118	-1293.750000	0.000000	2.100611	
25.401	-2242.500000	0.394513	2.203307	-1320.000000	0.000000	1.906638	
25.413	-2235.000000	0.112829	2.274843	-1327.500000	0.000000	1.539778	
25.424	-2208.750000	0.337409	2.215613	-1327.500000	0.000000	1.377203	
25.436	-2171.250000	0.449904	2.191931	-1327.500000	0.000000	1.053940	
25.448	-2171.250000	0.000000	2.325504	-1327.500000	0.000000	0.900712	
25.459	-2171.250000	0.000000	2.233716	-1323.750000	0.068088	0.619676	
25.471	-2171.250000	0.000000	2.102152	-1297.500000	0.403582	0.495565	
25.483	-2175.000000	0.000000	1.889417	-1256.250000	0.606182	0.621468	
25.494	-2190.000000	0.000000	1.795998	-1237.500000	0.238023	0.844433	
25.506	-2212.500000	0.000000	1.635577	-1237.500000	0.000000	0.988513	
25.518	-2231.250000	0.000000	1.570451	-1222.500000	0.306321	0.856102	
25.529	-2246.250000	0.000000	1.448913	-1166.250000	0.938904	0.815785	
25.541	-2268.750000	0.000000	1.391783	-1125.000000	0.505803	1.257544	
25.553	-2291.250000	0.000000	1.336760	-1140.000000	0.000000	1.672826	
25.564	-2306.250000	0.000000	1.230321	-1147.500000	0.000000	1.563062	
25.576	-2317.500000	0.000000	1.172613	-1121.250000	0.403241	1.461848	
25.587	-2321.250000	0.000000	1.056397	-1091.250000	0.472354	1.531829	
25.599	-2321.250000	0.000000	0.992375	-1095.000000	0.000000	1.704125	
25.611	-2321.250000	0.000000	0.858520	-1106.250000	0.000000	1.616750	
25.622	-2313.750000	0.110294	0.787974	-1110.000000	0.033713	1.537224	
25.634	-2283.750000	0.422804	0.735152	-1110.000000	0.000000	1.426583	
25.646	-2261.250000	0.280317	0.837540	-1113.750000	0.000000	1.376624	
25.657	-2261.250000	0.000000	1.015637	-1132.500000	0.000000	1.336856	
25.669	-2246.250000	0.250858	0.945556	-1155.000000	0.000000	1.275053	
25.681	-2208.750000	0.505553	0.918745	-1170.000000	0.000000	1.254287	
25.692	-2193.750000	0.139597	1.225388	-1185.000000	0.000000	1.230625	
25.704	-2193.750000	0.000000	1.337108	-1211.250000	0.000000	1.223244	
25.716	-2186.250000	0.112104	1.194666	-1230.000000	0.000000	1.215696	
25.727	-2152.500000	0.448721	1.140633	-1237.500000	0.000000	1.212892	
25.739	-2137.500000	0.083825	1.406641	-1248.750000	0.000000	1.207280	
25.751	-2141.250000	0.000000	1.527065	-1260.000000	0.000000	1.203753	
25.762	-2141.250000	0.000000	1.397922	-1267.500000	0.000000	1.190396	
25.774	-2141.250000	0.000000	1.342499	-1267.500000	0.000000	1.181105	
25.786	-2133.750000	0.140369	1.267226	-1267.500000	0.000000	1.168448	
25.798	-2133.750000	0.000000	1.266766	-1267.500000	0.000000	1.135215	
25.809	-2133.750000	0.000000	1.234917	-1267.500000	0.000000	1.116001	
25.821	-2133.750000	0.000000	1.212489	-1263.750000	0.101427	1.074344	
25.833	-2133.750000	0.000000	1.192178	-1256.250000	0.117683	1.062460	
25.844	-2137.500000	0.000000	1.158418	-1256.250000	0.000000	1.143497	
25.856	-2141.250000	0.000000	1.145611	-1256.250000	0.000000	1.149313	
25.867	-2141.250000	0.000000	1.123502	-1256.250000	0.000000	1.116065	
25.879	-2141.250000	0.000000	1.114794	-1256.250000	0.000000	1.104810	
25.890	-2141.250000	0.000000	1.099444	-1256.250000	0.000000	1.096559	
25.902	-2141.250000	0.000000	1.092672	-1256.250000	0.000000	1.089070	
25.914	-2141.250000	0.000000	1.081107	-1256.250000	0.000000	1.089744	
25.926	-2141.250000	0.000000	1.075632	-1256.250000	0.000000	1.099573	
25.937	-2141.250000	0.000000	1.071225	-1256.250000	0.000000	1.108940	
25.949	-2141.250000	0.000000	1.061164	-1256.250000	0.000000	1.134848	
25.961	-2141.250000	0.000000	1.055800	-1256.250000	0.000000	1.152189	
25.972	-2141.250000	0.000000	1.046047	-1256.250000	0.000000	1.194200	
25.984	-2141.250000	0.000000	1.040884	-1256.250000	0.000000	1.218213	
25.996	-2141.250000	0.000000	1.030057	-1256.250000	0.000000	1.269557	
26.007	-2141.250000	0.000000	1.025262	-1256.250000	0.000000	1.298243	
26.019	-2141.250000	0.000000	1.014501	-1256.250000	0.000000	1.359184	
26.030	-2141.250000	0.000000	1.008738	-1260.000000	0.000000	1.389218	
26.042	-2137.500000	0.055888	1.002421	-1263.750000	0.000000	1.422773	
26.054	-2137.500000	0.000000	1.023137	-1263.750000	0.000000	1.511953	
26.065	-2137.500000	0.000000	1.015669	-1267.500000	0.000000	1.543632	
26.077	-2137.500000	0.000000	1.001723	-1271.250000	0.000000	1.613276	
26.089	-2133.750000	0.056571	0.994287	-1275.000000	0.000000	1.648509	
26.100	-2130.000000	0.056126	0.986967	-1282.500000	0.000000	1.717199	
26.112	-2130.000000	0.000000	1.013441	-1290.000000	0.000000	1.752383	
26.123	-2126.250000	0.084300	1.021349	-1297.500000	0.000000	1.822708	
26.135	-2118.750000	0.110876	1.017644	-1308.750000	0.000000	1.855478	
26.147	-2111.250000	0.111604	1.098034	-1323.750000	0.000000	1.922862	
26.158	-2107.500000	0.056211	1.141636	-1335.000000	0.000000	1.954979	
26.170	-2107.500000	0.000000	1.164643	-1338.750000	0.000000	1.986481	
26.182	-2107.500000	0.000000	1.145956	-1338.750000	0.000000	2.043587	
26.193	-2145.000000	0.000000	1.129136	-1316.250000	0.439637	2.071104	
26.205	-2212.500000	0.000000	1.094881	-1252.500000	1.043358	2.386875	
26.217	-2265.000000	0.000000	1.077065	-1211.250000	0.642055	2.849389	
26.228	-2317.500000	0.000000	1.039911	-1211.250000	0.000000	3.747993	
26.240	-2385.000000	0.000000	1.017196	-1200.000000	0.238219	3.732092	
26.252	-2418.750000	0.000000	0.953254	-1140.000000	1.080971	3.768740	
26.263	-2430.000000	0.000000	0.914454	-1098.750000	0.537752	4.186684	
26.275	-2452.500000	0.000000	0.815294	-1125.000000	0.000000	4.865214	
26.287	-2467.500000	0.000000	0.757985	-1128.750000	0.033720	4.770213	
26.298	-2467.500000	0.000000	0.630540	-1117.500000	0.202261	4.682693	
26.310	-2467.500000	0.000000	0.557392	-1110.000000	0.067983	4.635365	
26.322	-2467.500000	0.000000	0.397446	-1110.000000	0.000000	4.617410	
26.333	-2463.750000	0.056502	0.316953	-1110.000000	0.000000	4.501925	
26.345	-2445.000000	0.226387	0.235305	-1110.000000	0.000000	4.432115	
26.357	-2422.500000	0.280272	0.215329	-1110.000000	0.000000	4.308065	
26.369	-2415.000000	0.027974	0.284301	-1110.000000	0.000000	4.249168	
26.380	-2415.000000	0.000000	0.310645	-1110.000000	0.000000	4.140246	
26.392	-2415.000000	0.000000	0.230146	-1106.250000	0.000000	4.097462	
26.403	-2411.250000	0.084677	0.042603	-1102.500000	0.066958	4.042453	
26.415	-2400.000000	0.168395	0.000000	-1102.500000	0.000000	4.029507	
26.427	-2385.000000	0.169937	0.000000	-1098.750000	0.067181	3.946924	
26.439	-2381.250000	0.056496	0.000000	-1098.750000	0.000000	3.913316	
26.450	-2381.250000	0.000000	0.000000	-1095.000000	0.067755	3.911070	
26.462	-2381.250000	0.000000	0.000000	-1095.000000	0.000000	3.881205	
26.474	-2377.500000	0.084266	0.000000	-1095.000000	0.000000	3.850985	
26.490	-2362.500000	0.167875	0.000000	-1095.000000	0.000000	3.793928	
26.502	-2332.500000	0.348337	0.000000	-1106.250000	0.000000	3.742980	
26.514	-2287.500000	0.561072	0.000000	-1151.250000	0.000000	3.722089	
26.526	-2227.500000	0.788709	0.347990	-1207.500000	0.000000	3.683733	
26.537	-2182.500000	0.619289	0.669681	-1286.250000	0.000000	3.664845	
26.549	-2145.000000	0.449949	1.212622	-1395.000000	0.000000	3.623364	
26.561	-2066.250000	1.125415	1.401810	-1503.750000	0.000000	3.593800	
26.572	-1950.000000	1.659232	2.097616	-1608.750000	0.000000	3.506538	
26.584	-1875.000000	0.759263	2.803498	-1728.750000	0.000000	3.447583	
26.595	-1867.500000	0.028495	3.769327	-1845.000000	0.000000	3.383765	
26.607	-1792.500000	1.117959	3.659916	-1965.000000	0.000000	3.226898	
26.619	-1627.500000	2.167499	3.738406	-2062.500000	0.000000	3.134821	
26.630	-1586.250000	0.363165	5.317595	-2115.000000	0.000000	2.926572	
26.642	-1605.000000	0.000000	5.913526	-2186.250000	0.000000	2.806386	
26.654	-1552.500000	0.758096	5.537637	-2235.000000	0.000000	2.541264	
26.666	-1500.000000	0.506114	5.519781	-2235.000000	0.000000	2.405007	
26.677	-1522.500000	0.000000	6.001618	-2231.250000	0.100529	2.098977	
26.689	-1548.750000	0.000000	5.778760	-2201.250000	0.572583	1.960675	
26.701	-1575.000000	0.000000	5.393099	-2137.500000	1.011778	2.080105	
26.712	-1642.500000	0.000000	5.238438	-2081.250000	0.843395	2.394912	
26.724	-1728.750000	0.000000	4.940146	-2051.250000	0.508423	2.808221	
26.735	-1807.500000	0.000000	4.800887	-1998.750000	1.011998	3.006984	
26.747	-1916.250000	0.000000	4.542493	-1871.250000	1.957300	3.075406	
26.759	-2017.500000	0.000000	4.409086	-1766.250000	1.347512	4.317133	
26.770	-2111.250000	0.000000	4.274917	-1758.750000	0.032621	5.065651	
26.782	-2223.750000	0.000000	4.004184	-1702.500000	1.117281	5.014913	
26.794	-2291.250000	0.000000	3.858827	-1552.500000	2.306566	4.935237	
26.805	-2351.250000	0.000000	3.555715	-1488.750000	0.843128	6.358847	
26.817	-2426.250000	0.000000	3.396485	-1496.250000	0.000000	6.856353	
26.829	-2452.500000	0.000000	3.068404	-1447.500000	0.877267	6.185112	
26.841	-2460.000000	0.000000	2.887378	-1372.500000	1.118681	6.086062	
26.852	-2460.000000	0.000000	2.507594	-1380.000000	0.000000	6.558772	
26.864	-2448.750000	0.168635	2.321871	-1402.500000	0.000000	6.253108	
26.876	-2392.500000	0.760540	2.092361	-1406.250000	0.000000	5.877946	
26.888	-2340.000000	0.674823	2.246085	-1436.250000	0.000000	5.240744	
26.899	-2310.000000	0.478882	2.564592	-1492.500000	0.000000	4.951149	
26.911	-2242.500000	0.927372	2.559366	-1548.750000	0.000000	4.423804	
26.922	-2152.500000	1.240587	2.634045	-1597.500000	0.000000	4.197418	
26.934	-2103.750000	0.534654	3.290483	-1668.750000	0.000000	3.745384	
26.946	-2055.000000	0.645123	3.487299	-1736.250000	0.000000	3.529811	
26.957	-1968.750000	1.265610	3.495337	-1777.500000	0.000000	3.131774	
26.969	-1901.250000	0.728497	3.721001	-1826.250000	0.000000	2.932747	
26.981	-1890.000000	0.112207	4.197050	-1871.250000	0.000000	2.547553	
26.992	-1860.000000	0.477886	3.958521	-1890.000000	0.000000	2.369793	
27.004	-1792.500000	0.815573	3.697943	-1893.750000	0.000000	2.179865	
27.016	-1792.500000	0.000000	3.869217	-1890.000000	0.067426	1.804543	
27.027	-1811.250000	0.000000	3.573359	-1871.250000	0.375625	1.626046	
27.039	-1811.250000	0.000000	3.313646	-1818.750000	0.853241	1.515588	
27.051	-1818.750000	0.000000	3.094539	-1777.500000	0.573980	1.669684	
27.063	-1856.250000	0.000000	2.690099	-1773.750000	0.000000	2.089519	
27.074	-1893.750000	0.000000	2.512441	-1747.500000	0.437478	1.975767	
27.086	-1920.000000	0.000000	2.206807	-1653.750000	1.485399	1.854814	
27.098	-1953.750000	0.000000	2.067512	-1601.250000	0.746258	2.290824	
27.109	-1995.000000	0.000000	1.810939	-1623.750000	0.000000	3.016567	
27.121	-2021.250000	0.000000	1.698123	-1616.250000	0.234730	2.733099	
27.132	-2036.250000	0.000000	1.469665	-1545.000000	1.284307	2.458308	
27.144	-2040.000000	0.000000	1.358631	-1500.000000	0.539606	2.792635	
27.155	-2040.000000	0.000000	1.151575	-1541.250000	0.000000	3.287017	
27.167	-2040.000000	0.000000	1.046184	-1575.000000	0.000000	2.980478	
27.179	-2017.500000	0.365500	0.943140	-1545.000000	0.439071	2.739967	
27.190	-1972.500000	0.702638	0.895452	-1545.000000	0.000000	2.604513	
27.202	-1938.750000	0.393119	1.079299	-1578.750000	0.000000	2.500329	
27.214	-1938.750000	0.000000	1.454273	-1612.500000	0.000000	2.106929	
27.225	-1905.000000	0.482545	1.365524	-1616.250000	0.000000	1.924488	
27.237	-1830.000000	0.956241	1.462991	-1635.000000	0.000000	1.590754	
27.249	-1811.250000	0.141050	1.853719	-1665.000000	0.000000	1.442356	
27.260	-1818.750000	0.000000	2.159862	-1676.250000	0.000000	1.137675	
27.272	-1811.250000	0.112082	2.018170	-1676.250000	0.000000	0.990066	
27.284	-1770.000000	0.504826	1.931667	-1676.250000	0.000000	0.843389	
27.295	-1762.500000	0.026109	2.133746	-1672.500000	0.067570	0.567868	
27.307	-1788.750000	0.000000	2.292161	-1642.500000	0.506034	0.441196	
27.319	-1815.000000	0.000000	2.111296	-1605.000000	0.607223	0.523883	
27.330	-1818.750000	0.000000	2.037920	-1578.750000	0.302979	0.692857	
27.342	-1860.000000	0.000000	1.932595	-1575.000000	0.000000	0.959920	
27.354	-1912.500000	0.000000	1.890193	-1552.500000	0.439403	0.836615	
27.365	-1942.500000	0.000000	1.811392	-1466.250000	1.385832	0.833175	
27.377	-1983.750000	0.000000	1.776637	-1406.250000	0.741501	1.323918	
27.388	-2043.750000	0.000000	1.695826	-1432.500000	0.000000	2.126704	
27.400	-2096.250000	0.000000	1.651022	-1443.750000	0.000000	1.926297	
27.412	-2122.500000	0.000000	1.550684	-1357.500000	1.484960	1.726855	
27.423	-2156.250000	0.000000	1.492485	-1282.500000	1.147684	2.121425	
27.435	-2193.750000	0.000000	1.362630	-1320.000000	0.000000	2.770860	
27.447	-2201.250000	0.000000	1.294472	-1380.000000	0.000000	2.766959	
27.458	-2205.000000	0.028728	1.219494	-1327.500000	0.910133	2.510185	
27.470	-2205.000000	0.000000	1.057832	-1278.750000	0.607440	2.520855	
27.482	-2190.000000	0.227680	0.972795	-1323.750000	0.000000	2.821179	
27.493	-2156.250000	0.450421	0.901300	-1376.250000	0.000000	2.385073	
27.505	-2130.000000	0.337175	1.016019	-1365.000000	0.200315	2.114913	
27.517	-2103.750000	0.366847	1.212911	-1365.000000	0.000000	1.754047	
27.528	-2066.250000	0.506669	1.254793	-1387.500000	0.000000	1.574390	
27.540	-2025.000000	0.451157	1.581051	-1413.750000	0.000000	1.336326	
27.552	-2013.750000	0.111997	1.781638	-1417.500000	0.033084	0.908145	
27.563	-2002.500000	0.167859	1.726083	-1417.500000	0.000000	0.707797	
27.575	-1961.250000	0.506718	1.654610	-1417.500000	0.000000	0.341829	
27.587	-1950.000000	0.083827	1.731451	-1413.750000	0.101365	0.173365	
27.598	-1957.500000	0.000000	1.930247	-1391.250000	0.406836	0.000000	
27.610	-1968.750000	0.000000	1.839406	-1353.750000	0.541752	0.000000	
27.622	-1976.250000	0.000000	1.704078	-1335.000000	0.337524	0.141784	
27.633	-2006.250000	0.000000	1.658080	-1320.000000	0.167787	0.204166	
27.645	-2051.250000	0.000000	1.580701	-1293.750000	0.404626	0.213179	
27.657	-2088.750000	0.000000	1.549851	-1233.750000	0.981329	0.260876	
27.668	-2126.250000	0.000000	1.501017	-1192.500000	0.640837	0.462775	
27.680	-2186.250000	0.000000	1.476589	-1188.750000	0.000000	1.137058	
27.691	-2235.000000	0.000000	1.416072	-1185.000000	0.066189	1.154146	
27.703	-2268.750000	0.000000	1.384374	-1121.250000	1.042400	0.985238	
27.715	-2313.750000	0.000000	1.346165	-1038.750000	1.080398	1.232486	
27.726	-2351.250000	0.000000	1.254874	-1068.750000	0.000000	2.411003	
27.738	-2377.500000	0.000000	1.202745	-1125.000000	0.000000	2.398067	
27.750	-2388.750000	0.000000	1.081493	-1080.000000	0.776787	2.117846	
27.761	-2388.750000	0.000000	1.010173	-1042.500000	0.575241	2.129283	
27.773	-2388.750000	0.000000	0.852719	-1068.750000	0.000000	2.653980	
27.785	-2373.750000	0.232453	0.770782	-1113.750000	0.000000	2.530447	
27.796	-2332.500000	0.562584	0.755560	-1117.500000	0.033713	2.331250	
27.808	-2298.750000	0.393846	0.925474	-1121.250000	0.000000	2.255838	
27.820	-2283.750000	0.251929	1.166230	-1170.000000	0.000000	2.182960	
27.831	-2238.750000	0.630869	1.145121	-1222.500000	0.000000	2.050146	
27.843	-2175.000000	0.844297	1.170452	-1256.250000	0.000000	1.987813	
27.854	-2148.750000	0.225134	1.804775	-1293.750000	0.000000	1.874125	
27.863	-2148.750000	0.000000	1.989711	-1342.500000	0.000000	1.805729	
27.875	-2107.500000	0.618866	1.921838	-1395.000000	0.000000	1.742968	
27.887	-2028.750000	0.984283	1.954381	-1413.750000	0.000000	1.612580	
27.899	-2013.750000	0.000000	2.364846	-1440.000000	0.000000	1.539967	
27.910	-2025.000000	0.000000	2.684170	-1473.750000	0.000000	1.387689	
27.922	-2010.000000	0.254553	2.529278	-1485.000000	0.000000	1.299660	
27.934	-1980.000000	0.365367	2.394969	-1485.000000	0.000000	1.112273	
27.945	-1980.000000	0.000000	2.515887	-1485.000000	0.000000	1.010746	
27.957	-1998.750000	0.000000	2.424562	-1462.500000	0.337787	0.911949	
27.969	-2013.750000	0.000000	2.340902	-1425.000000	0.640823	0.848848	
27.980	-2028.750000	0.000000	2.200436	-1402.500000	0.302795	1.040689	
27.992	-2073.750000	0.000000	2.144020	-1398.750000	0.067863	1.347154	
28.003	-2107.500000	0.000000	2.094229	-1380.000000	0.371440	1.211492	
28.015	-2133.750000	0.000000	1.994924	-1301.250000	1.215831	1.171382	
28.027	-2178.750000	0.000000	1.945879	-1256.250000	0.576527	1.554183	
28.038	-2220.000000	0.000000	1.844199	-1275.000000	0.000000	2.245983	
28.050	-2246.250000	0.000000	1.788908	-1271.250000	0.169495	2.042507	
28.062	-2276.250000	0.000000	1.666484	-1203.750000	1.180312	1.835255	
28.073	-2295.000000	0.000000	1.604266	-1155.000000	0.675687	2.128834	
28.085	-2302.500000	0.000000	1.459776	-1181.250000	0.000000	2.624488	
28.097	-2313.750000	0.000000	1.381313	-1211.250000	0.000000	2.547032	
28.108	-2313.750000	0.000000	1.222832	-1181.250000	0.471775	2.359961	
28.120	-2310.000000	0.054988	1.149067	-1166.250000	0.203047	2.272740	
28.132	-2280.000000	0.421944	1.066051	-1181.250000	0.000000	2.337677	
28.143	-2253.750000	0.310134	1.156316	-1207.500000	0.000000	2.087502	
28.155	-2246.250000	0.055697	1.256701	-1211.250000	0.000000	1.948103	
28.167	-2220.000000	0.422202	1.231987	-1222.500000	0.000000	1.702004	
28.178	-2171.250000	0.674639	1.185022	-1248.750000	0.000000	1.588758	
28.190	-2148.750000	0.195584	1.576730	-1271.250000	0.000000	1.378645	
28.202	-2148.750000	0.000000	1.681659	-1282.500000	0.000000	1.274713	
28.213	-2130.000000	0.309910	1.477337	-1297.500000	0.000000	1.175474	
28.225	-2081.250000	0.590362	1.464073	-1305.000000	0.000000	0.988211	
28.237	-2077.500000	0.000000	1.926672	-1305.000000	0.000000	0.894883	
28.248	-2096.250000	0.000000	1.893669	-1305.000000	0.000000	0.711331	
28.260	-2096.250000	0.000000	1.790926	-1305.000000	0.000000	0.627966	
28.271	-2096.250000	0.000000	1.647475	-1297.500000	0.133442	0.454993	
28.283	-2096.250000	0.000000	1.580426	-1263.750000	0.573349	0.397055	
28.295	-2103.750000	0.000000	1.466377	-1230.000000	0.439232	0.663495	
28.306	-2137.500000	0.000000	1.421049	-1226.250000	0.068018	0.912386	
28.318	-2160.000000	0.000000	1.337801	-1226.250000	0.000000	0.939474	
28.330	-2178.750000	0.000000	1.301254	-1207.500000	0.370232	0.855846	
28.341	-2197.500000	0.000000	1.238743	-1155.000000	0.911780	0.953140	
28.353	-2216.250000	0.000000	1.205824	-1132.500000	0.236654	1.347108	
28.365	-2235.000000	0.000000	1.134955	-1158.750000	0.000000	1.676421	
28.376	-2250.000000	0.000000	1.098858	-1166.250000	0.000000	1.621097	
28.388	-2253.750000	0.028329	1.056110	-1147.500000	0.336697	1.557554	
28.399	-2253.750000	0.000000	0.962797	-1136.250000	0.101650	1.628253	
28.411	-2253.750000	0.000000	0.910290	-1136.250000	0.000000	1.818736	
28.423	-2246.250000	0.140671	0.800102	-1158.750000	0.000000	1.762426	
28.434	-2223.750000	0.364442	0.751792	-1162.500000	0.000000	1.741284	
28.446	-2201.250000	0.281499	0.868803	-1170.000000	0.000000	1.728957	
28.458	-2197.500000	0.057150	0.979524	-1203.750000	0.000000	1.733302	
28.469	-2182.500000	0.225670	0.923888	-1233.750000	0.000000	1.741890	
28.481	-2137.500000	0.562208	0.908279	-1252.500000	0.000000	1.766535	
28.493	-2111.250000	0.338545	1.270334	-1282.500000	0.000000	1.781262	
28.504	-2111.250000	0.000000	1.393544	-1323.750000	0.000000	1.806480	
28.516	-2088.750000	0.366151	1.366392	-1357.500000	0.000000	1.813572	
28.528	-2032.500000	0.732101	1.363096	-1376.250000	0.000000	1.815682	
28.539	-2017.500000	0.140811	1.611505	-1406.250000	0.000000	1.809669	
28.551	-2017.500000	0.000000	1.944909	-1440.000000	0.000000	1.782677	
28.562	-2013.750000	0.084660	1.855611	-1455.000000	0.000000	1.760269	
28.574	-1976.250000	0.506106	1.756385	-1470.000000	0.000000	1.698262	
28.586	-1957.500000	0.140166	1.915136	-1477.500000	0.000000	1.661574	
28.597	-1965.000000	0.000000	2.218708	-1477.500000	0.000000	1.617892	
28.609	-1972.500000	0.000000	2.150625	-1477.500000	0.000000	1.535450	
28.621	-1972.500000	0.000000	2.044670	-1477.500000	0.000000	1.478645	
28.632	-1972.500000	0.000000	2.004090	-1477.500000	0.000000	1.360549	
28.644	-1976.250000	0.000000	1.965220	-1458.750000	0.226396	1.303221	
28.656	-1995.000000	0.000000	1.904069	-1436.250000	0.336960	1.420539	
28.668	-2010.000000	0.000000	1.879769	-1432.500000	0.000000	1.602074	
28.679	-2025.000000	0.000000	1.833225	-1432.500000	0.000000	1.649563	
28.691	-2043.750000	0.000000	1.812240	-1417.500000	0.304226	1.575427	
28.703	-2058.750000	0.000000	1.771905	-1383.750000	0.438144	1.607831	
28.714	-2066.250000	0.000000	1.750180	-1376.250000	0.033176	1.860849	
28.726	-2077.500000	0.000000	1.706121	-1380.000000	0.000000	1.971930	
28.737	-2088.750000	0.000000	1.684690	-1380.000000	0.000000	1.855443	
28.749	-2088.750000	0.000000	1.637631	-1376.250000	0.066313	1.807960	
28.761	-2088.750000	0.000000	1.614768	-1365.000000	0.202366	1.792055	
28.772	-2088.750000	0.000000	1.592016	-1365.000000	0.000000	1.842535	
28.784	-2088.750000	0.000000	1.548827	-1365.000000	0.000000	1.852118	
28.796	-2088.750000	0.000000	1.530115	-1365.000000	0.000000	1.838624	
28.807	-2077.500000	0.170872	1.499205	-1368.750000	0.000000	1.827002	
28.819	-2073.750000	0.055083	1.521691	-1372.500000	0.000000	1.827287	
28.830	-2073.750000	0.000000	1.569860	-1376.250000	0.033700	1.830589	
28.842	-2073.750000	0.000000	1.548079	-1380.000000	0.000000	1.845816	
28.854	-2070.000000	0.056191	1.522042	-1383.750000	0.000000	1.857026	
28.865	-2070.000000	0.000000	1.550971	-1383.750000	0.000000	1.903772	
28.877	-2070.000000	0.000000	1.558759	-1383.750000	0.000000	1.917694	
28.889	-2070.000000	0.000000	1.522164	-1383.750000	0.000000	1.951328	
28.901	-2070.000000	0.000000	1.505343	-1383.750000	0.000000	1.969653	
28.912	-2070.000000	0.000000	1.474680	-1387.500000	0.033686	2.007336	
28.924	-2070.000000	0.000000	1.461628	-1391.250000	0.000000	2.027295	
28.936	-2066.250000	0.055697	1.444049	-1391.250000	0.000000	2.067888	
28.947	-2066.250000	0.000000	1.466148	-1395.000000	0.000000	2.086696	
28.959	-2066.250000	0.000000	1.469311	-1398.750000	0.000000	2.126598	
28.971	-2062.500000	0.056107	1.457025	-1402.500000	0.000000	2.148602	
28.982	-2058.750000	0.056496	1.454235	-1406.250000	0.000000	2.167860	
28.994	-2058.750000	0.000000	1.500299	-1410.000000	0.000000	2.206533	
29.006	-2058.750000	0.000000	1.516579	-1417.500000	0.000000	2.239944	
29.017	-2051.250000	0.026962	1.502745	-1421.250000	0.000000	2.270591	
29.029	-2043.750000	0.112982	1.527104	-1428.750000	0.000000	2.285516	
29.041	-2043.750000	0.000000	1.572058	-1436.250000	0.000000	2.312981	
29.052	-2040.000000	0.056571	1.587850	-1443.750000	0.000000	2.325419	
29.064	-2032.500000	0.028115	1.602683	-1451.250000	0.000000	2.346808	
29.075	-2025.000000	0.111395	1.616868	-1458.750000	0.000000	2.356234	
29.087	-2025.000000	0.000000	1.745710	-1470.000000	0.000000	2.364494	
29.099	-2021.250000	0.000000	1.761248	-1477.500000	0.000000	2.377260	
29.111	-2013.750000	0.112759	1.760923	-1481.250000	0.000000	2.382204	
29.122	-2006.250000	0.140464	1.775168	-1488.750000	0.000000	2.388748	
29.134	-2006.250000	0.000000	1.788685	-1492.500000	0.000000	2.390313	
29.146	-2006.250000	0.000000	1.854581	-1492.500000	0.000000	2.393814	
29.157	-2006.250000	0.000000	1.836589	-1492.500000	0.000000	2.408955	
29.169	-2032.500000	0.000000	1.806561	-1481.250000	0.238031	2.410790	
29.181	-2077.500000	0.000000	1.793348	-1447.500000	0.641519	2.481135	
29.192	-2111.250000	0.000000	1.766881	-1410.000000	0.542074	3.049353	
29.204	-2156.250000	0.000000	1.752351	-1406.250000	0.000000	3.347072	
29.215	-2216.250000	0.000000	1.712119	-1395.000000	0.236600	3.480221	
29.227	-2250.000000	0.000000	1.683035	-1342.500000	0.943039	3.443863	
29.239	-2287.500000	0.000000	1.652943	-1286.250000	0.811096	3.696366	
29.250	-2332.500000	0.000000	1.571830	-1286.250000	0.001409	4.645782	
29.262	-2362.500000	0.000000	1.521048	-1286.250000	0.000000	4.681468	
29.274	-2381.250000	0.000000	1.406308	-1263.750000	0.436888	4.527418	
29.285	-2407.500000	0.000000	1.335832	-1215.000000	0.741026	4.606732	
29.297	-2422.500000	0.000000	1.174898	-1207.500000	0.069500	5.197200	
29.308	-2426.250000	0.000000	1.091164	-1207.500000	0.000000	5.258862	
29.320	-2437.500000	0.000000	0.891176	-1200.000000	0.135016	5.093780	
29.332	-2437.500000	0.000000	0.784049	-1173.750000	0.406109	5.072708	
29.343	-2437.500000	0.000000	0.563138	-1162.500000	0.102965	5.125149	
29.355	-2437.500000	0.000000	0.445257	-1162.500000	0.000000	5.366253	
29.367	-2437.500000	0.000000	0.203907	-1158.750000	0.101923	5.322858	
29.378	-2430.000000	0.111970	0.090954	-1143.750000	0.270015	5.209065	
29.390	-2411.250000	0.224197	0.000000	-1132.500000	0.135326	5.244298	
29.402	-2403.750000	0.111153	0.000000	-1128.750000	0.067618	5.370933	
29.413	-2403.750000	0.000000	0.000000	-1113.750000	0.269241	5.325276	
29.425	-2403.750000	0.000000	0.000000	-1095.000000	0.269823	5.470813	
29.436	-2403.750000	0.000000	0.000000	-1087.500000	0.138672	5.597936	
29.448	-2403.750000	0.000000	0.000000	-1076.250000	0.201330	5.657453	
29.460	-2418.750000	0.000000	0.000000	-1057.500000	0.269549	5.675659	
29.471	-2426.250000	0.000000	0.000000	-1050.000000	0.135787	5.782235	
29.483	-2437.500000	0.000000	0.000000	-1046.250000	0.068190	5.945471	
29.494	-2441.250000	0.000000	0.000000	-1035.000000	0.236816	5.928274	
29.506	-2448.750000	0.000000	0.000000	-1027.500000	0.135066	5.953145	
29.518	-2448.750000	0.000000	0.000000	-1027.500000	0.000000	5.986629	
29.529	-2448.750000	0.000000	0.000000	-1027.500000	0.000000	5.966241	
29.541	-2448.750000	0.000000	0.000000	-1031.250000	0.000000	5.929672	
29.553	-2445.000000	0.085670	0.000000	-1050.000000	0.000000	5.872417	
29.564	-2407.500000	0.503030	0.000000	-1087.500000	0.000000	5.850560	
29.576	-2347.500000	0.787411	0.000000	-1128.750000	0.000000	5.829366	
29.588	-2283.750000	0.815841	0.000000	-1185.000000	0.000000	5.790140	
29.599	-2190.000000	1.178513	0.073822	-1293.750000	0.000000	5.770090	
29.611	-2077.500000	1.378755	0.580541	-1425.000000	0.000000	5.712641	
29.622	-2006.250000	0.842036	1.215463	-1560.000000	0.000000	5.671029	
29.634	-1980.000000	0.281282	2.225962	-1728.750000	0.000000	5.558943	
29.646	-1860.000000	1.774803	2.270799	-1916.250000	0.000000	5.483959	
29.657	-1623.750000	3.259425	3.007911	-2100.000000	0.000000	5.303963	
29.669	-1485.000000	1.322429	4.397737	-2268.750000	0.000000	5.192462	
29.681	-1492.500000	0.000000	6.383170	-2445.000000	0.000000	4.921422	
29.693	-1361.250000	2.055560	6.027791	-2621.250000	0.000000	4.749253	
29.704	-1095.000000	3.362624	6.788997	-2756.250000	0.000000	4.335838	
29.716	-1031.250000	0.393821	8.308385	-2838.750000	0.000000	4.081489	
29.727	-982.500000	0.815987	9.058506	-2932.500000	0.000000	3.813465	
29.739	-828.750000	1.886797	8.884669	-3003.750000	0.000000	3.236599	
29.751	-802.500000	0.112614	9.369345	-3015.000000	0.000000	2.945970	
29.762	-802.500000	0.083482	9.717141	-3015.000000	0.000000	2.316656	
29.774	-791.250000	0.112906	9.244689	-3003.750000	0.235784	2.010995	
29.785	-813.750000	0.000000	8.545117	-2936.250000	1.181383	1.591190	
29.797	-896.250000	0.000000	8.177023	-2827.500000	1.684519	1.794026	
29.809	-997.500000	0.000000	7.469756	-2790.000000	0.337614	2.966783	
29.820	-1110.000000	0.000000	7.152949	-2775.000000	0.303632	3.067989	
29.832	-1267.500000	0.000000	6.592422	-2613.750000	2.737959	2.697576	
29.844	-1413.750000	0.000000	6.322711	-2377.500000	3.479016	3.600405	
29.855	-1563.750000	0.000000	5.813244	-2351.250000	0.100459	5.288402	
29.867	-1766.250000	0.000000	5.568196	-2355.000000	0.170867	6.594368	
29.879	-1923.750000	0.000000	5.341601	-2118.750000	3.938007	6.072673	
29.890	-2051.250000	0.000000	4.866120	-1905.000000	3.238693	7.692842	
29.902	-2216.250000	0.000000	4.631694	-1875.000000	0.201495	9.350290	
29.914	-2336.250000	0.000000	4.179986	-1728.750000	2.631052	9.506941	
29.925	-2415.000000	0.000000	3.952294	-1522.500000	3.208523	9.499957	
29.937	-2512.500000	0.000000	3.507493	-1488.750000	0.203976	11.569287	
29.949	-2576.250000	0.000000	3.288141	-1425.000000	1.149193	11.286058	
29.961	-2602.500000	0.000000	2.861735	-1297.500000	1.856196	10.363240	
29.972	-2621.250000	0.000000	2.641332	-1282.500000	0.168965	10.622327	
29.984	-2625.000000	0.000000	2.216183	-1286.250000	0.033645	10.484885	
29.996	-2606.250000	0.309180	1.996681	-1286.250000	0.000000	8.910050	
30.007	-2550.000000	0.818529	1.779466	-1297.500000	0.000000	8.151939	
30.019	-2486.250000	0.759939	1.949839	-1376.250000	0.000000	6.806394	
30.031	-2441.250000	0.562561	2.316072	-1447.500000	0.000000	6.169650	
30.043	-2355.000000	1.121422	2.369076	-1492.500000	0.000000	4.998983	
30.054	-2242.500000	1.490732	2.545251	-1575.000000	0.000000	4.494100	
30.066	-2167.500000	0.813943	3.523729	-1668.750000	0.000000	3.489828	
30.078	-2118.750000	0.618107	3.870435	-1721.250000	0.000000	3.018821	
30.089	-2006.250000	1.604189	3.977376	-1758.750000	0.000000	2.161793	
30.101	-1908.750000	1.071465	4.300909	-1811.250000	0.000000	1.746112	
30.113	-1905.000000	0.000000	5.077835	-1826.250000	0.000000	0.957479	
30.125	-1882.500000	0.364368	4.851058	-1822.500000	0.067725	0.606053	
30.136	-1833.750000	0.533676	4.426704	-1785.000000	0.606955	0.000000	
30.148	-1852.500000	0.000000	4.480582	-1691.250000	1.554897	0.000000	
30.160	-1908.750000	0.000000	4.010144	-1608.750000	1.316104	0.202885	
30.171	-1961.250000	0.000000	3.738570	-1590.000000	0.065602	1.111726	
30.183	-2036.250000	0.000000	3.472413	-1578.750000	0.236006	1.139031	
30.194	-2137.500000	0.000000	2.992291	-1466.250000	2.056172	0.460362	
30.206	-2227.500000	0.000000	2.767426	-1230.000000	3.575329	0.677421	
30.218	-2321.250000	0.000000	2.358265	-1158.750000	0.573602	3.390594	
30.229	-2437.500000	0.000000	2.160138	-1312.500000	0.000000	4.057892	
30.241	-2538.750000	0.000000	1.775827	-1293.750000	1.084802	2.960680	
30.253	-2583.750000	0.000000	1.595578	-960.000000	5.167331	2.663473	
30.264	-2613.750000	0.000000	1.213850	-877.500000	0.673899	6.437140	
30.276	-2647.500000	0.000000	1.026089	-1192.500000	0.000000	7.280831	
30.288	-2583.750000	0.955871	0.700916	-1282.500000	0.000000	6.524895	
30.299	-2463.750000	1.711902	0.819318	-1166.250000	1.820102	5.287872	
30.311	-2385.000000	0.814576	2.136630	-1297.500000	0.000000	5.434477	
30.323	-2377.500000	0.056377	2.519086	-1541.250000	0.000000	4.942894	
30.334	-2276.250000	1.548548	2.396667	-1582.500000	0.000000	4.315578	
30.346	-2040.000000	3.033894	2.631693	-1616.250000	0.000000	3.200704	
30.358	-1965.000000	0.533460	3.738213	-1766.250000	0.000000	2.724840	
30.369	-1991.250000	0.000000	5.107287	-1875.000000	0.000000	1.756994	
30.381	-1860.000000	1.945041	4.666324	-1897.500000	0.000000	1.316989	
30.393	-1683.750000	1.994638	5.021453	-1897.500000	0.000000	0.535315	
30.404	-1706.250000	0.000000	5.996528	-1897.500000	0.000000	0.178452	
30.416	-1743.750000	0.000000	5.844585	-1893.750000	0.067542	0.000000	
30.428	-1702.500000	0.561765	5.417362	-1867.500000	0.404759	0.000000	
30.439	-1740.000000	0.000000	5.008906	-1818.750000	0.945727	0.000000	
30.451	-1845.000000	0.000000	4.648114	-1725.000000	1.516188	0.000000	
30.463	-1923.750000	0.000000	4.307826	-1612.500000	1.924101	0.000000	
30.474	-2028.750000	0.000000	3.701846	-1477.500000	2.125016	0.785516	
30.486	-2197.500000	0.000000	3.411733	-1398.750000	1.046889	1.501567	
30.497	-2325.000000	0.000000	2.857092	-1383.750000	0.302894	2.290734	
30.509	-2445.000000	0.000000	2.609634	-1252.500000	2.362640	2.017028	
30.521	-2583.750000	0.000000	2.104994	-971.250000	4.217297	3.015641	
30.532	-2692.500000	0.000000	1.862049	-911.250000	0.500775	4.738376	
30.544	-2782.500000	0.000000	1.398609	-1065.000000	0.000000	6.071933	
30.556	-2700.000000	1.322032	1.164231	-1098.750000	0.000000	4.942810	
30.567	-2546.250000	2.054466	1.637317	-1087.500000	0.201493	4.315483	
30.579	-2497.500000	0.394640	2.498928	-1158.750000	0.000000	3.460554	
30.591	-2516.250000	0.000000	2.985116	-1248.750000	0.000000	2.938812	
30.602	-2403.750000	1.768584	2.541322	-1301.250000	0.000000	2.020807	
30.614	-2231.250000	2.110554	2.630206	-1327.500000	0.000000	1.590496	
30.625	-2220.000000	0.000000	4.254375	-1361.250000	0.000000	0.805201	
30.637	-2246.250000	0.000000	4.399346	-1391.250000	0.000000	0.443427	
30.649	-2152.500000	1.320148	3.663543	-1387.500000	0.065809	0.000000	
30.660	-2096.250000	0.590325	3.749712	-1380.000000	0.135037	0.000000	
30.672	-2160.000000	0.000000	4.117331	-1376.250000	0.067562	0.000000	
30.684	-2186.250000	0.000000	3.727556	-1353.750000	0.336701	0.000000	
30.695	-2186.250000	0.000000	3.046840	-1293.750000	1.046489	0.000000	
30.707	-2246.250000	0.000000	2.769089	-1203.750000	1.349124	0.000000	
30.719	-2321.250000	0.000000	2.450154	-1117.500000	1.281246	0.000000	
30.730	-2370.000000	0.000000	1.866205	-1031.250000	1.417310	0.398119	
30.742	-2448.750000	0.000000	1.581360	-960.000000	0.946517	0.851655	
30.754	-2527.500000	0.000000	1.043257	-941.250000	0.168978	1.547613	
30.765	-2572.500000	0.000000	0.801628	-896.250000	0.774463	1.442967	
30.777	-2606.250000	0.000000	0.300828	-746.250000	2.430349	1.491546	
30.788	-2606.250000	0.000071	0.060275	-671.250000	0.912003	2.203301	
30.800	-2542.500000	0.871256	0.000000	-877.500000	0.000000	3.132228	
30.812	-2456.250000	1.124422	0.000000	-1106.250000	0.000000	2.748979	
30.823	-2392.500000	0.817069	0.569766	-1020.000000	1.654686	2.357506	
30.835	-2351.250000	0.504323	0.835952	-1001.250000	0.000000	2.288086	
30.847	-2295.000000	0.759383	0.957828	-1211.250000	0.000000	2.763579	
30.858	-2186.250000	1.543960	1.087354	-1372.500000	0.000000	2.092713	
30.870	-2073.750000	1.295408	1.443947	-1357.500000	0.437081	1.785303	
30.882	-2036.250000	0.281135	2.453780	-1413.750000	0.000000	1.374707	
30.893	-2017.500000	0.225585	2.546309	-1537.500000	0.000000	1.133463	
30.905	-1886.250000	1.799190	2.208174	-1605.000000	0.000000	0.707624	
30.917	-1770.000000	1.519098	2.550515	-1605.000000	0.000000	0.505548	
30.928	-1796.250000	0.000000	3.756528	-1608.750000	0.000000	0.137847	
30.940	-1826.250000	0.000000	3.459874	-1620.000000	0.000000	0.000000	
30.952	-1762.500000	0.928350	2.884121	-1620.000000	0.000000	0.000000	
30.963	-1755.000000	0.000000	2.945342	-1620.000000	0.000000	0.000000	
30.975	-1826.250000	0.000000	3.066894	-1586.250000	0.608258	0.000000	
30.987	-1878.750000	0.000000	2.552845	-1526.250000	1.009533	0.000000	
30.998	-1890.000000	0.000000	2.322661	-1447.500000	1.147753	0.000000	
31.010	-1980.000000	0.000000	1.931704	-1380.000000	0.979617	0.718932	
31.022	-2081.250000	0.000000	1.770812	-1357.500000	0.269421	1.163283	
31.033	-2137.500000	0.000000	1.453159	-1338.750000	0.371193	1.325414	
31.045	-2212.500000	0.000000	1.306936	-1226.250000	1.956730	1.177817	
31.057	-2287.500000	0.000000	1.042892	-1083.750000	1.957767	2.343253	
31.068	-2343.750000	0.000000	0.917439	-1113.750000	0.000000	3.375691	
31.080	-2392.500000	0.000000	0.675305	-1207.500000	0.000000	3.670895	
31.092	-2426.250000	0.000000	0.566328	-1117.500000	1.753407	3.005011	
31.103	-2426.250000	0.000000	0.337984	-1008.750000	1.584308	2.830594	
31.115	-2426.250000	0.000000	0.224753	-1087.500000	0.000000	4.293762	
31.127	-2407.500000	0.311641	0.113721	-1196.250000	0.000000	4.067909	
31.138	-2351.250000	0.787853	0.009016	-1155.000000	0.776141	3.356422	
31.150	-2268.750000	0.988396	0.258835	-1166.250000	0.000000	3.083282	
31.161	-2231.250000	0.423094	1.045895	-1263.750000	0.000000	2.847246	
31.175	-2216.250000	0.259729	1.286444	-1365.000000	0.000000	2.541423	
31.185	-2122.500000	1.530042	1.149974	-1383.750000	0.000000	2.248775	
31.196	-1976.250000	1.939694	1.718412	-1447.500000	0.000000	1.660600	
31.208	-1953.750000	0.001825	2.601985	-1541.250000	0.000000	1.411866	
31.219	-1995.000000	0.000000	3.330899	-1590.000000	0.000000	0.952868	
31.231	-1920.000000	1.123736	3.079048	-1608.750000	0.000000	0.723155	
31.243	-1800.000000	1.349882	3.335428	-1612.500000	0.000000	0.278594	
31.254	-1833.750000	0.000000	4.046431	-1612.500000	0.000000	0.078601	
31.266	-1901.250000	0.000000	4.038322	-1608.750000	0.101861	0.000000	
31.278	-1886.250000	0.224827	3.785120	-1586.250000	0.436871	0.000000	
31.289	-1908.750000	0.000000	3.471172	-1533.750000	0.912298	0.000000	
31.301	-1998.750000	0.000000	3.261922	-1455.000000	1.214526	0.000000	
31.313	-2070.000000	0.000000	3.044114	-1376.250000	1.388219	0.150784	
31.324	-2148.750000	0.000000	2.627364	-1301.250000	1.081972	1.056226	
31.336	-2268.750000	0.000000	2.440357	-1271.250000	0.406975	1.537353	
31.348	-2370.000000	0.000000	2.049414	-1200.000000	1.217329	1.688852	
31.359	-2448.750000	0.000000	1.860886	-1057.500000	2.493194	1.780694	
31.368	-2512.500000	0.000000	1.675041	-971.250000	1.755548	2.392849	
31.380	-2595.000000	0.000000	1.321923	-997.500000	0.000000	4.046618	
31.391	-2651.250000	0.000000	1.140603	-1023.750000	0.000000	3.850976	
31.403	-2658.750000	0.056781	0.785372	-941.250000	1.282343	3.252097	
31.415	-2580.000000	1.095508	0.625289	-948.750000	0.000000	3.514789	
31.426	-2505.000000	0.984105	1.085346	-1068.750000	0.000000	3.404183	
31.438	-2486.250000	0.140801	1.476050	-1125.000000	0.000000	3.115191	
31.450	-2452.500000	0.534604	1.443535	-1132.500000	0.000000	2.852152	
31.462	-2313.750000	1.801659	1.331862	-1222.500000	0.000000	2.435739	
31.473	-2208.750000	1.269804	2.501368	-1316.250000	0.000000	2.243843	
31.485	-2220.000000	0.000000	3.109793	-1372.500000	0.000000	1.866367	
31.497	-2193.750000	0.508422	3.040653	-1432.500000	0.000000	1.692212	
31.508	-2062.500000	1.884509	2.501471	-1492.500000	0.000000	1.371159	
31.520	-1976.250000	0.814100	2.890593	-1526.250000	0.000000	1.209963	
31.532	-2028.750000	0.000000	3.885398	-1541.250000	0.000000	0.889808	
31.544	-2017.500000	0.308510	3.489141	-1545.000000	0.000000	0.743827	
31.555	-1942.500000	0.929078	2.898430	-1545.000000	0.000000	0.440127	
31.567	-1961.250000	0.000000	3.123317	-1526.250000	0.367980	0.291544	
31.578	-2021.250000	0.000000	2.831246	-1470.000000	0.949018	0.227980	
31.590	-2032.500000	0.000000	2.541957	-1402.500000	0.911330	0.534176	
31.602	-2058.750000	0.000000	1.982463	-1387.500000	0.104983	0.934858	
31.614	-2130.000000	0.000000	1.725349	-1380.000000	0.167654	1.208557	
31.625	-2175.000000	0.000000	1.254613	-1308.750000	1.248828	1.037151	
31.637	-2193.750000	0.000000	1.026291	-1177.500000	1.924123	1.540209	
31.649	-2223.750000	0.000000	0.806295	-1185.000000	0.000000	2.452784	
31.660	-2253.750000	0.000000	0.390362	-1267.500000	0.000000	2.870891	
31.672	-2261.250000	0.000000	0.204325	-1218.750000	1.042122	2.601527	
31.684	-2257.500000	0.058744	0.000000	-1113.750000	1.484441	2.699319	
31.696	-2242.500000	0.166724	0.000000	-1162.500000	0.000000	3.460283	
31.707	-2227.500000	0.253974	0.000000	-1293.750000	0.000000	3.466452	
31.719	-2190.000000	0.534548	0.000000	-1293.750000	0.273318	3.201392	
31.730	-2122.500000	0.983207	0.000000	-1293.750000	0.000000	2.994419	
31.742	-2032.500000	1.125073	0.000000	-1383.750000	0.000000	2.890595	
31.754	-1946.250000	1.068551	0.607101	-1492.500000	0.000000	2.678482	
31.765	-1893.750000	0.731169	1.004007	-1537.500000	0.000000	2.304017	
31.777	-1848.750000	0.618273	1.259626	-1620.000000	0.000000	2.130498	
31.789	-1743.750000	1.383261	1.464590	-1743.750000	0.000000	1.808844	
31.800	-1638.750000	1.348526	1.750538	-1803.750000	0.000000	1.656455	
31.812	-1635.000000	0.000000	2.837459	-1822.500000	0.000000	1.371913	
31.823	-1676.250000	0.000000	2.912406	-1833.750000	0.000000	1.231365	
31.835	-1668.750000	0.195508	2.330816	-1833.750000	0.000000	0.959427	
31.847	-1661.250000	0.053299	2.096759	-1800.000000	0.568550	0.839262	
31.859	-1668.750000	0.000000	1.815792	-1740.000000	1.045224	0.852133	
31.870	-1695.000000	0.000000	1.605200	-1713.750000	0.308960	1.444622	
31.882	-1717.500000	0.000000	1.234232	-1721.250000	0.000000	1.664604	
31.894	-1728.750000	0.000000	1.059778	-1702.500000	0.371380	1.344311	
31.905	-1740.000000	0.000000	0.897924	-1635.000000	1.181180	1.215135	
31.917	-1755.000000	0.000000	0.610571	-1590.000000	0.473064	1.835504	
31.929	-1762.500000	0.000000	0.473924	-1623.750000	0.000000	2.152019	
31.940	-1762.500000	0.000000	0.224572	-1635.000000	0.000000	1.832426	
31.952	-1762.500000	0.000000	0.118449	-1597.500000	0.640076	1.664373	
31.964	-1758.750000	0.059113	0.000000	-1578.750000	0.232884	1.774863	
31.975	-1736.250000	0.308970	0.000000	-1593.750000	0.000000	1.847638	
31.987	-1725.000000	0.168083	0.000000	-1612.500000	0.000000	1.530662	
31.999	-1721.250000	0.000000	0.000000	-1608.750000	0.069776	1.383111	
32.010	-1721.250000	0.000000	0.000000	-1590.000000	0.266112	1.253941	
32.022	-1721.250000	0.000000	0.000000	-1575.000000	0.166075	1.187964	
32.033	-1721.250000	0.000000	0.000000	-1571.250000	0.000000	1.256457	
32.045	-1721.250000	0.000000	0.000000	-1571.250000	0.000000	1.179709	
32.057	-1721.250000	0.000000	0.000000	-1548.750000	0.299737	1.071882	
32.068	-1721.250000	0.000000	0.000000	-1511.250000	0.542694	1.187463	
32.080	-1725.000000	0.000000	0.000000	-1507.500000	0.000000	1.360148	
32.091	-1736.250000	0.000000	0.000000	-1507.500000	0.000000	1.353377	
32.103	-1747.500000	0.000000	0.000000	-1507.500000	0.000000	1.250505	
32.115	-1747.500000	0.000000	0.000000	-1503.750000	0.067870	1.085037	
32.127	-1747.500000	0.000000	0.000000	-1488.750000	0.302886	1.034155	
32.138	-1747.500000	0.000000	0.000000	-1485.000000	0.067460	1.056479	
32.150	-1747.500000	0.000000	0.000000	-1485.000000	0.000000	1.107501	
32.162	-1747.500000	0.000000	0.000000	-1485.000000	0.000000	1.057743	
32.173	-1747.500000	0.000000	0.000000	-1485.000000	0.000000	0.983137	
32.185	-1747.500000	0.000000	0.000000	-1485.000000	0.000000	0.954540	
32.197	-1747.500000	0.000000	0.000000	-1485.000000	0.000000	0.912994	
32.208	-1747.500000	0.000000	0.001034	-1485.000000	0.000000	0.899763	
32.220	-1747.500000	0.000000	0.103893	-1485.000000	0.000000	0.883850	
32.232	-1747.500000	0.000000	0.158010	-1485.000000	0.000000	0.881490	
32.243	-1747.500000	0.000000	0.266024	-1485.000000	0.000000	0.884796	
32.255	-1751.250000	0.000000	0.323008	-1485.000000	0.000000	0.889914	
32.267	-1758.750000	0.000000	0.439259	-1485.000000	0.000000	0.897742	
32.278	-1770.000000	0.000000	0.497957	-1485.000000	0.000000	0.917597	
32.290	-1781.250000	0.000000	0.611086	-1485.000000	0.000000	0.929946	
