17.064	1.151875	0.000000	6.193151	0.594325	0.000000	0.000000	
17.076	1.151875	0.000000	6.159895	0.594325	0.000000	0.000000	
17.087	1.151875	0.000000	6.144267	0.594325	0.000000	0.000000	
17.099	1.151875	0.000000	6.115772	0.594325	0.000000	0.000000	
17.110	1.151875	0.000000	6.102676	0.594325	0.000000	0.000000	
17.121	1.151875	0.000000	6.079145	0.594325	0.000000	0.000000	
17.133	1.151875	0.000000	6.067853	0.594325	0.000000	0.000000	
17.144	1.152437	0.000000	6.057131	0.594325	0.000000	0.000000	
17.156	1.152437	0.000000	6.037515	0.594325	0.000000	0.000000	
17.167	1.152437	0.000000	6.027944	0.594325	0.000000	0.000000	
17.179	1.152437	0.000000	6.009776	0.594325	0.000000	0.000000	
17.190	1.152437	0.000000	6.001930	0.594325	0.000000	0.000000	
17.202	1.152437	0.000000	5.985963	0.594325	0.000000	0.000000	
17.213	1.152437	0.000000	5.978348	0.594325	0.000000	0.000000	
17.225	1.152437	0.000000	5.970871	0.594325	0.000000	0.000000	
17.236	1.151312	0.000000	5.956380	0.594325	0.000000	0.000000	
17.247	1.149063	0.000000	5.948893	0.596350	2.025658	0.019643	
17.259	1.147938	0.000000	5.934102	0.598375	0.000000	0.000000	
17.270	1.146250	0.000000	5.926179	0.599725	0.000000	0.020314	
17.282	1.143438	0.000000	5.908267	0.601750	0.000000	0.000000	
17.293	1.141750	0.000000	5.898248	0.604450	2.033075	0.000000	
17.309	1.138375	0.000000	5.876603	0.609175	2.037219	0.021605	
17.321	1.135563	0.000000	5.862865	0.611200	0.000000	0.000000	
17.333	1.133312	0.000000	5.835302	0.613225	0.000000	0.000000	
17.344	1.130500	0.000000	5.820355	0.615925	0.000000	0.020216	
17.356	1.128250	0.000000	5.786404	0.618625	0.000000	0.000000	
17.367	1.126000	0.000000	5.767483	0.621325	0.000000	0.000000	
17.378	1.122625	0.000000	5.748839	0.624700	2.019927	0.019659	
17.390	1.119812	0.000000	5.705143	0.627400	0.000000	0.000000	
17.401	1.117000	0.000000	5.681512	0.630775	0.000000	0.000000	
17.413	1.113625	0.000000	5.632844	0.634150	0.000000	0.000000	
17.424	1.110813	0.000000	5.605794	0.637525	2.021561	0.000000	
17.436	1.106875	0.000000	5.547766	0.640900	0.000000	0.019452	
17.448	1.102937	0.000000	5.518077	0.644950	0.000000	0.020306	
17.459	1.099563	0.000000	5.484254	0.649000	2.105012	0.000000	
17.471	1.095062	0.000000	5.408670	0.653725	2.059892	0.020248	
17.482	1.091688	0.000000	5.365512	0.658450	0.000000	0.000000	
17.494	1.087188	0.000000	5.270810	0.663175	2.083076	0.020207	
17.505	1.082125	0.000000	5.214690	0.668575	2.016666	0.000000	
17.517	1.078187	0.000000	5.091464	0.674650	0.000000	0.000000	
17.528	1.073688	0.000000	5.019853	0.678025	0.000000	0.000000	
17.540	1.068063	0.000000	4.861181	0.683425	2.030597	0.000000	
17.551	1.064125	0.000000	4.774023	0.688825	2.025658	0.020257	
17.563	1.060750	0.000000	4.687886	0.694225	2.034731	0.019667	
17.574	1.055125	0.000000	4.490283	0.698275	0.000000	0.000000	
17.585	1.051750	0.000000	4.384790	0.702325	2.024837	0.019521	
17.597	1.048375	0.000000	4.168751	0.709075	1.965120	0.019651	
17.608	1.042187	0.000000	4.052428	0.713800	2.033903	0.020298	
17.620	1.037688	0.000000	3.809042	0.717850	2.030597	0.020331	
17.631	1.034875	0.000000	3.691525	0.722575	0.000000	0.020430	
17.643	1.028687	0.000000	3.563567	0.727300	0.000000	0.020356	
17.654	1.024187	0.000000	3.299505	0.732025	2.003729	0.000000	
17.666	1.020250	0.000000	3.164273	0.738100	1.974437	0.000000	
17.677	1.015188	0.000000	2.896734	0.742150	0.000000	0.000000	
17.689	1.010687	0.000000	2.756790	0.746875	0.000000	0.020257	
17.700	1.006750	0.000000	2.481011	0.752950	1.998120	0.000000	
17.712	1.001688	0.000000	2.337779	0.759025	2.022379	0.020364	
17.723	0.996063	0.000000	2.193003	0.763075	0.000000	0.000000	
17.735	0.991562	0.000000	1.902468	0.769825	2.034731	0.019597	
17.746	0.985375	0.000000	1.767014	0.777250	2.022379	0.019605	
17.758	0.980313	0.000000	1.479284	0.782650	0.000000	0.000000	
17.769	0.977500	0.000000	1.336673	0.788050	2.007754	0.020289	
17.781	0.969625	0.000000	1.053126	0.794800	2.038050	0.020240	
17.792	0.966250	0.000000	0.912520	0.798850	0.000000	0.020883	
17.804	0.965125	0.000000	0.781559	0.804250	0.000000	0.000000	
17.815	0.958375	0.000000	0.505310	0.810325	2.038882	0.000000	
17.827	0.955000	0.000000	0.367987	0.813700	0.000000	0.000000	
17.838	0.952750	0.000000	0.105301	0.817750	2.027302	0.020183	
17.850	0.946562	0.000000	0.000000	0.823150	0.000000	0.000000	
17.862	0.943750	0.000000	0.000000	0.825175	0.000000	0.000000	
17.873	0.942062	0.000000	0.000000	0.829225	0.000000	0.000000	
17.885	0.938125	0.000000	0.000000	0.833275	0.000000	0.020240	
17.896	0.936437	0.000000	0.000000	0.833275	0.000000	0.000000	
17.908	0.936437	0.000000	0.000000	0.834625	0.000000	0.000000	
17.919	0.935875	0.000000	0.000000	0.835300	0.000000	0.000000	
17.931	0.935875	0.000000	0.000000	0.835300	0.000000	0.000000	
17.942	0.935875	0.000000	0.000000	0.834625	0.000000	0.000000	
17.953	0.937563	0.000000	0.000000	0.833275	0.000000	0.000000	
17.965	0.941500	1.702541	0.000000	0.829900	0.000000	0.000000	
17.977	0.943750	0.000000	0.017145	0.827200	0.000000	0.000000	
17.988	0.947125	0.000000	0.000000	0.821800	0.000000	0.000000	
18.000	0.952750	1.679200	0.017095	0.817075	0.000000	0.000000	
18.011	0.957812	1.679877	0.000000	0.812350	0.000000	0.000000	
18.022	0.963437	1.683953	0.016922	0.804925	0.000000	0.000000	
18.034	0.969063	1.674474	0.016929	0.796150	0.000000	0.000000	
18.045	0.975250	1.705330	0.016792	0.790075	0.000000	0.000000	
18.057	0.982000	1.645364	0.060878	0.781975	0.000000	0.000000	
18.069	0.988750	1.703935	0.654758	0.772525	0.000000	0.000000	
18.080	0.994937	1.692852	1.246071	0.765100	0.000000	0.000000	
18.092	1.002250	1.693540	1.472672	0.758350	0.000000	0.000000	
18.103	1.009562	1.689418	2.319032	0.749575	0.000000	0.000000	
18.114	1.015188	1.679877	2.515694	0.741475	0.000000	0.000000	
18.126	1.024750	3.388459	2.913492	0.733375	0.000000	0.000000	
18.137	1.031500	1.664435	3.103993	0.725950	0.000000	0.000000	
18.149	1.038250	1.694229	3.518844	0.717175	0.000000	0.000000	
18.160	1.046125	3.457381	3.731392	0.710425	0.000000	0.000000	
18.172	1.054000	1.695609	4.585033	0.703000	0.000000	0.000000	
18.183	1.059062	0.000000	4.777364	0.693550	0.000000	0.000000	
18.195	1.066937	1.703935	4.973617	0.686125	0.000000	0.000000	
18.206	1.074813	1.694229	5.412491	0.678700	0.000000	0.000000	
18.217	1.080438	1.630547	5.973257	0.670600	0.000000	0.000000	
18.229	1.086625	1.699762	6.327879	0.663850	0.000000	0.000000	
18.240	1.093375	1.691477	6.513677	0.657100	0.000000	0.000000	
18.252	1.099000	1.697683	6.867276	0.649000	0.000000	0.000000	
18.263	1.104063	1.681234	6.968763	0.643600	0.000000	0.000000	
18.275	1.111938	1.703238	6.817061	0.637525	0.000000	0.000000	
18.286	1.117563	1.694919	7.219619	0.630775	0.000000	0.000000	
18.298	1.122625	1.674474	7.421024	0.624700	0.000000	0.000000	
18.309	1.128250	1.690104	7.819722	0.619300	0.000000	0.000000	
18.321	1.133875	0.000000	8.004487	0.612550	0.000000	0.000000	
18.332	1.138375	1.690790	8.383811	0.609175	0.000000	0.000000	
18.344	1.144000	1.691477	8.567258	0.603775	0.000000	0.000000	
18.355	1.148500	1.690104	8.748948	0.597025	0.000000	0.000000	
18.367	1.151875	0.000000	9.095688	0.592975	0.000000	0.000000	
18.378	1.156375	0.000000	9.248878	0.589600	0.000000	0.000000	
18.389	1.160313	1.690790	9.501289	0.584200	0.000000	0.000000	
18.401	1.163125	1.692852	9.327558	0.580150	0.000000	0.000000	
18.412	1.166500	0.000000	9.288074	0.578125	0.000000	0.000000	
18.424	1.169875	1.688733	9.483739	0.572725	0.000000	0.000000	
18.435	1.172125	1.609125	9.670992	0.569350	0.000000	0.000000	
18.447	1.174937	1.642120	9.563274	0.568000	0.000000	0.000000	
18.458	1.176062	0.000000	9.324622	0.565300	0.000000	0.000000	
18.470	1.177750	0.000000	9.018563	0.561925	0.000000	0.000000	
18.481	1.178875	0.000000	9.253448	0.561250	0.000000	0.000000	
18.492	1.178875	0.000000	9.212867	0.561250	0.000000	0.000000	
18.504	1.178875	0.000000	9.025048	0.560575	0.000000	0.000000	
18.516	1.178875	0.000000	8.862766	0.560575	0.000000	0.000000	
18.527	1.178875	0.000000	8.582992	0.560575	0.000000	0.000000	
18.538	1.178875	0.000000	8.452839	0.560575	0.000000	0.000000	
18.550	1.177750	0.000000	8.216574	0.561250	0.000000	0.000000	
18.561	1.176062	0.000000	8.115784	0.563950	0.000000	0.000000	
18.573	1.174375	0.000000	7.919641	0.566650	0.000000	0.020481	
18.584	1.172688	0.000000	7.830295	0.568675	0.000000	0.000000	
18.596	1.169875	0.000000	7.746006	0.572050	2.033075	0.000000	
18.607	1.166500	0.000000	7.595674	0.574750	0.000000	0.020322	
18.619	1.164250	0.000000	7.523787	0.577450	0.000000	0.000000	
18.630	1.161438	0.000000	7.394590	0.582175	2.065853	0.020659	
18.642	1.158062	0.000000	7.332090	0.586225	0.000000	0.000000	
18.653	1.155813	0.000000	7.212859	0.588250	0.000000	0.000000	
18.665	1.152437	0.000000	7.155844	0.592300	2.030597	0.020422	
18.676	1.149625	0.000000	7.103223	0.596350	2.028125	0.020430	
18.688	1.147375	0.000000	6.992283	0.598375	0.000000	0.020298	
18.699	1.143438	0.000000	6.937077	0.601750	2.027302	0.020514	
18.710	1.140625	0.000000	6.830480	0.604450	0.000000	0.000000	
18.722	1.138937	0.000000	6.775065	0.607825	2.055656	0.000000	
18.733	1.136125	0.000000	6.663263	0.611200	2.006142	0.020298	
18.745	1.132750	0.000000	6.610069	0.613225	0.000000	0.020650	
18.756	1.129938	0.000000	6.552665	0.615925	0.000000	0.000000	
18.768	1.126562	0.000000	6.436787	0.620650	2.059044	0.020322	
18.779	1.123188	0.000000	6.378307	0.624025	2.016666	0.020289	
18.791	1.119812	0.000000	6.264086	0.626725	0.000000	0.020167	
18.802	1.116438	0.000000	6.204758	0.630775	0.000000	0.000000	
18.814	1.113063	0.000000	6.087874	0.634150	0.000000	0.000000	
18.825	1.110250	0.000000	6.025624	0.637525	2.018295	0.000000	
18.837	1.106313	0.000000	5.892559	0.641575	2.038050	0.000000	
18.849	1.102937	0.000000	5.825196	0.644950	0.000000	0.020232	
18.860	1.099563	0.000000	5.760304	0.647650	0.000000	0.020224	
18.872	1.096187	0.000000	5.616244	0.651700	0.000000	0.000000	
18.883	1.093375	0.000000	5.540953	0.655750	0.000000	0.020216	
18.895	1.090562	0.000000	5.389726	0.658450	0.000000	0.000000	
18.906	1.087188	0.000000	5.309084	0.661825	0.000000	0.000000	
18.918	1.084375	0.000000	5.142764	0.666550	2.029772	0.000000	
18.929	1.081000	0.000000	5.063135	0.669925	0.000000	0.000000	
18.941	1.077625	0.000000	4.976750	0.672625	0.000000	0.000000	
18.952	1.074250	0.000000	4.800685	0.676675	0.000000	0.020405	
18.964	1.070313	0.000000	4.711331	0.681400	0.000000	0.020364	
18.975	1.066937	0.000000	4.535748	0.684100	0.000000	0.000000	
18.987	1.063000	0.000000	4.444014	0.689500	2.028125	0.000000	
18.998	1.059625	0.000000	4.263847	0.694900	2.027302	0.019776	
19.010	1.055125	0.000000	4.168694	0.698275	2.003729	0.020306	
19.021	1.051750	0.000000	3.971426	0.701650	0.000000	0.000000	
19.033	1.048375	0.000000	3.869432	0.708400	2.058196	0.020126	
19.044	1.043313	0.000000	3.771447	0.711775	0.000000	0.020061	
19.056	1.039375	0.000000	3.555930	0.715825	1.908094	0.000000	
19.067	1.036000	0.000000	3.444736	0.721225	2.032248	0.000000	
19.079	1.030938	0.000000	3.224070	0.724600	0.000000	0.020248	
19.090	1.027000	0.000000	3.106692	0.728650	2.051436	0.000000	
19.102	1.023062	0.000000	2.866794	0.734725	2.024017	0.020150	
19.113	1.018563	0.000000	2.751804	0.738775	0.000000	0.020796	
19.125	1.014625	0.000000	2.627893	0.742150	0.000000	0.020159	
19.136	1.010687	0.000000	2.376258	0.747550	0.000000	0.020273	
19.148	1.006188	0.000000	2.248533	0.752275	0.000000	0.000000	
19.159	1.003375	0.000000	1.998751	0.755650	0.000000	0.020364	
19.171	0.998875	0.000000	1.868492	0.761050	0.000000	0.020232	
19.183	0.994375	0.000000	1.615683	0.765100	2.023198	0.000000	
19.194	0.992125	0.000000	1.485445	0.768475	0.000000	0.020183	
19.206	0.987063	0.000000	1.228448	0.774550	0.000000	0.000000	
19.217	0.983688	0.000000	1.100901	0.777250	0.000000	0.020289	
19.229	0.982562	0.000000	0.982572	0.779950	2.028948	0.000000	
19.240	0.980313	0.000000	0.733254	0.784000	1.981483	0.020322	
19.252	0.978063	0.000000	0.609456	0.786025	0.000000	0.020331	
19.263	0.975250	0.000000	0.374225	0.786700	0.000000	0.000000	
19.275	0.974125	0.000000	0.254635	0.789400	0.000000	0.000000	
19.286	0.974125	0.000000	0.021004	0.790750	0.000000	0.000000	
19.298	0.974125	0.000000	0.000000	0.790750	0.000000	0.000000	
19.310	0.974125	0.000000	0.000000	0.790075	0.000000	0.000000	
19.321	0.975250	0.000000	0.000000	0.788725	0.000000	0.000000	
19.332	0.979187	1.687365	0.000000	0.784675	0.000000	0.000000	
19.344	0.983688	0.000000	0.016963	0.779950	0.000000	0.000000	
19.356	0.985937	1.690790	0.000000	0.774550	0.000000	0.000000	
19.367	0.991562	1.653202	0.240350	0.768475	0.000000	0.000000	
19.379	0.997750	0.000000	0.525607	0.763075	0.000000	0.000000	
19.390	1.001125	0.000000	1.055005	0.757675	0.000000	0.000000	
19.402	1.008438	1.698375	1.290333	0.750250	0.000000	0.000000	
19.413	1.014625	0.000000	1.531030	0.742825	0.000000	0.000000	
19.425	1.021375	3.392600	1.999564	0.735400	0.000000	0.000000	
19.436	1.028687	1.670444	2.269334	0.727975	0.000000	0.000000	
19.448	1.035437	1.724396	3.032336	0.720550	0.000000	0.000000	
19.459	1.041062	1.673128	3.232638	0.713800	0.000000	0.000000	
19.471	1.047812	1.688049	3.679572	0.707725	0.000000	0.000000	
19.482	1.054000	1.691477	4.220751	0.700975	0.000000	0.000000	
19.494	1.058500	1.685316	4.165948	0.694225	0.000000	0.000000	
19.505	1.064687	1.693540	4.376098	0.688825	0.000000	0.000000	
19.517	1.070875	0.000000	4.573943	0.682075	0.000000	0.000000	
19.528	1.076500	1.578626	4.995212	0.673300	0.000000	0.000000	
19.539	1.082125	1.690790	5.119520	0.669250	0.000000	0.000000	
19.551	1.087188	0.000000	5.224857	0.664525	0.000000	0.000000	
19.562	1.092250	1.685316	5.474508	0.656425	0.000000	0.000000	
19.574	1.097875	1.703238	5.916795	0.651025	0.000000	0.000000	
19.585	1.101812	1.680555	6.140020	0.646975	0.000000	0.000000	
19.597	1.107437	1.693540	6.280697	0.638875	0.000000	0.000000	
19.608	1.113625	1.673128	6.394209	0.634150	0.000000	0.000000	
19.620	1.119250	1.714457	6.631320	0.628750	0.000000	0.000000	
19.631	1.124313	1.685998	6.679815	0.621325	0.000000	0.000000	
19.643	1.131625	1.592511	6.932626	0.615250	0.000000	0.000000	
19.654	1.136688	1.684634	7.319182	0.610525	0.000000	0.000000	
19.666	1.142313	1.696991	7.218880	0.604450	0.000000	0.000000	
19.677	1.147938	1.683272	7.474313	0.597025	0.000000	0.000000	
19.689	1.153000	0.000000	7.872515	0.591625	0.000000	0.000000	
19.700	1.158062	1.717994	7.783221	0.586900	0.000000	0.000000	
19.712	1.163687	1.693540	7.852810	0.580150	0.000000	0.000000	
19.723	1.168187	1.693540	8.097021	0.574075	0.000000	0.000000	
19.734	1.173250	1.690104	8.586634	0.568000	0.000000	0.000000	
19.746	1.177188	0.000000	8.718472	0.563275	0.000000	0.000000	
19.757	1.179438	0.000000	8.553459	0.559900	0.000000	0.000000	
19.769	1.182250	0.000000	8.217787	0.555850	0.000000	0.000000	
19.780	1.183938	0.000000	8.073566	0.553825	0.000000	0.000000	
19.791	1.184500	0.000000	8.254556	0.553150	0.000000	0.000000	
19.803	1.184500	0.000000	8.120429	0.553150	0.000000	0.000000	
19.814	1.184500	0.000000	7.896610	0.552475	0.000000	0.000000	
19.826	1.184500	0.000000	7.797524	0.552475	0.000000	0.000000	
19.837	1.184500	0.000000	7.707609	0.552475	0.000000	0.000000	
19.849	1.183375	0.000000	7.552388	0.553150	0.000000	0.000000	
19.860	1.181687	0.000000	7.480537	0.555175	0.000000	0.020322	
19.872	1.180000	0.000000	7.351787	0.557875	2.025658	0.020257	
19.883	1.178313	0.000000	7.293847	0.560575	2.028125	0.000000	
19.894	1.176625	0.000000	7.191595	0.562600	0.000000	0.000000	
19.906	1.174375	0.000000	7.143146	0.565300	0.000000	0.000000	
19.917	1.172688	0.000000	7.097380	0.568000	0.000000	0.000000	
19.929	1.169875	0.000000	7.015364	0.571375	1.945989	0.000000	
19.940	1.167063	0.000000	6.975732	0.573400	0.000000	0.000000	
19.952	1.165375	0.000000	6.900956	0.575425	0.000000	0.000000	
19.963	1.163125	0.000000	6.867389	0.578800	0.000000	0.000000	
19.974	1.159750	0.000000	6.797812	0.582850	0.000000	0.020142	
19.986	1.158062	0.000000	6.763857	0.585550	0.000000	0.020224	
19.997	1.155813	0.000000	6.732429	0.588250	0.000000	0.020289	
20.009	1.151875	0.000000	6.666070	0.592300	2.020744	0.000000	
20.020	1.149063	0.000000	6.632787	0.595675	0.000000	0.000000	
20.032	1.146250	0.000000	6.568720	0.599050	0.000000	0.000000	
20.043	1.140625	0.000000	6.535823	0.604450	2.181274	0.020224	
20.055	1.137250	0.000000	6.496723	0.609175	2.059044	0.000000	
20.066	1.133312	0.000000	6.423849	0.613900	2.035560	0.020240	
20.078	1.126562	0.000000	6.382859	0.617950	1.885773	0.020224	
20.089	1.122063	0.000000	6.289365	0.624025	2.016666	0.020281	
20.101	1.116438	0.000000	6.239546	0.632125	2.033075	0.020306	
20.112	1.109687	0.000000	6.117087	0.636850	2.023198	0.020232	
20.124	1.102937	0.000000	6.047139	0.643600	2.022379	0.020232	
20.135	1.096750	0.000000	5.894218	0.651025	2.013416	0.020224	
20.147	1.091125	0.000000	5.806430	0.657775	2.028125	0.020273	
20.158	1.086063	0.000000	5.712519	0.663850	2.033075	0.020224	
20.170	1.079313	0.000000	5.507283	0.671275	1.942962	0.000000	
20.181	1.074250	0.000000	5.403777	0.676675	0.000000	0.020356	
20.193	1.068625	0.000000	5.168893	0.682075	2.028948	0.000000	
20.204	1.063563	0.000000	5.044801	0.688150	2.033903	0.020199	
20.216	1.059625	0.000000	4.792535	0.694900	2.038882	0.020298	
20.227	1.054000	0.000000	4.656996	0.698950	0.000000	0.020397	
20.238	1.049500	0.000000	4.517378	0.703675	2.024837	0.020298	
20.250	1.045563	0.000000	4.229700	0.710425	0.000000	0.020183	
20.261	1.040500	0.000000	4.090651	0.715150	2.020744	0.000000	
20.273	1.036000	0.000000	3.788600	0.718525	0.000000	0.020150	
20.284	1.032625	0.000000	3.634391	0.723925	2.035560	0.020265	
20.296	1.028125	0.000000	3.334107	0.727975	0.000000	0.020199	
20.307	1.023062	0.000000	3.177023	0.732025	0.000000	0.020045	
20.319	1.019688	0.000000	3.019979	0.737425	2.052279	0.020134	
20.330	1.015750	0.000000	2.714773	0.741475	1.940699	0.020216	
20.341	1.011250	0.000000	2.557559	0.744850	0.000000	0.000000	
20.353	1.007875	0.000000	2.235214	0.750925	2.034731	0.020347	
20.364	1.004500	0.000000	2.079951	0.754975	2.069275	0.000000	
20.376	1.000000	0.000000	1.782679	0.759025	1.949785	0.000000	
20.387	0.996063	0.000000	1.630436	0.763075	2.024837	0.020207	
20.399	0.992688	0.000000	1.480528	0.767800	2.027302	0.000000	
20.410	0.988187	0.000000	1.195406	0.772525	2.035560	0.000000	
20.422	0.983688	0.000000	1.051553	0.777925	2.103240	0.000000	
20.433	0.980875	0.000000	0.770276	0.781975	2.028948	0.020289	
20.445	0.977500	0.000000	0.632543	0.787375	2.045558	0.021193	
20.456	0.970750	0.000000	0.371843	0.792775	1.951308	0.000000	
20.467	0.968500	0.000000	0.239838	0.796150	2.028948	0.020224	
20.479	0.966250	0.000000	0.110143	0.800200	0.000000	0.019973	
20.491	0.961187	0.000000	0.000000	0.805600	0.000000	0.020779	
20.502	0.959500	0.000000	0.000000	0.809650	2.035560	0.000000	
20.513	0.957250	0.000000	0.000000	0.811675	0.000000	0.000000	
20.525	0.952187	0.000000	0.000000	0.815725	0.000000	0.000000	
20.536	0.951063	0.000000	0.000000	0.819100	2.034731	0.000000	
20.548	0.948812	0.000000	0.000000	0.820450	0.000000	0.000000	
20.559	0.945437	0.000000	0.000000	0.823150	2.035560	0.000000	
20.571	0.944313	0.000000	0.000000	0.825175	0.000000	0.000000	
20.582	0.943750	0.000000	0.000000	0.826525	0.000000	0.000000	
20.594	0.942062	0.000000	0.000000	0.827875	0.000000	0.000000	
20.605	0.942062	0.000000	0.000000	0.827875	0.000000	0.000000	
20.617	0.942062	0.000000	0.000000	0.827875	0.000000	0.000000	
20.628	0.942062	0.000000	0.000000	0.827875	0.000000	0.000000	
20.640	0.942062	0.000000	0.000000	0.827875	0.000000	0.000000	
20.651	0.943750	0.000000	0.016860	0.826525	0.000000	0.000000	
20.663	0.947688	1.692852	0.016894	0.821800	0.000000	0.000000	
20.674	0.950500	0.000000	0.016833	0.817750	0.000000	0.000000	
20.686	0.955562	1.696991	0.016901	0.814375	0.000000	0.000000	
20.697	0.961187	1.696300	0.016806	0.807625	0.000000	0.000000	
20.709	0.965125	0.000000	0.016929	0.799525	0.000000	0.000000	
20.720	0.971313	1.637600	0.016799	0.793450	0.000000	0.000000	
20.731	0.977500	1.699762	0.019204	0.786025	0.000000	0.000000	
20.743	0.984812	1.689418	0.255683	0.777250	0.000000	0.000000	
20.754	0.991000	1.690790	0.739292	0.769150	0.000000	0.000000	
20.766	0.998312	3.389838	0.974137	0.761050	0.000000	0.000000	
20.777	1.005625	1.735173	1.419326	0.753625	0.000000	0.000000	
20.789	1.012375	1.688049	1.645868	0.745525	0.000000	0.000000	
20.800	1.019688	3.342228	1.686839	0.736750	0.000000	0.000000	
20.812	1.028687	1.635028	2.020636	0.727975	0.000000	0.000000	
20.823	1.036000	3.378837	2.663936	0.720550	0.000000	0.000000	
20.835	1.043875	3.373363	3.425306	0.711100	0.000000	0.000000	
20.846	1.052312	3.393982	3.692166	0.703675	0.000000	0.000000	
20.858	1.059625	1.695609	4.400835	0.694225	0.000000	0.000000	
20.869	1.065812	1.694229	4.581391	0.685450	0.000000	0.000000	
20.881	1.074250	1.716577	5.384938	0.677350	0.000000	0.000000	
20.892	1.082125	1.645364	5.517935	0.668575	0.000000	0.000000	
20.904	1.088313	1.681913	5.679569	0.660475	0.000000	0.000000	
20.915	1.097312	3.373363	6.011567	0.651700	0.000000	0.000000	
20.926	1.102937	1.699762	6.224521	0.644275	0.000000	0.000000	
20.938	1.110250	1.699068	6.898454	0.636175	0.000000	0.000000	
20.949	1.118688	1.742433	7.123409	0.629425	0.000000	0.000000	
20.961	1.125437	1.688733	8.121076	0.621325	0.000000	0.000000	
20.972	1.131063	1.695609	8.136614	0.614575	0.000000	0.000000	
20.984	1.138375	1.642120	8.045340	0.608500	0.000000	0.000000	
20.995	1.143438	0.000000	8.183832	0.603100	0.000000	0.000000	
21.007	1.148500	1.690104	8.259523	0.595000	0.000000	0.000000	
21.018	1.154688	1.697683	8.228561	0.590275	0.000000	0.000000	
21.029	1.159188	0.000000	8.311495	0.585550	0.000000	0.000000	
21.041	1.163125	0.000000	8.306545	0.579475	0.000000	0.000000	
21.052	1.168187	1.683272	8.489229	0.573400	0.000000	0.000000	
21.064	1.173250	1.649274	8.840188	0.568000	0.000000	0.000000	
21.075	1.175500	0.000000	8.980131	0.564625	0.000000	0.000000	
21.087	1.178875	0.000000	9.085019	0.559900	0.000000	0.000000	
21.098	1.181687	0.000000	9.003051	0.556525	0.000000	0.000000	
21.109	1.183375	1.733007	8.783241	0.553825	0.000000	0.000000	
21.121	1.186188	1.699068	8.391479	0.551125	0.000000	0.000000	
21.132	1.187312	0.000000	8.294016	0.549775	0.000000	0.000000	
21.144	1.187875	0.000000	8.282547	0.548425	0.000000	0.000000	
21.158	1.188437	0.000000	8.125750	0.547750	0.000000	0.000000	
21.170	1.188437	0.000000	7.839979	0.547750	0.000000	0.000000	
21.182	1.188437	0.000000	7.724604	0.547750	0.000000	0.000000	
21.193	1.187875	0.000000	7.521679	0.547750	0.000000	0.000000	
21.204	1.185063	0.000000	7.431724	0.549775	0.000000	0.020175	
21.216	1.182250	0.000000	7.353843	0.553825	0.000000	0.000000	
21.227	1.180562	0.000000	7.206550	0.556525	0.000000	0.020134	
21.239	1.177750	0.000000	7.141038	0.559900	0.000000	0.020175	
21.250	1.174937	0.000000	7.025817	0.564625	2.022379	0.000000	
21.262	1.172125	0.000000	6.972006	0.568000	0.000000	0.020199	
21.273	1.168187	0.000000	6.873451	0.572050	0.000000	0.000000	
21.284	1.163125	0.000000	6.830616	0.577450	2.023198	0.000000	
21.296	1.159188	0.000000	6.787119	0.582850	0.000000	0.020422	
21.307	1.155813	0.000000	6.704945	0.588250	2.004532	0.000000	
21.319	1.150187	0.000000	6.664017	0.592300	0.000000	0.020273	
21.330	1.146813	0.000000	6.577064	0.597700	2.029772	0.020298	
21.342	1.141750	0.000000	6.527030	0.603775	2.033075	0.020207	
21.353	1.136688	0.000000	6.416486	0.607825	0.000000	0.000000	
21.365	1.133312	0.000000	6.352247	0.612550	0.000000	0.020616	
21.376	1.128813	0.000000	6.283147	0.616600	0.000000	0.000000	
21.387	1.124313	0.000000	6.130442	0.620650	2.015040	0.000000	
21.399	1.120375	0.000000	6.052039	0.626725	2.030597	0.000000	
21.410	1.115875	0.000000	5.870933	0.630775	0.000000	0.000000	
21.422	1.110250	0.000000	5.773515	0.635500	2.032248	0.020142	
21.433	1.106313	0.000000	5.572656	0.640900	2.071849	0.020224	
21.445	1.100688	0.000000	5.463525	0.646300	0.000000	0.020248	
21.456	1.095625	0.000000	5.350279	0.651025	2.002123	0.000000	
21.468	1.091688	0.000000	5.120835	0.657775	1.998919	0.020224	
21.479	1.087188	0.000000	4.997688	0.662500	0.000000	0.020005	
21.491	1.082125	0.000000	4.742937	0.667225	2.033903	0.020240	
21.502	1.078187	0.000000	4.611764	0.672625	2.034731	0.020281	
21.514	1.073688	0.000000	4.352184	0.677350	2.022379	0.020240	
21.525	1.068063	0.000000	4.215428	0.681400	2.033903	0.000000	
21.537	1.064125	0.000000	4.077001	0.687475	1.985419	0.020240	
21.548	1.059625	0.000000	3.805384	0.694225	1.998120	0.000000	
21.560	1.053437	0.000000	3.663387	0.698950	0.000000	0.000000	
21.571	1.048938	0.000000	3.376053	0.704350	1.975217	0.020257	
21.582	1.045563	0.000000	3.239989	0.710425	2.016666	0.020265	
21.594	1.039375	0.000000	2.949038	0.715150	2.038882	0.020481	
21.605	1.036000	0.000000	2.802605	0.718525	0.000000	0.000000	
21.617	1.031500	0.000000	2.656448	0.724600	2.029772	0.020150	
21.628	1.025875	0.000000	2.372318	0.729325	2.027302	0.020281	
21.640	1.020813	0.000000	2.225586	0.734725	0.000000	0.020414	
21.651	1.016312	0.000000	1.940024	0.741475	2.008561	0.020159	
21.663	1.009562	0.000000	1.793097	0.746875	0.000000	0.020298	
21.674	1.004500	0.000000	1.499356	0.753625	2.002123	0.020021	
21.686	0.999438	0.000000	1.353104	0.761050	2.065853	0.020207	
21.697	0.993250	0.000000	1.072336	0.765775	2.046396	0.020159	
21.709	0.987625	0.000000	0.929420	0.771850	2.000520	0.020322	
21.720	0.982562	0.000000	0.789252	0.780625	2.005337	0.020199	
21.732	0.977500	0.000000	0.513756	0.786025	0.000000	0.020159	
21.743	0.971313	0.000000	0.387294	0.791425	0.000000	0.020422	
21.755	0.965688	0.000000	0.122766	0.798850	0.000000	0.020232	
21.766	0.963437	0.000000	0.000000	0.804925	0.000000	0.000000	
21.778	0.956688	0.000000	0.000000	0.811000	0.000000	0.020216	
21.790	0.951625	0.000000	0.000000	0.816400	0.000000	0.020265	
21.801	0.947125	0.000000	0.000000	0.823150	2.053122	0.020506	
21.812	0.940938	0.000000	0.000000	0.827875	0.000000	0.020175	
21.824	0.935313	0.000000	0.000000	0.834625	2.014228	0.020142	
21.836	0.929125	0.000000	0.000000	0.841375	0.000000	0.020183	
21.847	0.922938	0.000000	0.000000	0.848800	1.993338	0.020150	
21.859	0.918437	0.000000	0.000000	0.854200	0.000000	0.020191	
21.870	0.913938	0.000000	0.000000	0.860275	1.970544	0.000000	
21.882	0.907750	0.000000	0.000000	0.867025	0.000000	0.020199	
21.893	0.903812	0.000000	0.000000	0.873100	2.034731	0.000000	
21.905	0.898750	0.000000	0.000000	0.877150	2.004532	0.020339	
21.916	0.892563	0.000000	0.000000	0.883900	2.000520	0.020224	
21.928	0.888062	0.000000	0.000000	0.892000	2.033903	0.020339	
21.939	0.883563	0.000000	0.000000	0.896050	2.031423	0.020331	
21.951	0.879062	0.000000	0.000000	0.902125	2.021561	0.020216	
21.962	0.875687	0.000000	0.000000	0.909550	2.058196	0.020191	
21.974	0.871188	0.000000	0.000000	0.912925	0.000000	0.000000	
21.985	0.868375	0.000000	0.000000	0.916300	1.949025	0.000000	
21.997	0.866125	0.000000	0.000000	0.921025	2.004532	0.000000	
22.008	0.862750	0.000000	0.000000	0.923050	0.000000	0.032473	
22.020	0.860500	0.000000	0.000000	0.924400	0.000000	0.000000	
22.031	0.859937	0.000000	0.000000	0.927100	0.000000	0.094153	
22.043	0.858250	0.000000	0.000000	0.929125	0.000000	0.431381	
22.054	0.856562	0.000000	0.000000	0.929800	0.000000	0.487580	
22.066	0.856000	0.000000	0.000000	0.930475	0.000000	0.343326	
22.077	0.856000	0.000000	0.000000	0.931150	0.000000	0.051095	
22.088	0.856000	0.000000	0.000000	0.931150	0.000000	0.000000	
22.100	0.856000	0.000000	0.000000	0.931150	0.000000	0.000000	
22.111	0.857125	0.000000	0.000000	0.929800	0.000000	0.000000	
22.123	0.861625	1.690104	0.017345	0.925750	0.000000	0.000000	
22.134	0.865000	0.000000	0.017287	0.921025	0.000000	0.000000	
22.147	0.870625	1.593120	0.000000	0.914950	0.000000	0.000000	
22.158	0.880188	1.675821	0.033775	0.902800	0.000000	0.000000	
22.170	0.886937	1.703238	0.016915	0.893350	0.000000	0.000000	
22.181	0.894813	3.367906	0.016880	0.882550	0.000000	0.000000	
22.193	0.904375	1.706728	0.016908	0.872425	0.000000	0.000000	
22.204	0.911125	1.696300	0.016963	0.865000	0.000000	0.000000	
22.216	0.918437	3.361110	0.033747	0.856900	0.000000	0.000000	
22.227	0.928000	3.380208	0.033720	0.844075	0.000000	0.000000	
22.239	0.935875	1.691477	0.016846	0.833275	0.000000	0.000000	
22.250	0.945437	3.380208	0.016970	0.825175	0.000000	0.000000	
22.262	0.953875	1.692852	0.589780	0.815725	0.000000	0.000000	
22.273	0.961187	1.717285	1.070995	0.804925	0.000000	0.000000	
22.284	0.969625	1.685998	1.387153	0.796150	0.000000	0.000000	
22.296	0.977500	1.748286	1.963417	0.785350	0.000000	0.000000	
22.307	0.985375	1.685998	2.466095	0.775225	0.000000	0.000000	
22.319	0.994375	3.247108	3.172113	0.765775	0.000000	0.000000	
22.330	1.000563	1.700456	3.614452	0.758350	0.000000	0.000000	
22.342	1.009000	3.373363	3.801127	0.749575	0.000000	0.000000	
22.353	1.016312	3.336872	3.921472	0.740800	0.000000	0.000000	
22.364	1.023062	1.689418	4.027026	0.733375	0.000000	0.000000	
22.376	1.030375	1.671114	4.302509	0.725275	0.000000	0.000000	
22.388	1.037688	1.686681	4.451189	0.717850	0.000000	0.000000	
22.399	1.045000	1.695609	5.147794	0.709750	0.000000	0.000000	
22.410	1.051750	1.705330	5.282272	0.703675	0.000000	0.000000	
22.422	1.059062	1.697683	5.564119	0.694225	0.000000	0.000000	
22.433	1.064687	0.000000	5.716585	0.686800	0.000000	0.000000	
22.445	1.072562	1.681913	6.044732	0.678700	0.000000	0.000000	
22.456	1.079875	3.350295	6.191549	0.670600	0.000000	0.000000	
22.468	1.085500	1.687365	6.440747	0.663850	0.000000	0.000000	
22.479	1.093375	3.286832	7.157014	0.655750	0.000000	0.000000	
22.490	1.099000	0.000000	7.635798	0.648325	0.000000	0.000000	
22.502	1.105188	1.757879	7.996469	0.640900	0.000000	0.000000	
22.513	1.113063	3.252179	8.132510	0.634825	0.000000	0.000000	
22.525	1.119812	1.640826	8.365516	0.627400	0.000000	0.000000	
22.536	1.124875	1.691477	8.502242	0.620650	0.000000	0.000000	
22.548	1.131625	1.671114	8.637416	0.613900	0.000000	0.000000	
22.559	1.136688	1.695609	8.886261	0.609850	0.000000	0.000000	
22.571	1.141188	1.749020	9.026269	0.605800	0.000000	0.000000	
22.582	1.145687	1.692164	8.873500	0.599050	0.000000	0.000000	
22.593	1.149625	1.685316	9.028008	0.595000	0.000000	0.000000	
22.605	1.153000	1.690104	9.367537	0.592300	0.000000	0.000000	
22.616	1.156375	1.687365	9.520292	0.588250	0.000000	0.000000	
22.628	1.159188	1.694229	9.570151	0.584200	0.000000	0.000000	
22.639	1.161438	1.692164	9.073750	0.582850	0.000000	0.000000	
22.651	1.163687	0.000000	8.866255	0.579475	0.000000	0.000000	
22.662	1.164813	0.000000	8.523086	0.576775	0.000000	0.000000	
22.673	1.164813	0.000000	8.687217	0.576100	0.000000	0.000000	
22.685	1.165375	0.000000	8.341929	0.576100	0.000000	0.000000	
22.696	1.165375	0.000000	8.192382	0.576100	0.000000	0.000000	
22.708	1.165375	0.000000	8.064426	0.576100	0.000000	0.000000	
22.719	1.165375	0.000000	7.823297	0.576100	0.000000	0.000000	
22.730	1.163125	0.000000	7.715738	0.578800	2.096183	0.000000	
22.742	1.159188	0.000000	7.528178	0.583525	1.953596	0.021166	
22.753	1.157500	0.000000	7.435653	0.586225	0.000000	0.000000	
22.765	1.153000	0.000000	7.354127	0.590275	2.026480	0.000000	
22.776	1.148500	0.000000	7.207617	0.595675	2.023198	0.020322	
22.788	1.144562	0.000000	7.136321	0.601075	2.048074	0.000000	
22.799	1.138375	0.000000	7.001900	0.605800	2.038050	0.020183	
22.811	1.133312	0.000000	6.936163	0.612550	2.063294	0.019957	
22.822	1.127687	0.000000	6.804569	0.617950	0.000000	0.020289	
22.834	1.122063	0.000000	6.732345	0.622675	2.010177	0.000000	
22.845	1.115875	0.000000	6.656340	0.631450	2.034731	0.020134	
22.856	1.110250	0.000000	6.497373	0.636850	2.026480	0.020281	
22.868	1.103500	0.000000	6.408686	0.641575	0.000000	0.020397	
22.879	1.097312	0.000000	6.217113	0.649675	2.021561	0.020489	
22.891	1.091688	0.000000	6.121042	0.656425	2.003729	0.020240	
22.902	1.086063	0.000000	5.902403	0.662500	2.030597	0.020381	
22.914	1.079313	0.000000	5.786457	0.671275	2.099705	0.020232	
22.925	1.073688	0.000000	5.549222	0.677350	0.000000	0.020281	
22.937	1.067500	0.000000	5.420792	0.682750	0.000000	0.020356	
22.948	1.060750	0.000000	5.288282	0.690850	4.119785	0.020183	
22.959	1.055688	0.000000	5.020602	0.698950	2.023198	0.020306	
22.971	1.048938	0.000000	4.877646	0.703675	2.007754	0.000000	
22.982	1.043313	0.000000	4.582049	0.710425	2.020744	0.020331	
22.994	1.037688	0.000000	4.430037	0.718525	2.010986	0.020199	
23.005	1.032063	0.000000	4.284899	0.721900	0.000000	0.000000	
23.017	1.025875	0.000000	3.969115	0.728650	2.019111	0.020298	
23.028	1.020250	0.000000	3.808217	0.736075	2.042215	0.020224	
23.040	1.015750	0.000000	3.492832	0.740800	2.048074	0.000000	
23.051	1.010125	0.000000	3.328524	0.746200	2.055656	0.020265	
23.063	1.004500	0.000000	2.997297	0.753625	2.025658	0.020257	
23.074	0.999438	0.000000	2.841449	0.759700	2.100588	0.000000	
23.086	0.993813	0.000000	2.508444	0.764425	2.030597	0.000000	
23.097	0.988187	0.000000	2.343091	0.771175	2.024017	0.020199	
23.108	0.983125	0.000000	2.179314	0.778600	0.000000	0.020191	
23.120	0.978063	0.000000	1.864950	0.784675	2.029772	0.020248	
23.131	0.972438	0.000000	1.704646	0.790750	2.043050	0.020150	
23.143	0.965688	0.000000	1.397205	0.798175	2.035560	0.020199	
23.155	0.964000	0.000000	1.240043	0.803575	0.000000	0.020078	
23.166	0.957812	0.000000	0.930810	0.809650	0.000000	0.020061	
23.178	0.952750	0.000000	0.777620	0.815050	2.019111	0.020257	
23.189	0.949375	0.000000	0.625746	0.819775	0.000000	0.000000	
23.201	0.943750	0.000000	0.335681	0.825850	2.035560	0.000000	
23.212	0.937563	0.000000	0.186450	0.831250	2.006948	0.020347	
23.223	0.933625	0.000000	0.000000	0.836650	2.024017	0.000000	
23.235	0.925750	0.000000	0.000000	0.844750	2.015040	0.020306	
23.246	0.919563	0.000000	0.000000	0.851500	2.036389	0.020314	
23.258	0.916188	0.000000	0.000000	0.858250	2.030597	0.000000	
23.269	0.909437	0.000000	0.000000	0.865000	2.035560	0.020224	
23.281	0.903812	0.000000	0.000000	0.871750	2.034731	0.020356	
23.292	0.900437	0.000000	0.000000	0.875800	2.075290	0.000000	
23.304	0.893687	0.000000	0.000000	0.881200	2.033903	0.020232	
23.315	0.890312	0.000000	0.000000	0.887950	2.025658	0.000000	
23.327	0.886937	0.000000	0.000000	0.892675	0.000000	0.000000	
23.338	0.880188	0.000000	0.000000	0.897400	2.040547	0.000000	
23.350	0.877375	0.000000	0.000000	0.905500	2.033903	0.020306	
23.361	0.874000	0.000000	0.000000	0.911575	0.000000	0.020240	
23.373	0.868375	0.000000	0.000000	0.913600	0.000000	0.000000	
23.384	0.867250	0.000000	0.000000	0.917650	0.000000	0.020447	
23.396	0.865000	0.000000	0.000000	0.921700	0.000000	0.020224	
23.407	0.861625	0.000000	0.000000	0.922375	0.000000	0.000000	
23.419	0.860500	0.000000	0.000000	0.925075	1.969767	0.020240	
23.430	0.859937	0.000000	0.000000	0.927775	2.006948	0.000000	
23.442	0.857687	0.000000	0.000000	0.927775	0.000000	0.000000	
23.453	0.857125	0.000000	0.000000	0.928450	0.000000	0.000000	
23.465	0.857125	0.000000	0.000000	0.928450	0.000000	0.000000	
23.476	0.857125	0.000000	0.000000	0.929125	0.000000	0.000000	
23.488	0.857125	0.000000	0.000000	0.929125	0.000000	0.029745	
23.499	0.857125	0.000000	0.000000	0.929125	0.000000	0.000000	
23.511	0.858813	1.681913	0.000000	0.927775	0.000000	0.000000	
23.522	0.862188	1.684634	0.000000	0.924400	0.000000	0.000000	
23.534	0.865000	0.000000	0.017410	0.919675	0.000000	0.000000	
23.545	0.870062	1.688733	0.016915	0.915625	0.000000	0.000000	
23.557	0.876250	1.696300	0.016887	0.907525	0.000000	0.000000	
23.568	0.882437	1.749755	0.016678	0.898750	0.000000	0.000000	
23.580	0.888625	1.688049	0.016846	0.889975	0.000000	0.000000	
23.591	0.897625	3.389838	0.017308	0.879175	0.000000	0.000000	
23.603	0.906062	1.692852	0.017490	0.868375	0.000000	0.000000	
23.614	0.915062	3.374729	0.017345	0.860950	0.000000	0.000000	
23.626	0.924625	1.688733	0.017330	0.848800	0.000000	0.000000	
23.638	0.933062	3.382954	0.033830	0.835300	0.000000	0.000000	
23.649	0.943750	3.403691	0.094728	0.825850	0.000000	0.000000	
23.661	0.953875	1.743163	0.701731	0.815725	0.000000	0.000000	
23.672	0.961750	1.669774	1.276841	0.803575	0.000000	0.000000	
23.684	0.972438	3.277778	1.459721	0.792100	0.000000	0.000000	
23.695	0.980313	1.632464	2.526488	0.781975	0.000000	0.000000	
23.707	0.989312	3.373363	2.971055	0.769825	0.000000	0.000000	
23.718	0.998875	3.389838	3.093886	0.759025	0.000000	0.000000	
23.730	1.007875	3.365185	3.188512	0.750925	0.000000	0.000000	
23.741	1.017437	1.738796	3.392393	0.738775	0.000000	0.000000	
23.753	1.027562	3.319582	3.923524	0.726625	0.000000	0.000000	
23.764	1.039375	3.380208	4.118476	0.716500	0.000000	0.000000	
23.776	1.048938	1.637600	5.160462	0.705700	0.000000	0.000000	
23.787	1.059625	3.389838	5.592323	0.693550	0.000000	0.000000	
23.798	1.068625	3.370632	6.110230	0.682750	0.000000	0.000000	
23.810	1.079875	3.295937	6.184972	0.669925	0.000000	0.000000	
23.821	1.089437	1.696300	6.346047	0.659800	0.000000	0.000000	
23.833	1.097312	1.688733	6.803893	0.649675	0.000000	0.000000	
23.845	1.106313	3.351643	7.144592	0.639550	0.000000	0.000000	
23.856	1.115312	3.399523	7.138604	0.631450	0.000000	0.000000	
23.868	1.123750	1.710935	7.589557	0.622675	0.000000	0.000000	
23.879	1.131063	1.773601	8.150084	0.613900	0.000000	0.000000	
23.891	1.138937	1.718702	8.217496	0.607150	0.000000	0.000000	
23.903	1.147375	1.742433	8.371550	0.599050	0.000000	0.000000	
23.914	1.153563	1.692852	8.458803	0.588925	0.000000	0.000000	
23.926	1.161438	1.709530	8.733718	0.581500	0.000000	0.000000	
23.938	1.169312	1.681234	9.151481	0.574075	0.000000	0.000000	
23.949	1.175500	1.684634	9.226780	0.563275	0.000000	0.000000	
23.961	1.180562	0.000000	9.301438	0.557200	0.000000	0.000000	
23.972	1.184500	1.711638	8.968657	0.553825	0.000000	0.000000	
23.984	1.189000	1.686681	8.887841	0.547075	0.000000	0.000000	
23.995	1.191813	1.667100	8.945477	0.543700	0.000000	0.000000	
24.007	1.192375	0.000000	8.413555	0.543025	0.000000	0.000000	
24.018	1.192375	0.000000	8.183256	0.543025	0.000000	0.000000	
24.030	1.192375	0.000000	7.796847	0.543025	0.000000	0.000000	
24.041	1.192375	0.000000	7.624834	0.543025	0.000000	0.000000	
24.053	1.191250	0.000000	7.468256	0.543025	0.000000	0.000000	
24.064	1.185625	0.000000	7.200108	0.548425	4.041487	0.021908	
24.076	1.177188	0.000000	7.077857	0.559900	4.086099	0.021870	
24.087	1.167625	0.000000	6.863172	0.574075	4.169628	0.041696	
24.099	1.140625	0.000000	6.768354	0.603100	10.376451	0.080602	
24.110	1.105188	0.000000	6.595250	0.641575	9.879990	0.109976	
24.122	1.063000	0.000000	6.505574	0.687475	11.383369	0.125613	
24.133	1.022500	0.000000	6.412469	0.734725	14.272172	0.140996	
24.145	0.985375	0.000000	6.215941	0.774550	8.089518	3.740569	
24.156	0.965688	0.000000	6.107959	0.796825	4.087770	5.290382	
24.168	0.952187	0.000000	5.893429	0.817750	4.069462	6.593286	
24.179	0.948250	0.000000	5.795402	0.823150	0.000000	6.914874	
24.191	0.948250	0.000000	5.588016	0.821125	0.000000	6.278099	
24.202	0.948250	0.000000	5.481692	0.821125	0.000000	4.280808	
24.214	0.948250	0.000000	5.370796	0.821125	0.000000	3.444827	
24.225	0.949938	1.688733	5.159524	0.819775	0.000000	1.850153	
24.237	0.952187	0.000000	5.101097	0.815050	0.000000	1.137690	
24.248	0.957250	1.693540	5.237130	0.810325	0.000000	0.000000	
24.260	0.964562	1.671785	5.497686	0.802225	0.000000	0.000000	
24.271	0.973000	1.743893	6.368122	0.789400	0.000000	0.000000	
24.282	0.983688	4.870662	6.554554	0.776575	0.000000	0.000000	
24.294	0.997750	3.396750	7.386908	0.760375	0.000000	0.000000	
24.305	1.010687	3.399523	8.232729	0.745525	0.000000	0.000000	
24.317	1.024750	3.419061	8.686474	0.730000	0.000000	0.000000	
24.328	1.041062	3.385704	9.949589	0.713800	0.000000	0.000000	
24.340	1.050625	1.784240	10.612445	0.703675	0.000000	0.000000	
24.351	1.058500	1.830513	10.688931	0.694225	0.000000	0.000000	
24.363	1.065250	0.000000	10.563053	0.685450	0.000000	0.000000	
24.374	1.070875	0.000000	10.288702	0.679375	0.000000	0.000000	
24.386	1.075938	1.695609	10.185510	0.673975	0.000000	0.000000	
24.397	1.081563	1.696300	10.078155	0.667900	0.000000	0.000000	
24.409	1.086063	1.683272	9.871363	0.663175	0.000000	0.000000	
24.420	1.090000	1.696991	9.702133	0.657775	0.000000	0.000000	
24.432	1.092813	0.000000	8.752207	0.654400	0.000000	0.000000	
24.443	1.096187	0.000000	8.318758	0.651700	0.000000	0.000000	
24.455	1.097875	0.000000	7.543943	0.648325	0.000000	0.000000	
24.466	1.100688	0.000000	7.216756	0.644275	0.000000	0.000000	
24.478	1.104063	0.000000	6.972047	0.642925	0.000000	0.000000	
24.489	1.106875	0.000000	6.702290	0.639550	0.000000	0.000000	
24.501	1.109125	1.687365	6.433821	0.636175	0.000000	0.000000	
24.512	1.111938	0.000000	6.394547	0.634150	0.000000	0.000000	
24.523	1.114750	1.711638	6.245176	0.632125	0.000000	0.000000	
24.535	1.117000	1.732286	6.155372	0.628750	0.000000	0.000000	
24.546	1.119250	0.000000	5.973400	0.626725	0.000000	0.000000	
24.558	1.121500	0.000000	6.136868	0.624025	0.000000	0.000000	
24.569	1.123188	0.000000	6.304152	0.622000	0.000000	0.000000	
24.581	1.125437	1.688733	6.131034	0.619975	0.000000	0.000000	
24.592	1.127125	0.000000	6.254782	0.617950	0.000000	0.000000	
24.604	1.128250	0.000000	6.091619	0.615925	0.000000	0.000000	
24.615	1.129938	1.728691	5.856202	0.615250	0.000000	0.000000	
24.627	1.131063	0.000000	5.757074	0.613900	0.000000	0.000000	
24.638	1.132187	0.000000	5.599561	0.613225	0.000000	0.000000	
24.649	1.133312	0.000000	5.538543	0.611875	0.000000	0.000000	
24.661	1.134438	0.000000	5.490937	0.610525	0.000000	0.000000	
24.672	1.135563	0.000000	5.414008	0.609850	0.000000	0.000000	
24.684	1.136688	0.000000	5.386190	0.608500	0.000000	0.000000	
24.695	1.138375	1.694229	5.766471	0.607825	0.000000	0.000000	
24.707	1.138937	0.000000	5.743036	0.606475	0.000000	0.000000	
24.718	1.139500	0.000000	5.660194	0.605800	0.000000	0.000000	
24.730	1.140625	0.000000	5.635005	0.604450	0.000000	0.000000	
24.741	1.141188	0.000000	5.612168	0.603100	0.000000	0.000000	
24.753	1.142313	0.000000	5.574910	0.601750	0.000000	0.000000	
24.764	1.143438	0.000000	5.559976	0.601075	0.000000	0.000000	
24.776	1.144000	0.000000	6.007802	0.599725	0.000000	0.000000	
24.787	1.145125	0.000000	6.324138	0.599725	0.000000	0.000000	
24.798	1.145687	0.000000	6.200191	0.599050	0.000000	0.000000	
24.810	1.146250	0.000000	6.151188	0.598375	0.000000	0.000000	
24.821	1.147375	0.000000	6.106060	0.597700	0.000000	0.000000	
24.833	1.147375	0.000000	6.026156	0.597025	0.000000	0.000000	
24.844	1.147938	0.000000	5.992701	0.596350	0.000000	0.000000	
24.855	1.148500	0.000000	6.010056	0.595675	0.000000	0.000000	
24.867	1.149063	0.000000	6.315062	0.595675	0.000000	0.000000	
24.878	1.149063	0.000000	6.632377	0.595000	0.000000	0.000000	
24.890	1.149625	0.000000	6.559612	0.594325	0.000000	0.000000	
24.901	1.149625	0.000000	6.571959	0.594325	0.000000	0.000000	
24.913	1.149625	0.000000	6.760226	0.594325	0.000000	0.000000	
24.924	1.149625	0.000000	6.679682	0.594325	0.000000	0.000000	
24.936	1.150187	0.000000	6.533697	0.594325	0.000000	0.000000	
24.947	1.150187	0.000000	6.467417	0.594325	0.000000	0.000000	
24.958	1.150187	0.000000	6.350295	0.593650	0.000000	0.000000	
24.970	1.150187	0.000000	6.295073	0.593650	0.000000	0.000000	
24.981	1.150187	0.000000	6.243056	0.593650	0.000000	0.000000	
24.993	1.150187	0.000000	6.150273	0.593650	0.000000	0.000000	
25.004	1.150187	0.000000	6.106093	0.593650	0.000000	0.000000	
25.016	1.150187	0.000000	6.025080	0.593650	0.000000	0.000000	
25.027	1.150187	0.000000	5.990332	0.593650	0.000000	0.000000	
25.039	1.150187	0.000000	5.923052	0.593650	0.000000	0.000000	
25.050	1.150187	0.000000	5.892742	0.593650	0.000000	0.000000	
25.061	1.147375	0.000000	5.866261	0.596350	2.000520	0.000000	
25.073	1.132750	0.000000	5.815629	0.610525	4.067806	0.064481	
25.084	1.115875	0.000000	5.792770	0.628750	4.030080	0.061166	
25.096	1.093938	0.000000	5.750742	0.651700	8.158855	0.064398	
25.107	1.064687	0.000000	5.726602	0.684100	10.140623	0.100833	
25.119	1.030938	0.000000	5.655641	0.724600	10.169514	0.101365	
25.130	0.992125	0.000000	5.604362	0.765775	7.682242	0.102152	
25.141	0.966250	0.000000	5.544807	0.794125	6.094268	0.086309	
25.153	0.951063	0.000000	5.395135	0.818425	6.094268	2.367615	
25.164	0.940938	0.000000	5.312067	0.829225	0.000000	2.849786	
25.176	0.938125	0.000000	5.133851	0.829900	0.000000	2.293220	
25.187	0.938125	0.000000	5.038354	0.830575	0.000000	1.428508	
25.199	0.936437	0.000000	4.838084	0.833950	2.044721	0.655083	
25.210	0.934187	0.000000	4.726155	0.834625	0.000000	0.000000	
25.222	0.934187	0.000000	4.609090	0.834625	0.000000	0.000000	
25.233	0.935313	1.598624	4.387922	0.833950	0.000000	0.000000	
25.244	0.939812	1.684634	4.261196	0.829225	0.000000	0.000000	
25.256	0.946562	1.697683	4.491402	0.822475	0.000000	0.000000	
25.267	0.952187	1.696991	4.750420	0.814375	0.000000	0.000000	
25.279	0.963437	3.377466	5.319291	0.802900	0.000000	0.000000	
25.290	0.973000	1.690790	5.940363	0.790075	0.000000	0.000000	
25.301	0.983125	3.381580	6.438076	0.775900	0.000000	0.000000	
25.313	0.997750	3.230734	7.149554	0.760375	0.000000	0.000000	
25.324	1.008438	1.682592	7.641048	0.748900	0.000000	0.000000	
25.336	1.018000	3.384329	8.039835	0.736750	0.000000	0.000000	
25.347	1.028125	1.691477	8.039178	0.725950	0.000000	0.000000	
25.359	1.036562	1.705330	8.453727	0.718525	0.000000	0.000000	
25.370	1.042187	1.691477	8.427288	0.711775	0.000000	0.000000	
25.387	1.051750	1.683272	8.385162	0.702325	0.000000	0.000000	
25.397	1.055688	0.000000	8.353879	0.696925	0.000000	0.000000	
25.408	1.060187	1.694229	8.360822	0.690850	0.000000	0.000000	
25.419	1.066375	1.677171	8.366462	0.685450	0.000000	0.000000	
25.431	1.070875	1.688049	8.377673	0.678700	0.000000	0.000000	
25.442	1.074250	1.712342	8.409719	0.674650	0.000000	0.000000	
25.453	1.079875	1.688733	8.421516	0.670600	0.000000	0.000000	
25.465	1.083250	0.000000	8.413958	0.665200	0.000000	0.000000	
25.476	1.086625	1.681234	8.141440	0.661150	0.000000	0.000000	
25.488	1.091125	1.694229	8.275394	0.657100	0.000000	0.000000	
25.499	1.093375	0.000000	8.277502	0.653725	0.000000	0.000000	
25.511	1.096750	0.000000	7.966656	0.650350	0.000000	0.000000	
25.522	1.099563	0.000000	7.808384	0.646300	0.000000	0.000000	
25.534	1.102375	0.000000	7.615211	0.642925	0.000000	0.000000	
25.545	1.105750	0.000000	7.962367	0.640900	0.000000	0.000000	
25.557	1.108000	0.000000	8.097103	0.637525	0.000000	0.000000	
25.568	1.110250	1.691477	8.023314	0.635500	0.000000	0.000000	
25.580	1.112500	0.000000	8.202204	0.633475	0.000000	0.000000	
25.591	1.114187	1.661115	8.299482	0.632125	0.000000	0.000000	
25.603	1.114187	0.000000	7.853075	0.630775	0.000000	0.000000	
25.614	1.115875	1.629271	7.654696	0.630100	0.000000	0.000000	
25.626	1.116438	0.000000	7.316470	0.629425	0.000000	0.000000	
25.637	1.117000	0.000000	7.181894	0.628750	0.000000	0.000000	
25.648	1.118125	1.686681	7.018407	0.628075	0.000000	0.000000	
25.660	1.118688	0.000000	7.248797	0.626725	0.000000	0.000000	
25.671	1.119250	0.000000	7.135104	0.626050	0.000000	0.000000	
25.683	1.120375	0.000000	7.391999	0.625375	0.000000	0.000000	
25.694	1.120937	0.000000	7.633075	0.624025	0.000000	0.000000	
25.706	1.122063	0.000000	7.383185	0.623350	0.000000	0.000000	
25.717	1.123188	0.000000	7.246719	0.622000	0.000000	0.000000	
25.729	1.124313	0.000000	7.424668	0.620650	0.000000	0.000000	
25.740	1.125437	0.000000	7.382695	0.619300	0.000000	0.000000	
25.751	1.127125	0.000000	7.601078	0.617950	0.000000	0.000000	
25.763	1.128813	0.000000	7.348599	0.615925	0.000000	0.000000	
25.774	1.130500	0.000000	7.229736	0.613900	0.000000	0.000000	
25.786	1.133312	0.000000	7.013428	0.612550	0.000000	0.000000	
25.797	1.135000	0.000000	6.921125	0.609850	0.000000	0.000000	
25.809	1.137250	1.692164	6.822766	0.607825	0.000000	0.000000	
25.820	1.138937	0.000000	7.075624	0.606475	0.000000	0.000000	
25.832	1.140062	1.682592	6.974019	0.604450	0.000000	0.000000	
25.843	1.140625	0.000000	6.795392	0.603100	0.000000	0.000000	
25.854	1.142313	0.000000	6.728854	0.601750	0.000000	0.000000	
25.866	1.143438	1.699068	6.979775	0.601075	0.000000	0.000000	
25.877	1.144000	0.000000	6.884249	0.599725	0.000000	0.000000	
25.889	1.145125	0.000000	7.126067	0.599050	0.000000	0.000000	
25.900	1.145125	0.000000	7.021247	0.599050	0.000000	0.000000	
25.911	1.145687	0.000000	6.929132	0.598375	0.000000	0.000000	
25.923	1.146250	0.000000	7.164988	0.598375	0.000000	0.000000	
25.934	1.146813	0.000000	7.058752	0.597700	0.000000	0.000000	
25.946	1.147375	0.000000	6.866872	0.597025	0.000000	0.000000	
25.957	1.147938	0.000000	6.797405	0.595675	0.000000	0.000000	
25.969	1.149063	0.000000	6.629644	0.595000	0.000000	0.000000	
25.980	1.150187	0.000000	6.575944	0.593650	0.000000	0.000000	
25.991	1.151875	0.000000	6.493350	0.591625	0.000000	0.000000	
26.003	1.153563	1.632464	6.456354	0.590275	0.000000	0.000000	
26.014	1.153563	0.000000	6.747248	0.589600	0.000000	0.000000	
26.026	1.153563	0.000000	6.597034	0.589600	0.000000	0.000000	
26.037	1.152437	0.000000	6.529292	0.590950	0.000000	0.020110	
26.049	1.141750	0.000000	6.409852	0.601750	4.048035	0.020224	
26.060	1.124313	0.000000	6.353488	0.619975	6.030530	0.040513	
26.072	1.106875	0.000000	6.300045	0.638200	6.099226	0.060476	
26.083	1.081563	0.000000	6.200052	0.664525	7.900868	0.080764	
26.094	1.054000	0.000000	6.143553	0.696925	10.261395	0.081092	
26.106	1.021937	0.000000	6.008046	0.734050	8.128993	0.100996	
26.117	0.992688	0.000000	5.931163	0.764425	8.132301	0.080928	
26.129	0.971313	0.000000	5.737701	0.790075	6.047558	0.060671	
26.140	0.960625	0.000000	5.630103	0.808975	2.025658	1.752705	
26.152	0.955562	0.000000	5.515380	0.813700	0.000000	2.218138	
26.163	0.952187	0.000000	5.277998	0.814375	1.975998	1.250283	
26.175	0.951625	0.000000	5.148318	0.817075	0.000000	0.406028	
26.186	0.951063	0.000000	4.868987	0.818425	0.000000	0.000000	
26.197	0.951063	0.000000	4.728396	0.817750	0.000000	0.000000	
26.209	0.954437	1.686681	4.433106	0.812350	0.000000	0.000000	
26.220	0.963437	1.721545	4.368484	0.802225	0.000000	0.000000	
26.232	0.972438	1.747552	4.588094	0.790750	0.000000	0.000000	
26.243	0.982562	3.267490	5.137453	0.777250	0.000000	0.000000	
26.255	0.996625	3.423276	5.761432	0.761725	0.000000	0.000000	
26.266	1.009000	3.403691	7.149721	0.748225	0.000000	0.000000	
26.277	1.019125	1.697683	7.281067	0.736075	0.000000	0.000000	
26.289	1.032063	3.377466	8.234415	0.721900	0.000000	0.000000	
26.300	1.039937	1.647968	8.564467	0.713800	0.000000	0.000000	
26.312	1.046125	1.689418	8.533197	0.708400	0.000000	0.000000	
26.323	1.054000	1.693540	8.490266	0.698950	0.000000	0.000000	
26.334	1.059062	0.000000	8.476769	0.691525	0.000000	0.000000	
26.346	1.065250	1.695609	8.471903	0.686125	0.000000	0.000000	
26.357	1.071437	1.687365	8.489101	0.678700	0.000000	0.000000	
26.369	1.075938	1.696991	8.447686	0.672625	0.000000	0.000000	
26.380	1.079875	1.636956	8.066446	0.669925	0.000000	0.000000	
26.392	1.084375	1.690104	7.779064	0.664525	0.000000	0.000000	
26.403	1.087750	1.691477	7.943371	0.659800	0.000000	0.000000	
26.415	1.091125	1.684634	7.960166	0.655750	0.000000	0.000000	
26.426	1.095062	1.701150	7.855199	0.653050	0.000000	0.000000	
26.438	1.097875	0.000000	7.986015	0.648325	0.000000	0.000000	
26.449	1.100688	1.691477	7.750851	0.643600	0.000000	0.000000	
26.461	1.105188	1.674474	7.590809	0.641575	0.000000	0.000000	
26.472	1.107437	0.000000	7.707745	0.638875	0.000000	0.000000	
26.484	1.108562	0.000000	7.236409	0.636175	0.000000	0.000000	
26.495	1.112500	1.706029	7.137845	0.634150	0.000000	0.000000	
26.507	1.114750	0.000000	7.120697	0.631450	0.000000	0.000000	
26.518	1.116438	1.661778	6.936610	0.628750	0.000000	0.000000	
26.530	1.119250	1.687365	6.652520	0.626725	0.000000	0.000000	
26.541	1.121500	0.000000	6.558222	0.624025	0.000000	0.000000	
26.552	1.123188	1.688733	6.439742	0.621325	0.000000	0.000000	
26.564	1.125437	0.000000	6.687752	0.619300	0.000000	0.000000	
26.575	1.127687	0.000000	6.575863	0.617275	0.000000	0.000000	
26.587	1.129375	0.000000	6.881525	0.614575	0.000000	0.000000	
26.598	1.131063	0.000000	7.115808	0.613900	0.000000	0.000000	
26.610	1.132750	1.712342	6.924743	0.612550	0.000000	0.000000	
26.621	1.132750	0.000000	6.850298	0.611200	0.000000	0.000000	
26.632	1.133875	1.679877	6.735694	0.611200	0.000000	0.000000	
26.644	1.134438	0.000000	6.665625	0.610525	0.000000	0.000000	
26.656	1.134438	0.000000	6.621969	0.609850	0.000000	0.000000	
26.667	1.135000	0.000000	6.545132	0.609850	0.000000	0.000000	
26.679	1.135000	0.000000	6.512975	0.609850	0.000000	0.000000	
26.690	1.135563	0.000000	6.458715	0.609175	0.000000	0.000000	
26.702	1.136125	0.000000	6.433718	0.609175	0.000000	0.000000	
26.713	1.137250	0.000000	6.790371	0.607825	0.000000	0.000000	
26.724	1.138937	0.000000	6.746567	0.606475	0.000000	0.000000	
26.736	1.140625	0.000000	6.702244	0.603775	0.000000	0.000000	
26.747	1.142875	1.692852	6.620132	0.601075	0.000000	0.000000	
26.759	1.145687	0.000000	6.582154	0.598375	0.000000	0.000000	
26.770	1.148500	0.000000	6.530615	0.596350	0.000000	0.000000	
26.782	1.150750	1.695609	6.497800	0.592300	0.000000	0.000000	
26.793	1.154125	1.696991	6.502194	0.588925	0.000000	0.000000	
26.805	1.156937	0.000000	6.907975	0.586900	0.000000	0.000000	
26.816	1.158625	0.000000	7.178892	0.583525	0.000000	0.000000	
26.828	1.161438	1.713752	7.034344	0.580825	0.000000	0.000000	
26.839	1.163125	0.000000	6.970761	0.578800	0.000000	0.000000	
26.850	1.164813	1.656490	7.331938	0.576775	0.000000	0.000000	
26.862	1.165938	0.000000	7.589423	0.574075	0.000000	0.000000	
26.873	1.166500	0.000000	7.487164	0.573400	0.000000	0.000000	
26.885	1.166500	0.000000	7.746392	0.573400	0.000000	0.000000	
26.896	1.166500	0.000000	7.642985	0.573400	0.000000	0.000000	
26.908	1.166500	0.000000	7.456912	0.573400	0.000000	0.000000	
26.919	1.162562	0.000000	7.372842	0.577450	2.094425	0.000000	
26.931	1.153563	0.000000	7.224547	0.588925	3.980326	0.040480	
26.942	1.140625	0.000000	7.155047	0.605125	4.064497	0.040497	
26.954	1.120375	0.000000	7.031146	0.624025	6.094268	0.040530	
26.965	1.087750	0.000000	6.969064	0.657775	10.120087	0.101530	
26.976	1.054000	0.000000	6.830865	0.697600	10.173655	0.121885	
26.988	1.018000	0.000000	6.751228	0.738100	8.119088	0.101737	
26.999	0.990438	0.000000	6.668917	0.764425	6.339068	0.076256	
27.011	0.971875	0.000000	6.472174	0.789400	4.130000	1.203968	
27.022	0.967937	0.000000	6.368478	0.798175	0.000000	1.712200	
27.034	0.968500	0.000000	6.164330	0.795475	0.000000	0.791197	
27.045	0.969625	0.000000	6.074783	0.794800	0.000000	0.000000	
27.056	0.970187	0.000000	6.246802	0.794800	0.000000	0.000000	
27.068	0.968500	0.000000	6.112826	0.795475	2.033075	0.000000	
27.079	0.967375	0.000000	5.969242	0.796150	0.000000	0.000000	
27.091	0.967375	0.000000	5.683405	0.796150	0.000000	0.000000	
27.102	0.968500	0.000000	5.540792	0.795475	0.000000	0.000000	
27.114	0.973000	1.690790	5.363202	0.790075	0.000000	0.000000	
27.125	0.978625	3.389838	5.637702	0.781300	0.000000	0.000000	
27.136	0.986500	1.689418	5.734835	0.773200	0.000000	0.000000	
27.148	0.995500	3.224480	6.301407	0.762400	0.000000	0.000000	
27.160	1.004500	1.699068	6.563660	0.751600	0.000000	0.000000	
27.171	1.013500	1.706029	7.593978	0.742825	0.000000	0.000000	
27.183	1.021375	1.683272	7.765804	0.733375	0.000000	0.000000	
27.194	1.028125	1.669105	8.265100	0.725950	0.000000	0.000000	
27.206	1.034875	1.689418	8.346819	0.719875	0.000000	0.000000	
27.217	1.041062	1.691477	8.895041	0.712450	0.000000	0.000000	
27.228	1.045563	1.690104	8.882321	0.707725	0.000000	0.000000	
27.240	1.052312	1.704632	8.601846	0.701650	0.000000	0.000000	
27.251	1.056813	1.720833	8.757449	0.694225	0.000000	0.000000	
27.263	1.060750	0.000000	8.839054	0.689500	0.000000	0.000000	
27.274	1.068625	3.332866	9.004881	0.682750	0.000000	0.000000	
27.285	1.073688	0.000000	9.090950	0.673975	0.000000	0.000000	
27.297	1.079313	1.693540	9.243021	0.669250	0.000000	0.000000	
27.308	1.086063	1.695609	9.349206	0.663850	0.000000	0.000000	
27.320	1.091688	1.711638	9.423074	0.655075	0.000000	0.000000	
27.331	1.095625	0.000000	9.536011	0.650350	0.000000	0.000000	
27.343	1.100125	1.746819	9.294028	0.646975	0.000000	0.000000	
27.355	1.103500	0.000000	9.529617	0.640900	0.000000	0.000000	
27.366	1.107437	0.000000	9.636337	0.638200	0.000000	0.000000	
27.378	1.110813	1.688049	9.353487	0.635500	0.000000	0.000000	
27.389	1.114187	1.690790	9.076602	0.630775	0.000000	0.000000	
27.401	1.117000	0.000000	8.659683	0.628750	0.000000	0.000000	
27.412	1.119250	1.695609	8.782628	0.626725	0.000000	0.000000	
27.424	1.121500	1.688049	8.644690	0.623350	0.000000	0.000000	
27.435	1.123750	0.000000	8.996475	0.620650	0.000000	0.000000	
27.446	1.125437	0.000000	8.875041	0.619300	0.000000	0.000000	
27.458	1.127687	0.000000	9.207615	0.615925	0.000000	0.000000	
27.469	1.129938	0.000000	8.988915	0.613900	0.000000	0.000000	
27.481	1.131625	0.000000	8.598153	0.613225	0.000000	0.000000	
27.492	1.133875	0.000000	8.445898	0.611200	0.000000	0.000000	
27.504	1.135563	0.000000	8.274395	0.608500	0.000000	0.000000	
27.515	1.137812	1.681234	8.031012	0.607825	0.000000	0.000000	
27.527	1.140062	0.000000	7.914904	0.605125	0.000000	0.000000	
27.538	1.141188	0.000000	7.715062	0.602425	0.000000	0.000000	
27.550	1.143438	1.685998	7.618119	0.600400	0.000000	0.000000	
27.561	1.146250	0.000000	7.984409	0.599050	0.000000	0.000000	
27.573	1.147938	0.000000	8.212258	0.595675	0.000000	0.000000	
27.584	1.149063	0.000000	8.111672	0.593650	0.000000	0.000000	
27.596	1.151875	0.000000	7.939950	0.591625	0.000000	0.000000	
27.607	1.153563	0.000000	7.921904	0.589600	0.000000	0.000000	
27.619	1.155250	1.678523	8.090466	0.587575	0.000000	0.000000	
27.630	1.156937	0.000000	8.002935	0.586225	0.000000	0.000000	
27.642	1.158062	0.000000	8.264491	0.584200	0.000000	0.000000	
27.653	1.159750	0.000000	8.170691	0.582175	0.000000	0.000000	
27.665	1.161438	0.000000	8.009844	0.580150	0.000000	0.000000	
27.676	1.164250	1.694919	8.017884	0.577450	0.000000	0.000000	
27.688	1.166500	0.000000	8.382792	0.573400	0.000000	0.000000	
27.699	1.168750	0.000000	8.512835	0.570025	0.000000	0.000000	
27.710	1.171563	1.639534	8.494281	0.568675	0.000000	0.000000	
27.722	1.173813	0.000000	9.118861	0.565975	0.000000	0.000000	
27.733	1.174375	0.000000	9.334034	0.563275	0.000000	0.000000	
27.745	1.176062	0.000000	9.489685	0.562600	0.000000	0.000000	
27.756	1.177188	0.000000	9.324254	0.561925	0.000000	0.000000	
27.768	1.177188	0.000000	9.195868	0.560575	0.000000	0.000000	
27.779	1.177188	0.000000	8.952676	0.560575	0.000000	0.000000	
27.791	1.177188	0.000000	8.844810	0.560575	0.000000	0.000000	
27.802	1.176062	0.000000	8.657073	0.561925	0.000000	0.020224	
27.814	1.167625	0.000000	8.569404	0.570700	4.104558	0.040579	
27.825	1.151875	0.000000	8.410439	0.590275	6.089316	0.040695	
27.837	1.132187	0.000000	8.337874	0.613900	6.079440	0.060721	
27.848	1.104625	0.000000	8.272697	0.639550	6.104193	0.060451	
27.860	1.077062	0.000000	8.131082	0.668575	8.092793	0.101365	
27.871	1.047250	0.000000	8.052587	0.707050	10.520630	0.100996	
27.883	1.021937	0.000000	7.880068	0.734050	6.064683	0.060064	
27.894	1.003937	0.000000	7.777624	0.748900	3.878385	0.040480	
27.906	0.999438	0.000000	7.542991	0.760375	2.001321	0.020240	
27.917	0.998875	0.000000	7.420909	0.761050	0.000000	0.000000	
27.929	0.998875	0.000000	7.136999	0.760375	0.000000	0.000000	
27.940	0.998875	0.000000	6.981101	0.760375	0.000000	0.000000	
27.951	0.999438	1.681234	6.828418	0.759700	0.000000	0.000000	
27.963	1.002813	1.717285	6.501979	0.754975	0.000000	0.000000	
27.974	1.008438	1.673801	6.404922	0.749575	0.000000	0.000000	
27.986	1.012938	1.669105	6.815004	0.742150	0.000000	0.000000	
27.997	1.021937	3.382954	6.993896	0.733375	0.000000	0.000000	
28.009	1.030938	1.689418	7.805093	0.724600	0.000000	0.000000	
28.020	1.038813	1.689418	8.251336	0.714475	0.000000	0.000000	
28.032	1.049500	3.410660	8.321686	0.704350	0.000000	0.000000	
28.043	1.061313	3.382954	8.941918	0.691525	0.000000	0.000000	
28.054	1.069188	1.683953	9.303743	0.678700	0.000000	0.000000	
28.066	1.081000	3.405083	9.321638	0.667225	0.000000	0.000000	
28.078	1.089437	1.684634	9.399585	0.659800	0.000000	0.000000	
28.089	1.095625	1.690104	9.692307	0.649675	0.000000	0.000000	
28.100	1.102375	1.679200	9.669377	0.642250	0.000000	0.000000	
28.112	1.110250	1.690790	9.648258	0.636850	0.000000	0.000000	
28.123	1.114750	0.000000	10.036287	0.630100	0.000000	0.000000	
28.135	1.120375	1.692164	9.999830	0.624025	0.000000	0.000000	
28.147	1.124875	2.009853	9.912021	0.619975	0.000000	0.000000	
28.158	1.128250	0.000000	9.902471	0.615925	0.000000	0.000000	
28.170	1.131063	0.000000	9.453970	0.612550	0.000000	0.000000	
28.181	1.133875	0.000000	9.415515	0.611200	0.000000	0.000000	
28.192	1.135563	1.709530	9.013656	0.608500	0.000000	0.000000	
28.204	1.136688	0.000000	8.349280	0.607150	0.000000	0.000000	
28.215	1.138375	0.000000	8.121679	0.607150	0.000000	0.000000	
28.227	1.138937	0.000000	7.884820	0.605125	0.000000	0.000000	
28.238	1.139500	0.000000	7.630596	0.604450	0.000000	0.000000	
28.250	1.140062	0.000000	7.588504	0.604450	0.000000	0.000000	
28.261	1.141188	0.000000	7.372423	0.602425	0.000000	0.000000	
28.273	1.142875	0.000000	7.193380	0.600400	0.000000	0.000000	
28.284	1.145125	0.000000	6.897698	0.599050	0.000000	0.000000	
28.296	1.146813	0.000000	7.178595	0.597025	0.000000	0.000000	
28.307	1.148500	0.000000	7.590017	0.594325	0.000000	0.000000	
28.318	1.151312	0.000000	7.414571	0.591625	0.000000	0.000000	
28.330	1.154688	0.000000	7.557787	0.588250	0.000000	0.000000	
28.341	1.157500	0.000000	7.705272	0.584200	0.000000	0.000000	
28.353	1.161438	0.000000	7.420699	0.580150	0.000000	0.000000	
28.364	1.165938	1.682592	7.698533	0.574750	0.000000	0.000000	
28.376	1.171000	1.708128	7.947470	0.567325	0.000000	0.000000	
28.387	1.174937	0.000000	7.898057	0.563275	0.000000	0.000000	
28.399	1.178875	1.676496	7.752313	0.559225	0.000000	0.000000	
28.410	1.182250	0.000000	7.948639	0.553825	0.000000	0.000000	
28.422	1.186188	0.000000	8.193295	0.548425	0.000000	0.000000	
28.433	1.189000	0.000000	8.665126	0.545725	0.000000	0.000000	
28.445	1.191250	0.000000	8.809222	0.542350	0.000000	0.000000	
28.456	1.192937	0.000000	8.612332	0.540325	0.000000	0.000000	
28.468	1.193500	0.000000	8.278481	0.540325	0.000000	0.000000	
28.479	1.193500	0.000000	8.127413	0.540325	0.000000	0.000000	
28.490	1.193500	0.000000	7.864949	0.539650	0.000000	0.000000	
28.502	1.193500	0.000000	7.758831	0.539650	0.000000	0.000000	
28.513	1.193500	0.000000	7.561269	0.539650	0.000000	0.000000	
28.525	1.193500	0.000000	7.474369	0.539650	0.000000	0.000000	
28.536	1.192375	0.000000	7.394711	0.540325	0.000000	0.000000	
28.548	1.190125	0.000000	7.258515	0.542350	2.019927	0.000000	
28.559	1.189000	0.000000	7.196843	0.544375	0.000000	0.020248	
28.571	1.186750	0.000000	7.088258	0.546400	2.011795	0.020118	
28.582	1.184500	0.000000	7.043025	0.548425	0.000000	0.000000	
28.594	1.182812	0.000000	6.957255	0.551800	2.050595	0.000000	
28.605	1.180562	0.000000	6.919151	0.554500	0.000000	0.000000	
28.617	1.178313	0.000000	6.885875	0.557200	2.002926	0.000000	
28.628	1.176062	0.000000	6.821920	0.560575	0.000000	0.000000	
28.639	1.173250	0.000000	6.793094	0.563950	0.000000	0.000000	
28.651	1.171000	0.000000	6.741828	0.566650	0.000000	0.000000	
28.663	1.168187	0.000000	6.717440	0.570700	2.020744	0.019862	
28.674	1.163687	0.000000	6.671748	0.574750	2.030597	0.020306	
28.686	1.160875	0.000000	6.651339	0.577450	0.000000	0.020134	
28.697	1.158062	0.000000	6.609282	0.583525	2.049753	0.020078	
28.709	1.154125	0.000000	6.587863	0.588250	0.000000	0.000000	
28.720	1.150187	0.000000	6.565241	0.590950	0.000000	0.000000	
28.732	1.147375	0.000000	6.516943	0.595675	2.051436	0.019862	
28.743	1.141750	0.000000	6.488857	0.601750	2.099705	0.000000	
28.755	1.137812	0.000000	6.424125	0.604450	0.000000	0.000000	
28.766	1.134438	0.000000	6.389570	0.609175	1.967440	0.000000	
28.778	1.129938	0.000000	6.307097	0.614575	0.000000	0.020281	
28.789	1.125437	0.000000	6.260169	0.616600	0.000000	0.000000	
28.800	1.122625	0.000000	6.212095	0.621325	2.048074	0.000000	
28.812	1.118125	0.000000	6.095167	0.627400	0.000000	0.000000	
28.823	1.113625	0.000000	6.028506	0.630100	0.000000	0.020405	
28.835	1.110250	0.000000	5.884693	0.634825	2.022379	0.020191	
28.846	1.105750	0.000000	5.792819	0.639550	0.000000	0.000000	
28.858	1.101250	0.000000	5.706072	0.642925	0.000000	0.000000	
28.869	1.097875	0.000000	5.519020	0.646975	1.998120	0.020347	
28.881	1.093938	0.000000	5.425734	0.652375	2.015040	0.020289	
28.893	1.090562	0.000000	5.215920	0.656425	1.996524	0.000000	
28.904	1.086625	0.000000	5.105676	0.660475	2.024017	0.000000	
28.916	1.082687	0.000000	4.884284	0.664525	0.000000	0.000000	
28.927	1.078187	0.000000	4.765952	0.670600	2.032248	0.020306	
28.938	1.074813	0.000000	4.522359	0.673975	2.084814	0.020298	
28.950	1.069750	0.000000	4.397355	0.678025	0.000000	0.000000	
28.961	1.065812	0.000000	4.278521	0.683425	0.000000	0.020142	
28.973	1.061313	0.000000	4.019652	0.688150	0.000000	0.000000	
28.984	1.056250	0.000000	3.888190	0.694225	2.048913	0.000000	
28.996	1.051188	0.000000	3.629474	0.700300	2.038882	0.000000	
29.007	1.048375	0.000000	3.494604	0.703675	0.000000	0.000000	
29.019	1.042750	0.000000	3.222414	0.710425	2.025658	0.020199	
29.030	1.037688	0.000000	3.085355	0.715825	0.000000	0.000000	
29.042	1.033188	0.000000	2.956210	0.720550	2.033075	0.000000	
29.053	1.027000	0.000000	2.680181	0.726625	1.882931	0.020199	
29.065	1.020250	0.000000	2.541731	0.734050	2.034731	0.020257	
29.076	1.016312	0.000000	2.272579	0.739450	2.043050	0.000000	
29.088	1.009000	0.000000	2.133762	0.745525	2.034731	0.020207	
29.099	1.003375	0.000000	1.855604	0.752950	2.034731	0.020347	
29.111	0.998312	0.000000	1.725379	0.760375	2.052279	0.020207	
29.122	0.992125	0.000000	1.448464	0.765100	2.027302	0.017132	
29.134	0.985375	0.000000	1.311667	0.772525	4.173110	0.020381	
29.146	0.980313	0.000000	1.176548	0.781300	2.006948	0.040662	
29.157	0.975250	0.000000	0.917270	0.787375	0.000000	0.020240	
29.169	0.965688	0.000000	0.785199	0.794800	2.029772	0.020199	
29.180	0.962875	0.000000	0.530787	0.802900	4.061194	0.020159	
29.192	0.957812	0.000000	0.400914	0.811000	2.026480	0.020306	
29.203	0.949375	0.000000	0.143883	0.816400	2.023198	0.020232	
29.215	0.944313	0.000000	0.014966	0.823150	0.000000	0.020150	
29.226	0.939812	0.000000	0.000000	0.830575	2.028948	0.020289	
29.238	0.931375	0.000000	0.000000	0.836650	2.077015	0.000000	
29.249	0.924625	0.000000	0.000000	0.843400	4.082760	0.000000	
29.261	0.920125	0.000000	0.000000	0.852175	2.029772	0.020126	
29.273	0.914500	0.000000	0.000000	0.858250	2.019111	0.020134	
29.284	0.907188	0.000000	0.000000	0.865000	2.036389	0.020224	
29.296	0.902125	0.000000	0.000000	0.874450	2.050595	0.020150	
29.307	0.894813	0.000000	0.000000	0.879175	0.000000	0.000000	
29.319	0.888062	0.000000	0.000000	0.886600	2.080474	0.020191	
29.330	0.882437	0.000000	0.000000	0.896725	1.999720	0.040595	
29.342	0.876250	0.000000	0.000000	0.906175	1.902284	0.020397	
29.353	0.869500	0.000000	0.000000	0.912925	2.059892	0.020540	
29.365	0.863312	0.000000	0.000000	0.921700	2.054811	0.409281	
29.376	0.856562	0.000000	0.000000	0.928450	1.965120	0.684002	
29.388	0.850937	0.000000	0.000000	0.935200	2.012605	1.206506	
29.399	0.845312	0.000000	0.000000	0.942625	2.033075	1.480316	
29.411	0.836312	0.000000	0.000000	0.951400	2.025658	1.741150	
29.422	0.833500	0.000000	0.000000	0.957475	2.033075	2.272069	
29.434	0.827875	0.000000	0.000000	0.964225	2.035560	2.513007	
29.445	0.820000	0.000000	0.000000	0.971650	2.056502	3.039092	
29.457	0.816625	0.000000	0.000000	0.977050	2.052279	3.278419	
29.468	0.812688	0.000000	0.000000	0.982450	2.013416	3.798926	
29.480	0.805375	0.000000	0.000000	0.989875	1.886485	4.054508	
29.491	0.802000	0.000000	0.000000	0.995950	2.041380	4.286823	
29.503	0.798063	0.000000	0.000000	1.000000	0.000000	4.704038	
29.514	0.794125	0.000000	0.000000	1.006075	2.048074	4.537035	
29.526	0.790187	0.000000	0.000000	1.012150	2.183180	5.091957	
29.537	0.786812	0.000000	0.000000	1.014850	0.000000	5.246706	
29.549	0.784562	0.000000	0.000000	1.017550	0.000000	5.349738	
29.560	0.782875	0.000000	0.000000	1.021600	0.000000	5.189223	
29.572	0.780625	0.000000	0.000000	1.021600	0.000000	5.415051	
29.583	0.780625	0.000000	0.000000	1.022275	0.000000	5.080327	
29.595	0.780625	0.000000	0.000000	1.022275	0.000000	4.941432	
29.606	0.780625	0.000000	0.000000	1.022275	0.000000	4.723557	
29.618	0.783437	1.732286	0.017989	1.020250	0.000000	4.638942	
29.629	0.787937	0.000000	0.017316	1.014175	0.000000	4.506313	
29.641	0.793000	1.564982	0.017981	1.006075	0.000000	4.449239	
29.652	0.800875	1.630547	0.016956	0.999325	0.000000	4.351521	
29.664	0.807625	1.692164	0.017280	0.988525	0.000000	4.303737	
29.675	0.814937	1.695609	0.033720	0.977050	0.000000	4.254569	
29.687	0.826187	3.391218	0.033706	0.968275	0.000000	4.147619	
29.698	0.834063	1.699762	0.017230	0.958150	0.000000	4.092209	
29.710	0.843063	1.693540	0.033652	0.944650	0.000000	3.954957	
29.721	0.852062	3.385704	0.018329	0.935200	0.000000	3.875788	
29.733	0.861625	1.715163	0.034531	0.925750	0.000000	3.696090	
29.744	0.868375	1.696300	0.016853	0.915625	0.000000	3.590017	
29.756	0.877375	3.373363	0.016819	0.906175	0.000000	3.350493	
29.767	0.886937	1.683953	0.034247	0.894025	0.000000	3.223528	
29.779	0.894250	1.688733	0.016867	0.880525	0.000000	3.077232	
29.790	0.904375	3.388459	0.032972	0.870400	0.000000	2.753813	
29.802	0.913375	1.723682	0.033747	0.862975	0.000000	2.575387	
29.813	0.920687	3.421870	0.545173	0.852175	0.000000	2.205218	
29.825	0.929125	1.693540	0.628188	0.838675	0.000000	2.001433	
29.836	0.938125	3.165653	0.848784	0.831250	0.000000	1.559455	
29.848	0.945437	1.681234	0.946401	0.823825	0.000000	1.339276	
29.859	0.952750	1.697683	1.610560	0.813700	0.000000	1.101399	
29.871	0.960625	3.369269	1.724696	0.805600	0.000000	0.611798	
29.882	0.967937	1.713047	1.885373	0.798175	0.000000	0.375148	
29.893	0.973562	1.806688	2.441508	0.788050	0.000000	0.000000	
29.905	0.980875	3.170473	2.552043	0.779275	0.000000	0.000000	
29.916	0.988187	1.669105	2.872335	0.772525	0.000000	0.000000	
29.928	0.993250	1.693540	3.255162	0.763750	0.000000	0.000000	
29.939	1.001125	3.396750	3.177043	0.756325	0.000000	0.000000	
29.951	1.007875	1.688733	3.317024	0.750250	0.000000	0.000000	
29.962	1.013500	1.786536	3.454935	0.741475	0.000000	0.000000	
29.974	1.021937	3.358400	3.798874	0.732700	0.000000	0.000000	
29.985	1.028125	0.000000	4.031522	0.726625	0.000000	0.000000	
30.000	1.037125	3.423276	4.698785	0.715825	0.000000	0.000000	
30.010	1.044438	3.384329	4.899952	0.709750	0.000000	0.000000	
30.022	1.050625	1.687365	5.297122	0.704350	0.000000	0.000000	
30.033	1.056813	1.684634	5.467770	0.694900	0.000000	0.000000	
30.044	1.063563	1.663770	5.635883	0.686800	0.000000	0.000000	
30.056	1.070875	1.696300	5.993715	0.679375	0.000000	0.000000	
30.067	1.078750	1.707428	6.153615	0.669925	0.000000	0.000000	
30.079	1.084937	1.696300	6.508872	0.662500	0.000000	0.000000	
30.090	1.092250	1.681913	6.673501	0.655075	0.000000	0.000000	
30.101	1.097875	0.000000	7.395518	0.648325	0.000000	0.000000	
30.113	1.102937	1.686681	7.561553	0.641575	0.000000	0.000000	
30.124	1.109687	1.688049	7.699821	0.636175	0.000000	0.000000	
30.136	1.115875	1.689418	7.985773	0.629425	0.000000	0.000000	
30.147	1.120937	1.701846	8.129851	0.624025	0.000000	0.000000	
30.159	1.126562	1.685998	7.993274	0.617950	0.000000	0.000000	
30.170	1.131625	0.000000	8.162525	0.612550	0.000000	0.000000	
30.182	1.136125	2.103240	8.309396	0.608500	0.000000	0.000000	
30.193	1.141188	1.688049	8.653574	0.604450	0.000000	0.000000	
30.204	1.144562	1.692852	8.813072	0.599050	0.000000	0.000000	
30.216	1.147375	0.000000	8.690517	0.596350	0.000000	0.000000	
30.227	1.150750	0.000000	8.843825	0.593650	0.000000	0.000000	
30.239	1.153000	0.000000	8.676747	0.588925	0.000000	0.000000	
30.250	1.156375	1.689418	8.515897	0.586225	0.000000	0.000000	
30.262	1.158062	0.000000	8.450101	0.584875	0.000000	0.000000	
30.273	1.159750	1.690104	8.251360	0.582175	0.000000	0.000000	
30.284	1.160313	0.000000	8.150819	0.580825	0.000000	0.000000	
30.296	1.160875	0.000000	8.154061	0.580150	0.000000	0.000000	
30.307	1.160875	0.000000	7.992665	0.580150	0.000000	0.000000	
30.319	1.160875	0.000000	7.712532	0.580150	0.000000	0.000000	
30.330	1.160875	0.000000	7.598558	0.580150	0.000000	0.000000	
30.342	1.160875	0.000000	7.384358	0.580150	0.000000	0.000000	
30.353	1.159188	0.000000	7.289979	0.581500	0.000000	0.020900	
30.365	1.156375	0.000000	7.203082	0.584875	0.000000	0.020381	
30.376	1.154125	0.000000	7.052849	0.588250	0.000000	0.021356	
30.387	1.151312	0.000000	6.983311	0.589600	0.000000	0.000000	
30.399	1.148500	0.000000	6.855709	0.594325	0.000000	0.000000	
30.410	1.145687	0.000000	6.800367	0.598375	1.933939	0.020281	
30.422	1.141188	0.000000	6.744089	0.601075	0.000000	0.000000	
30.433	1.137250	0.000000	6.636465	0.605800	2.015040	0.021531	
30.445	1.134438	0.000000	6.584698	0.610525	0.000000	0.020289	
30.456	1.129375	0.000000	6.485400	0.613900	0.000000	0.000000	
30.467	1.125437	0.000000	6.433154	0.617275	2.040547	0.020822	
30.479	1.121500	0.000000	6.327693	0.623350	2.024837	0.021229	
30.490	1.116438	0.000000	6.270580	0.628750	1.952833	0.000000	
30.502	1.111375	0.000000	6.146819	0.632125	0.000000	0.000000	
30.513	1.106875	0.000000	6.078578	0.638200	2.022379	0.000000	
30.525	1.101812	0.000000	6.010699	0.643600	2.028948	0.000000	
30.536	1.096750	0.000000	5.851516	0.647650	2.040547	0.000000	
30.548	1.092813	0.000000	5.764537	0.653050	2.129228	0.021247	
30.559	1.088313	0.000000	5.582389	0.659125	2.019927	0.020199	
30.571	1.082687	0.000000	5.481528	0.663850	2.019927	0.000000	
30.582	1.078750	0.000000	5.266280	0.669250	1.940699	0.021365	
30.594	1.074813	0.000000	5.160007	0.674650	0.000000	0.000000	
30.605	1.068625	0.000000	5.042829	0.678700	0.000000	0.000000	
30.617	1.064125	0.000000	4.797303	0.684100	2.017480	0.000000	
30.628	1.060750	0.000000	4.669340	0.690175	2.032248	0.021356	
30.639	1.055688	0.000000	4.413109	0.695575	2.025658	0.020257	
30.651	1.050625	0.000000	4.276976	0.699625	0.000000	0.000000	
30.662	1.047812	0.000000	4.006794	0.704350	1.942962	0.000000	
30.674	1.043875	0.000000	3.864968	0.709750	0.000000	0.020331	
30.685	1.038250	0.000000	3.721296	0.713800	0.000000	0.020331	
30.696	1.034875	0.000000	3.429844	0.718525	2.015853	0.000000	
30.708	1.029812	0.000000	3.291405	0.723250	0.000000	0.021310	
30.720	1.024750	0.000000	2.993904	0.727975	2.125606	0.021256	
30.731	1.019688	0.000000	2.843710	0.734050	2.028948	0.000000	
30.742	1.016312	0.000000	2.552335	0.739450	2.038050	0.020813	
30.754	1.010125	0.000000	2.401479	0.744175	1.946747	0.000000	
30.765	1.005062	0.000000	2.250871	0.750250	2.024017	0.021184	
30.777	1.000563	0.000000	1.959149	0.757000	2.028125	0.000000	
30.788	0.994937	0.000000	1.809260	0.761725	0.000000	0.000000	
30.800	0.989875	0.000000	1.513237	0.767125	2.035560	0.021095	
30.811	0.984812	0.000000	1.368198	0.774550	4.067806	0.021202	
30.823	0.979187	0.000000	1.092049	0.781300	2.038050	0.021130	
30.834	0.975812	0.000000	0.951687	0.785350	0.000000	0.000000	
30.846	0.967375	0.000000	0.684657	0.793450	1.924259	0.021041	
30.857	0.964000	0.000000	0.548555	0.799525	0.000000	0.020306	
30.869	0.959500	0.000000	0.413958	0.806950	2.029772	0.020224	
30.880	0.952187	0.000000	0.149443	0.813700	2.012605	0.021365	
30.892	0.947125	0.000000	0.026774	0.819775	2.036389	0.021184	
30.903	0.942062	0.000000	0.000000	0.825850	2.113917	0.021139	
30.915	0.934750	0.000000	0.000000	0.831925	2.020744	0.021024	
30.926	0.929688	0.000000	0.000000	0.838000	2.033075	0.021283	
30.938	0.923500	0.000000	0.000000	0.845425	1.958957	0.020372	
30.949	0.918437	0.000000	0.000000	0.851500	0.000000	0.021130	
30.961	0.914500	0.000000	0.000000	0.857575	2.028125	0.000000	
30.972	0.908875	0.000000	0.000000	0.862975	1.984630	0.020372	
30.984	0.903812	0.000000	0.000000	0.870400	2.023198	0.021121	
30.996	0.899875	0.000000	0.000000	0.874450	2.018295	0.000000	
31.007	0.893125	0.000000	0.000000	0.878500	0.000000	0.000000	
31.019	0.889750	0.000000	0.000000	0.885925	2.031423	0.020430	
31.030	0.885250	0.000000	0.000000	0.892000	0.000000	0.020175	
31.041	0.879625	0.000000	0.000000	0.896050	2.023198	0.020339	
31.053	0.877375	0.000000	0.000000	0.904150	2.030597	0.020389	
31.064	0.872312	0.000000	0.000000	0.910900	0.000000	0.020061	
31.076	0.866687	0.000000	0.000000	0.914950	2.020744	0.020389	
31.088	0.863312	0.000000	0.000000	0.919675	2.017480	0.020175	
31.099	0.858250	0.000000	0.000000	0.926425	0.000000	0.288289	
31.111	0.853188	0.000000	0.000000	0.930475	0.000000	0.000000	
31.122	0.850937	0.000000	0.000000	0.935200	0.000000	0.010712	
31.134	0.844750	0.000000	0.000000	0.942625	3.698963	0.000000	
31.146	0.838562	0.000000	0.000000	0.947350	0.000000	0.027458	
31.157	0.836875	0.000000	0.000000	0.950725	0.000000	0.188622	
31.169	0.834063	0.000000	0.000000	0.956800	3.631758	0.036318	
31.180	0.829562	0.000000	0.000000	0.960850	0.000000	0.000000	
31.192	0.826750	0.000000	0.000000	0.964900	4.154031	0.011010	
31.204	0.822250	0.000000	0.000000	0.969625	3.197248	0.039978	
31.215	0.818875	0.000000	0.000000	0.973675	0.000000	0.024188	
31.227	0.816063	0.000000	0.000000	0.977050	0.000000	0.540605	
31.239	0.812125	0.000000	0.000000	0.981100	0.000000	0.363418	
31.251	0.808750	0.000000	0.000000	0.985825	0.000000	0.240270	
31.263	0.805937	0.000000	0.000000	0.989875	2.021561	1.652493	
31.274	0.802562	0.000000	0.000000	0.993925	2.033903	2.042389	
31.286	0.799750	0.000000	0.000000	0.996625	0.000000	2.688133	
31.297	0.798063	0.000000	0.000000	0.999325	2.039714	2.519403	
31.309	0.796375	0.000000	0.000000	1.003375	2.038050	2.279738	
31.320	0.794125	0.000000	0.000000	1.006075	0.000000	2.283668	
31.332	0.791875	0.000000	0.000000	1.006750	0.000000	2.613626	
31.343	0.791313	0.000000	0.000000	1.008775	2.287093	2.619823	
31.355	0.791313	0.000000	0.000000	1.010125	0.000000	3.268746	
31.367	0.790750	0.000000	0.000000	1.010125	0.000000	3.154253	
31.378	0.790750	0.000000	0.000000	1.010125	0.000000	3.051154	
31.390	0.790750	0.000000	0.000000	1.010125	0.000000	2.964428	
31.402	0.790750	0.000000	0.000000	1.008775	0.000000	2.888675	
31.413	0.794125	0.000000	0.000000	1.005400	0.000000	2.839568	
31.425	0.798625	0.000000	0.000000	1.001350	0.000000	2.789242	
31.436	0.799187	0.000000	0.000000	0.997300	0.000000	2.749475	
31.448	0.804250	0.000000	0.000000	0.990550	0.000000	2.713357	
31.459	0.811000	1.103449	0.000000	0.985150	0.000000	2.678584	
31.471	0.814375	3.602436	0.000000	0.979075	0.000000	2.604759	
31.483	0.821125	2.130136	0.000000	0.970975	0.000000	2.553635	
31.494	0.827875	0.000000	0.000000	0.964225	0.000000	2.503356	
31.506	0.836312	1.696300	0.000000	0.953425	0.000000	2.445582	
31.517	0.843063	1.696991	0.016840	0.943975	0.000000	2.392503	
31.529	0.852625	3.381580	0.033436	0.934525	0.000000	2.268215	
31.540	0.861062	1.708128	0.016751	0.925075	0.000000	2.193682	
31.552	0.866687	1.709530	0.016908	0.916300	0.000000	2.024964	
31.563	0.875687	3.384329	0.017345	0.908200	0.000000	1.924395	
31.575	0.883563	1.699762	0.016833	0.898075	0.000000	1.694074	
31.587	0.886937	1.682592	0.017454	0.889300	0.000000	1.575149	
31.598	0.895938	1.685998	0.033543	0.880525	0.000000	1.440280	
31.610	0.902687	1.686681	0.016778	0.874450	0.000000	1.144022	
31.621	0.905500	0.000000	0.000000	0.867025	0.000000	0.995238	
31.633	0.913375	1.696300	0.017337	0.861625	0.000000	0.660818	
31.645	0.918437	1.663105	0.016772	0.855550	0.000000	0.484349	
31.656	0.921250	0.000000	0.017542	0.848125	0.000000	0.125584	
31.668	0.926313	1.688049	0.017454	0.843400	0.000000	0.000000	
31.679	0.930250	0.000000	0.000000	0.840700	0.000000	0.000000	
31.690	0.933625	0.000000	0.000000	0.834625	0.000000	0.000000	
31.702	0.937000	0.000000	0.000000	0.829900	0.000000	0.000000	
31.713	0.940375	0.000000	0.021941	0.829225	0.000000	0.000000	
31.725	0.942625	0.000000	0.000000	0.825850	0.000000	0.000000	
31.736	0.944313	0.000000	0.000000	0.821800	0.000000	0.000000	
31.748	0.947125	0.000000	0.039889	0.821125	0.000000	0.000000	
31.759	0.948812	0.000000	0.000000	0.819100	0.000000	0.000000	
31.771	0.949938	0.000000	0.000000	0.815725	0.000000	0.000000	
31.785	0.952750	0.545752	0.000000	0.815050	0.000000	0.000000	
31.798	0.953313	0.000000	0.000000	0.813700	0.000000	0.000000	
31.810	0.960063	0.000000	0.000000	0.819775	35.694992	0.000000	
31.831	0.960063	0.000000	0.000000	0.819775	35.694992	0.000000	
31.843	1.220500	11.509212	0.000000	1.142425	18.414738	0.000000	
31.855	1.262688	8.204129	0.000000	1.214650	15.751928	0.000000	
31.866	1.290250	5.090973	0.000000	1.274050	15.272919	0.000000	
31.878	1.306000	4.006172	0.000000	1.321975	12.018517	0.000000	
31.889	1.310500	0.000000	0.000000	1.367200	9.628707	0.000000	
31.900	1.310500	0.000000	0.000000	1.399600	7.957482	0.000000	
31.912	1.309937	0.000000	0.000000	1.421200	5.154512	0.000000	
31.923	1.309937	0.000000	0.000000	1.438075	3.324883	0.000000	
31.934	1.309937	0.000000	0.000000	1.444150	0.000000	0.000000	
31.946	1.309937	0.000000	0.000000	1.444150	0.000000	0.000000	
31.957	1.309937	0.000000	0.000000	1.444150	0.000000	0.000000	
31.968	1.309937	0.000000	0.000000	1.444150	0.000000	0.000000	
31.980	1.309937	0.000000	0.000000	1.444150	0.000000	0.000000	
31.991	1.309937	0.000000	0.000000	1.444150	0.000000	0.000000	
32.001	1.309937	0.000000	0.000000	1.444150	0.000000	0.000000	
32.012	1.309937	0.000000	0.000000	1.444150	0.000000	0.000000	
32.023	1.309937	0.000000	0.000000	1.444150	0.000000	0.000000	
32.034	1.309937	0.000000	0.000000	1.444150	0.000000	0.000000	
32.049	1.309937	0.000000	0.000000	1.444150	0.000000	0.000000	
32.078	1.309937	0.000000	0.000000	1.444150	0.000000	0.000000	
32.126	1.309937	0.000000	0.000000	1.444150	0.000000	0.000000	
32.137	1.309937	0.000000	0.000000	1.444150	0.000000	0.000000	
32.158	1.309937	0.000000	0.000000	1.444150	0.000000	0.000000	
32.171	1.309937	0.000000	0.000000	1.444150	0.000000	0.000000	
32.182	1.309937	0.000000	0.000000	1.444150	0.000000	0.000000	
32.193	1.309937	0.000000	0.000000	1.444150	0.000000	0.000000	
32.205	1.309937	0.000000	0.000000	1.444150	0.000000	0.000000	
