44.046	1.141750	0.000000	5.453904	0.835300	0.000000	0.000000	
44.057	1.141750	0.000000	5.427537	0.835300	0.000000	0.000000	
44.069	1.141750	0.000000	5.381772	0.835300	0.000000	0.000000	
44.080	1.141750	0.000000	5.360839	0.835300	0.000000	0.000000	
44.092	1.141750	0.000000	5.324963	0.835300	0.000000	0.000000	
44.103	1.141750	0.000000	5.308707	0.835300	0.000000	0.000000	
44.115	1.141750	0.000000	5.293813	0.835300	0.000000	0.000000	
44.126	1.141750	0.000000	5.267470	0.835300	0.000000	0.000000	
44.138	1.141750	0.000000	5.256471	0.835300	0.000000	0.000000	
44.149	1.141750	0.000000	5.235154	0.835300	0.000000	0.000000	
44.161	1.140062	0.000000	5.225682	0.835300	0.000000	0.000000	
44.173	1.140062	0.000000	5.209041	0.836650	0.000000	0.000000	
44.184	1.138937	0.000000	5.202250	0.837325	0.000000	0.000000	
44.196	1.137812	0.000000	5.189075	0.837325	0.000000	0.000000	
44.207	1.136688	0.000000	5.183012	0.838675	0.000000	0.000000	
44.219	1.135563	0.000000	5.177466	0.840025	0.000000	0.000000	
44.230	1.133875	0.000000	5.166740	0.841375	0.000000	0.000000	
44.242	1.132750	0.000000	5.161042	0.843400	2.024837	0.000000	
44.253	1.131625	0.000000	5.149248	0.844075	0.000000	0.000000	
44.265	1.130500	0.000000	5.143251	0.845425	0.000000	0.000000	
44.276	1.129375	0.000000	5.129401	0.846775	0.000000	0.000000	
44.287	1.128250	0.000000	5.121923	0.848125	0.000000	0.000000	
44.299	1.127125	0.000000	5.113868	0.848800	0.000000	0.020289	
44.311	1.126000	0.000000	5.097356	0.850150	0.000000	0.000000	
44.322	1.124313	0.000000	5.088210	0.852175	0.000000	0.020339	
44.334	1.122625	0.000000	5.069555	0.854200	2.019111	0.000000	
44.345	1.120937	0.000000	5.059667	0.856225	2.017480	0.020224	
44.357	1.119250	0.000000	5.038407	0.858250	0.000000	0.000000	
44.368	1.117563	0.000000	5.026904	0.860275	0.000000	0.000000	
44.380	1.115312	0.000000	5.014272	0.862975	0.000000	0.020273	
44.391	1.112500	0.000000	4.988573	0.865675	1.949025	0.000000	
44.403	1.110250	0.000000	4.974802	0.868375	1.999720	0.000000	
44.415	1.108000	0.000000	4.945968	0.871075	0.000000	0.000000	
44.426	1.104625	0.000000	4.929638	0.873775	0.000000	0.000000	
44.438	1.102375	0.000000	4.893852	0.877150	0.000000	0.020224	
44.449	1.099563	0.000000	4.875807	0.880525	0.000000	0.020273	
44.461	1.096750	0.000000	4.833821	0.883900	2.048913	0.000000	
44.472	1.095625	0.000000	4.810946	0.885925	0.000000	0.000000	
44.484	1.093375	0.000000	4.788574	0.887950	0.000000	0.020224	
44.496	1.092250	0.000000	4.737226	0.889300	0.000000	0.000000	
44.507	1.091688	0.000000	4.710003	0.891325	0.000000	0.000000	
44.519	1.090000	0.000000	4.655348	0.893350	0.000000	0.000000	
44.530	1.088313	0.000000	4.626370	0.895375	0.000000	0.000000	
44.542	1.086625	0.000000	4.567196	0.897400	0.000000	0.000000	
44.553	1.083812	0.000000	4.537315	0.900775	2.029772	0.000000	
44.565	1.081563	0.000000	4.478337	0.904150	0.000000	0.020248	
44.577	1.079313	0.000000	4.447266	0.907525	2.033075	0.020339	
44.588	1.076500	0.000000	4.415887	0.910225	0.000000	0.000000	
44.600	1.074250	0.000000	4.353518	0.912250	0.000000	0.000000	
44.611	1.072000	0.000000	4.320256	0.914275	0.000000	0.020240	
44.623	1.069750	0.000000	4.251394	0.916975	2.011795	0.439187	
44.635	1.068625	0.000000	4.218025	0.916975	0.000000	0.332892	
44.646	1.065812	0.000000	4.144753	0.917650	2.025658	0.156679	
44.658	1.064125	0.000000	4.106894	0.922375	2.030597	0.109155	
44.670	1.061875	0.000000	4.030913	0.929800	2.037219	0.112190	
44.681	1.057938	0.000000	3.990498	0.930475	0.000000	0.367524	
44.693	1.054562	0.000000	3.906390	0.931150	2.027302	0.304710	
44.704	1.052875	0.000000	3.865543	0.935875	2.023198	0.259906	
44.716	1.051750	0.000000	3.820777	0.939250	0.000000	0.737893	
44.728	1.049500	0.000000	3.723948	0.933175	0.000000	0.971934	
44.739	1.048375	0.000000	3.670137	0.931150	2.022379	0.890184	
44.751	1.046687	0.000000	3.557388	0.935875	2.033903	0.750148	
44.762	1.043875	0.000000	3.495793	0.941275	0.000000	0.760060	
44.774	1.041625	0.000000	3.370263	0.942625	0.000000	1.554968	
44.786	1.038250	0.000000	3.302822	0.940600	0.000000	1.443522	
44.798	1.036000	0.000000	3.163152	0.941950	2.028125	1.338217	
44.809	1.034312	0.000000	3.089954	0.948025	2.023198	1.152728	
44.821	1.032625	0.000000	2.944878	0.954100	2.023198	1.148935	
44.833	1.030375	0.000000	2.866994	0.953425	0.000000	1.836617	
44.844	1.029812	0.000000	2.788174	0.951400	0.000000	1.711644	
44.856	1.028125	0.000000	2.633549	0.954100	0.000000	1.494938	
44.868	1.026438	0.000000	2.553452	0.960850	2.036389	1.488156	
44.879	1.025313	0.000000	2.392994	0.962875	0.000000	1.723398	
44.891	1.022500	0.000000	2.317731	0.962875	0.000000	2.042783	
44.902	1.020250	0.000000	2.159273	0.963550	0.000000	1.777711	
44.914	1.019125	0.000000	2.080462	0.970300	4.059544	1.754184	
44.926	1.016875	0.000000	1.929533	0.975025	0.000000	2.209441	
44.937	1.014625	0.000000	1.852862	0.966925	0.000000	2.739822	
44.949	1.012938	0.000000	1.776533	0.964900	2.029772	2.553955	
44.961	1.012375	0.000000	1.628046	0.975025	2.029772	2.898985	
44.972	1.011812	0.000000	1.554916	0.973000	0.000000	3.608357	
44.984	1.010125	0.000000	1.413151	0.960850	0.000000	3.554998	
44.995	1.009562	0.000000	1.344507	0.965575	2.033903	3.317811	
45.007	1.009562	0.000000	1.215970	0.974350	2.025658	3.460647	
45.019	1.009000	0.000000	1.152594	0.973000	0.000000	3.604711	
45.030	1.008438	0.000000	1.033863	0.972325	2.030597	3.360866	
45.042	1.007875	0.000000	0.975397	0.977725	2.032248	2.973267	
45.053	1.007875	0.000000	0.865166	0.981100	0.000000	3.265341	
45.065	1.007875	0.000000	0.813930	0.977050	0.000000	3.649239	
45.077	1.008438	0.000000	0.768771	0.973675	0.000000	3.363364	
45.088	1.010687	0.000000	0.757519	0.975025	0.000000	2.840618	
45.100	1.013500	0.000000	1.124193	0.975700	0.000000	2.603252	
45.111	1.013500	0.000000	1.321319	0.975700	0.000000	2.162163	
45.123	1.014063	1.696300	1.243128	0.975700	0.000000	1.969319	
45.135	1.019688	1.686681	1.184597	0.975700	0.000000	1.773574	
45.146	1.024187	0.000000	1.545247	0.975700	0.000000	1.415354	
45.158	1.023062	0.000000	1.697055	0.975700	0.000000	1.251012	
45.170	1.024187	1.737345	1.613954	0.975700	0.000000	0.958195	
45.181	1.029812	1.679877	1.618842	0.975700	0.000000	0.820257	
45.193	1.032625	0.000000	2.219672	0.975025	0.000000	0.567892	
45.204	1.032063	0.000000	2.122571	0.973000	0.000000	0.460058	
45.216	1.037125	1.691477	2.035761	0.972325	0.000000	0.250526	
45.227	1.042750	0.000000	2.402850	0.970975	0.000000	0.154795	
45.239	1.041625	0.000000	2.981144	0.969625	0.000000	0.000000	
45.251	1.041625	0.000000	2.864733	0.967600	0.000000	0.000000	
45.262	1.046125	3.361110	2.710831	0.964900	0.000000	0.000000	
45.274	1.053437	1.690104	2.775916	0.959500	0.000000	0.000000	
45.285	1.053437	0.000000	3.437155	0.954100	0.000000	0.000000	
45.297	1.052875	0.000000	3.533309	0.948025	0.000000	0.000000	
45.308	1.057938	1.687365	3.431479	0.943300	0.000000	0.000000	
45.320	1.064125	0.000000	3.729698	0.939925	0.000000	0.000000	
45.332	1.064687	0.000000	3.938386	0.935200	0.000000	0.000000	
45.343	1.065250	1.683953	3.705353	0.931825	0.000000	0.000000	
45.354	1.070875	1.688049	3.618561	0.929125	0.000000	0.000000	
45.366	1.074250	0.000000	3.838535	0.925750	0.000000	0.000000	
45.378	1.074813	0.000000	3.741143	0.919675	0.000000	0.000000	
45.389	1.079875	1.680555	3.662149	0.914950	0.000000	0.000000	
45.401	1.087188	0.000000	4.074942	0.910900	0.000000	0.000000	
45.412	1.086625	0.000000	4.707607	0.907525	0.000000	0.000000	
45.424	1.085500	0.000000	4.753515	0.903475	0.000000	0.000000	
45.435	1.089437	1.730127	4.635055	0.898750	0.000000	0.000000	
45.447	1.094500	0.000000	4.846953	0.894025	0.000000	0.000000	
45.458	1.095062	0.000000	5.041025	0.891325	0.000000	0.000000	
45.470	1.095625	0.000000	4.895216	0.888625	0.000000	0.000000	
45.481	1.100125	1.685998	4.716207	0.885925	0.000000	0.000000	
45.493	1.102375	0.000000	4.990193	0.883225	0.000000	0.000000	
45.504	1.102375	0.000000	5.055758	0.881200	0.000000	0.000000	
45.516	1.102937	0.000000	4.932008	0.879850	0.000000	0.000000	
45.527	1.106313	0.000000	4.800292	0.877825	0.000000	0.000000	
45.538	1.108000	0.000000	5.104898	0.876475	0.000000	0.000000	
45.550	1.108000	0.000000	5.221593	0.875125	0.000000	0.000000	
45.562	1.108000	0.000000	5.121588	0.873775	0.000000	0.000000	
45.573	1.108000	0.000000	5.026034	0.873100	0.000000	0.000000	
45.585	1.110250	1.697683	4.944721	0.873100	0.000000	0.000000	
45.596	1.110250	0.000000	5.213661	0.872425	0.000000	0.000000	
45.608	1.110250	0.000000	5.043235	0.871750	0.000000	0.000000	
45.619	1.110250	0.000000	4.969162	0.871750	0.000000	0.000000	
45.631	1.110250	0.000000	4.840590	0.871750	0.000000	0.000000	
45.642	1.111375	0.000000	4.787866	0.871075	0.000000	0.000000	
45.654	1.111938	0.000000	4.736015	0.871075	0.000000	0.000000	
45.665	1.111938	0.000000	4.645080	0.871075	0.000000	0.000000	
45.677	1.112500	0.000000	4.605330	0.871075	0.000000	0.000000	
45.688	1.112500	0.000000	4.929503	0.871075	0.000000	0.000000	
45.700	1.112500	0.000000	4.874947	0.871075	0.000000	0.000000	
45.711	1.112500	0.000000	4.781191	0.871075	0.000000	0.000000	
45.723	1.112500	0.000000	4.738779	0.871075	0.000000	0.000000	
45.734	1.111375	0.000000	4.664687	0.871075	0.000000	0.000000	
45.746	1.111375	0.000000	4.632290	0.871075	0.000000	0.000000	
45.757	1.110250	0.000000	4.604549	0.871075	0.000000	0.000000	
45.769	1.109125	0.000000	4.552117	0.872425	0.000000	0.000000	
45.780	1.108000	0.000000	4.528667	0.873775	0.000000	0.000000	
45.792	1.106313	0.000000	4.487814	0.875800	0.000000	0.000000	
45.803	1.105188	0.000000	4.468626	0.877825	0.000000	0.000000	
45.815	1.103500	0.000000	4.432800	0.879850	0.000000	0.000000	
45.826	1.102375	0.000000	4.416951	0.880525	0.000000	0.000000	
45.838	1.101250	0.000000	4.400620	0.882550	0.000000	0.000000	
45.849	1.099563	0.000000	4.369237	0.884575	2.021561	0.000000	
45.861	1.098438	0.000000	4.354010	0.885925	0.000000	0.000000	
45.872	1.096187	0.000000	4.325257	0.887950	0.000000	0.000000	
45.884	1.094500	0.000000	4.310478	0.890650	2.027302	0.000000	
45.895	1.093375	0.000000	4.280515	0.892675	2.025658	0.000000	
45.907	1.091688	0.000000	4.266075	0.894025	0.000000	0.000000	
45.919	1.090000	0.000000	4.233411	0.896050	0.000000	0.000000	
45.930	1.088875	0.000000	4.216093	0.897400	0.000000	0.020265	
45.942	1.087750	0.000000	4.199723	0.899425	0.000000	0.000000	
45.953	1.085500	0.000000	4.161983	0.902125	0.000000	0.020216	
45.965	1.083250	0.000000	4.142950	0.904825	0.000000	0.020265	
45.977	1.081000	0.000000	4.104106	0.908200	0.000000	0.020248	
45.988	1.078750	0.000000	4.083719	0.910900	2.033075	0.020273	
46.000	1.077062	0.000000	4.042278	0.912250	0.000000	0.000000	
46.011	1.074813	0.000000	4.019939	0.914275	0.000000	0.000000	
46.023	1.072562	0.000000	3.997106	0.916975	0.000000	0.020372	
46.034	1.070875	0.000000	3.950857	0.919000	0.000000	0.000000	
46.045	1.069188	0.000000	3.925957	0.921700	0.000000	0.000000	
46.057	1.066375	0.000000	3.874252	0.925075	2.006142	0.000000	
46.068	1.064125	0.000000	3.849135	0.928450	2.027302	0.000000	
46.080	1.063000	0.000000	3.793292	0.931150	0.000000	0.000000	
46.091	1.061313	0.000000	3.764374	0.933175	2.033075	0.000000	
46.103	1.059625	0.000000	3.706199	0.934525	0.000000	0.000000	
46.115	1.057938	0.000000	3.674984	0.936550	0.000000	0.000000	
46.126	1.056813	0.000000	3.643182	0.937900	0.000000	0.020224	
46.138	1.055125	0.000000	3.579814	0.939250	0.000000	0.020248	
46.147	1.053437	0.000000	3.546083	0.941275	0.000000	0.020389	
46.158	1.051750	0.000000	3.512031	0.946000	0.000000	0.000000	
46.170	1.048938	0.000000	3.442258	0.948025	0.000000	0.800717	
46.182	1.047250	0.000000	3.408957	0.942625	0.000000	0.723768	
46.193	1.045563	0.000000	3.336583	0.942625	0.000000	0.599880	
46.205	1.044438	0.000000	3.299956	0.946675	0.000000	0.554605	
46.216	1.043313	0.000000	3.228096	0.950725	0.000000	0.997506	
46.228	1.041625	0.000000	3.190748	0.948700	0.000000	0.914490	
46.239	1.039375	0.000000	3.115838	0.948700	0.000000	0.857092	
46.248	1.038250	0.000000	3.080466	0.950050	0.000000	0.765715	
46.260	1.037125	0.000000	3.042945	0.954775	2.028948	0.729227	
46.271	1.034312	0.000000	2.967933	0.958825	2.040547	0.795140	
46.283	1.032625	0.000000	2.930178	0.958150	0.000000	1.116068	
46.295	1.031500	0.000000	2.857963	0.958150	0.000000	1.066319	
46.306	1.029250	0.000000	2.821207	0.961525	0.000000	1.104293	
46.318	1.028125	0.000000	2.783846	0.963550	0.000000	1.540429	
46.329	1.026438	0.000000	2.710735	0.960175	0.000000	1.809979	
46.339	1.025313	0.000000	2.666137	0.957475	0.000000	1.716901	
46.350	1.023625	0.000000	2.628256	0.960850	2.020744	1.645378	
46.362	1.021375	0.000000	2.552128	0.965575	2.069275	2.051426	
46.374	1.019688	0.000000	2.515972	0.964900	0.000000	1.944651	
46.385	1.018000	0.000000	2.438465	0.965575	1.990956	1.862108	
46.397	1.015188	0.000000	2.399636	0.970300	0.000000	1.802946	
46.409	1.012375	0.000000	2.323321	0.974350	0.000000	2.215287	
46.420	1.009562	0.000000	2.283702	0.971650	0.000000	2.448505	
46.432	1.006750	0.000000	2.243686	0.972325	0.000000	2.361993	
46.443	1.003375	0.000000	2.164290	0.979075	2.099705	2.180811	
46.455	1.000563	0.000000	2.122175	0.984475	0.000000	2.196514	
46.466	0.998312	0.000000	2.032289	0.985150	0.000000	2.912071	
46.478	0.996625	0.000000	1.984563	0.984475	0.000000	2.785730	
46.490	0.994375	0.000000	1.885013	0.985150	0.000000	2.567983	
46.501	0.994375	0.000000	1.829309	0.989200	0.000000	2.495310	
46.513	0.994375	0.000000	1.713683	0.992575	0.000000	2.459460	
46.524	0.994375	0.000000	1.649599	0.991225	0.000000	2.712050	
46.536	0.996063	0.000000	1.583163	0.987850	0.000000	2.611944	
46.548	1.001688	1.668436	1.542366	0.987175	0.000000	2.442799	
46.559	1.003375	0.000000	1.845210	0.983125	0.000000	2.366673	
46.571	1.003937	0.000000	1.970684	0.975700	0.000000	2.228615	
46.582	1.012375	3.387081	1.964805	0.970975	0.000000	2.165901	
46.594	1.020250	0.000000	2.639131	0.966250	0.000000	2.035895	
46.605	1.019125	0.000000	3.164705	0.958825	0.000000	1.968472	
46.617	1.020250	0.000000	2.857909	0.953425	0.000000	1.897096	
46.629	1.029812	1.708829	2.837987	0.950050	0.000000	1.751269	
46.640	1.032625	0.000000	3.565915	0.946000	0.000000	1.669746	
46.652	1.028125	0.000000	4.243973	0.939925	0.000000	1.498695	
46.663	1.034312	3.374729	4.029234	0.934525	0.000000	1.405111	
46.675	1.042750	1.681234	4.145471	0.931825	0.000000	1.201817	
46.687	1.043313	0.000000	4.344117	0.927775	0.000000	1.095256	
46.698	1.047250	1.689418	4.337169	0.921700	0.000000	0.878807	
46.710	1.055688	1.698375	4.623857	0.916300	0.000000	0.761102	
46.722	1.056813	0.000000	5.208766	0.912925	0.000000	0.526158	
46.733	1.059625	1.684634	4.936086	0.909550	0.000000	0.400060	
46.745	1.072000	3.336872	5.053310	0.907525	0.000000	0.270857	
46.756	1.073688	0.000000	5.546819	0.907525	0.000000	0.009709	
46.768	1.072562	0.000000	5.607929	0.907525	0.000000	0.000000	
46.779	1.077625	1.627997	5.075533	0.905500	0.000000	0.000000	
46.791	1.084937	1.696300	5.002598	0.901450	0.000000	0.000000	
46.802	1.084375	0.000000	5.568477	0.898075	0.000000	0.000000	
46.814	1.084375	0.000000	5.295771	0.895375	0.000000	0.000000	
46.825	1.089437	1.671785	4.872543	0.894025	0.000000	0.000000	
46.837	1.092813	0.000000	5.050633	0.892675	0.000000	0.000000	
46.848	1.092813	0.000000	4.908288	0.889975	0.000000	0.000000	
46.860	1.093938	1.669105	4.671013	0.888625	0.000000	0.000000	
46.872	1.097875	1.694229	4.547921	0.887950	0.000000	0.000000	
46.883	1.098438	0.000000	4.867022	0.887275	0.000000	0.000000	
46.894	1.098438	0.000000	4.643809	0.885925	0.000000	0.000000	
46.906	1.099000	0.000000	4.259779	0.885250	0.000000	0.000000	
46.918	1.101812	0.000000	4.161044	0.885250	0.000000	0.000000	
46.929	1.102937	0.000000	4.136204	0.884575	0.000000	0.000000	
46.941	1.104063	1.673128	3.967376	0.883225	0.000000	0.000000	
46.952	1.108000	1.685998	3.827692	0.881200	0.000000	0.000000	
46.964	1.110813	0.000000	3.558987	0.879850	0.000000	0.000000	
46.975	1.112500	0.000000	3.435610	0.878500	0.000000	0.000000	
46.987	1.115312	0.000000	3.698701	0.877150	0.000000	0.000000	
46.998	1.115312	0.000000	3.931095	0.875800	0.000000	0.000000	
47.009	1.114750	0.000000	3.670089	0.875800	0.000000	0.000000	
47.021	1.114750	0.000000	3.558604	0.875125	0.000000	0.000000	
47.032	1.115875	1.664435	3.373630	0.875125	0.000000	0.000000	
47.044	1.115875	0.000000	3.291936	0.875125	0.000000	0.000000	
47.055	1.115875	0.000000	3.218945	0.875125	0.000000	0.000000	
47.067	1.115875	0.000000	3.098234	0.875125	0.000000	0.000000	
47.078	1.115875	0.000000	3.045873	0.875800	0.000000	0.000000	
47.090	1.115875	0.000000	2.959675	0.876475	0.000000	0.000000	
47.102	1.115875	0.000000	2.924875	0.876475	0.000000	0.000000	
47.113	1.115875	0.000000	2.871841	0.876475	0.000000	0.000000	
47.125	1.115875	0.000000	2.850915	0.876475	0.000000	0.000000	
47.136	1.115875	0.000000	2.819484	0.877150	0.000000	0.020175	
47.148	1.111938	0.000000	2.809200	0.883225	2.096183	0.000000	
47.159	1.101812	0.000000	2.800854	0.894025	4.034961	0.039915	
47.171	1.092250	0.000000	2.789872	0.906175	4.067806	0.028186	
47.182	1.081000	0.000000	2.786808	0.919675	4.025211	0.040285	
47.194	1.063000	0.000000	2.777212	0.937225	6.101708	0.061017	
47.205	1.045000	0.000000	2.764839	0.958825	4.049675	0.196941	
47.217	1.029250	0.000000	2.722419	0.975700	2.038050	1.350531	
47.229	1.008438	0.000000	2.689561	0.971650	0.000000	2.434016	
47.240	0.987063	0.000000	2.651387	0.977725	6.074513	2.061418	
47.252	0.968500	0.000000	2.541227	1.018900	12.223316	3.010122	
47.263	0.954437	0.000000	2.476329	1.035100	0.000000	4.932333	
47.275	0.934750	0.000000	2.331237	1.004725	0.000000	5.977958	
47.287	0.922375	0.000000	2.245615	1.018900	9.982618	5.457256	
47.298	0.917313	0.000000	2.048128	1.058725	6.059780	7.854321	
47.310	0.910000	0.000000	1.948267	1.045900	0.000000	9.688313	
47.321	0.907750	0.000000	1.721520	1.033750	2.031423	8.923416	
47.333	0.908875	0.000000	1.618485	1.049275	4.017122	7.758939	
47.345	0.916750	3.378837	1.499023	1.041850	0.000000	8.022446	
47.356	0.926313	3.376097	2.186208	1.023625	0.000000	7.213780	
47.368	0.928563	0.000000	2.759346	1.016200	0.000000	6.646915	
47.379	0.937563	5.070312	2.645561	1.004725	0.000000	5.637497	
47.391	0.960625	5.074430	2.687227	0.985150	0.000000	5.187548	
47.402	0.969625	0.000000	4.867097	0.966925	0.000000	4.400759	
47.414	0.967375	1.694229	5.186497	0.954775	0.000000	4.032273	
47.426	0.989875	8.457384	4.849593	0.939250	0.000000	3.685971	
47.437	1.009000	1.682592	6.177820	0.927100	0.000000	3.071680	
47.449	1.002813	0.000000	7.284400	0.919675	0.000000	2.776690	
47.461	1.012375	5.074430	6.894061	0.912925	0.000000	2.229426	
47.472	1.024750	0.000000	7.011185	0.912250	0.000000	1.974621	
47.484	1.018563	0.000000	7.834707	0.913600	0.000000	1.578029	
47.495	1.017437	0.000000	7.286845	0.918325	0.000000	1.869811	
47.507	1.015188	0.000000	6.268914	0.919675	0.000000	2.248519	
47.519	1.003937	0.000000	5.796518	0.927100	4.113004	1.989809	
47.530	0.996063	0.000000	4.936803	0.948025	6.072052	2.732165	
47.542	0.988187	0.000000	4.519320	0.958150	0.000000	3.803607	
47.553	0.973562	0.000000	3.761376	0.949375	0.000000	4.286395	
47.565	0.965125	0.000000	3.392342	0.968275	9.794784	3.726424	
47.576	0.960063	0.000000	3.038935	0.997975	2.027302	4.652465	
47.588	0.952187	0.000000	2.371703	0.987850	0.000000	6.954688	
47.600	0.947125	0.000000	2.076627	0.981100	2.034731	6.411462	
47.611	0.947125	0.000000	1.481363	1.002700	6.081906	6.275427	
47.623	0.950500	1.706728	1.293506	1.005400	0.000000	7.105889	
47.634	0.955000	1.686681	1.488308	0.986500	0.000000	6.897793	
47.646	0.958375	1.685316	1.245956	0.984475	0.000000	6.392395	
47.658	0.973000	5.076492	1.581220	0.980425	0.000000	5.884490	
47.669	0.984812	1.746819	2.045911	0.962875	0.000000	5.030431	
47.681	0.988187	1.668436	2.366010	0.948700	0.000000	4.627886	
47.693	1.006750	6.573664	2.188914	0.937225	0.000000	3.911926	
47.704	1.030938	3.431740	2.828995	0.921025	0.000000	3.571029	
47.716	1.028687	0.000000	4.403382	0.903475	0.000000	2.932668	
47.727	1.037688	6.832512	3.938897	0.892675	0.000000	2.627712	
47.739	1.065250	5.168907	4.625432	0.883900	0.000000	2.061358	
47.751	1.062438	0.000000	5.868550	0.875125	0.000000	1.782609	
47.762	1.054562	1.686681	5.440054	0.871750	0.000000	1.248390	
47.774	1.073125	5.025442	5.184720	0.872425	0.000000	1.009314	
47.786	1.068063	0.000000	5.905256	0.877825	4.059544	0.764224	
47.797	1.052875	0.000000	5.350801	0.889975	4.102873	0.535533	
47.809	1.055125	0.000000	4.826015	0.903475	2.040547	1.260583	
47.820	1.045563	0.000000	4.306152	0.902800	0.000000	2.497848	
47.832	1.025875	0.000000	3.839628	0.908200	6.101708	2.165920	
47.844	1.021375	0.000000	2.974852	0.940600	10.148861	2.398761	
47.855	1.011812	0.000000	2.601119	0.958825	0.000000	4.118264	
47.867	0.993250	0.000000	1.868042	0.936550	0.000000	5.307006	
47.878	0.987063	0.000000	1.529861	0.943300	6.246624	4.871454	
47.890	0.987063	0.000000	0.923950	0.982450	8.122388	4.657192	
47.901	0.987063	0.000000	0.634170	0.975700	0.000000	7.355260	
47.913	0.987625	0.000000	0.093820	0.953425	0.000000	6.740191	
47.925	0.994937	3.284240	0.016812	0.969625	3.941088	5.863707	
47.936	1.007313	3.477592	0.160288	0.966925	0.000000	6.356313	
47.948	1.015188	0.000000	1.181884	0.933850	0.000000	6.165827	
47.960	1.017437	1.744623	1.183513	0.923725	0.000000	5.655459	
47.971	1.039937	8.325502	1.317865	0.916300	0.000000	4.755187	
47.983	1.065250	1.646665	2.768755	0.885925	0.000000	4.335972	
47.994	1.054000	0.000000	4.367465	0.863650	0.000000	3.578630	
48.006	1.060750	8.362282	3.918248	0.849475	0.000000	3.205327	
48.018	1.106875	8.436823	5.407117	0.831925	0.000000	2.843648	
48.029	1.105188	0.000000	7.768943	0.820450	0.000000	2.144222	
48.041	1.090562	3.430326	8.152884	0.813700	0.000000	1.823887	
48.052	1.116438	6.812951	7.336243	0.811000	0.000000	1.161366	
48.064	1.117000	0.000000	8.289078	0.813025	2.006948	0.844764	
48.075	1.102937	0.000000	8.011334	0.821800	4.064497	0.368997	
48.087	1.103500	0.000000	7.449886	0.837325	4.044759	0.651431	
48.099	1.087750	0.000000	6.389934	0.846775	0.000000	1.889999	
48.110	1.067500	0.000000	5.922442	0.848125	2.014228	1.917014	
48.122	1.054000	0.000000	5.106668	0.876475	12.173689	1.655213	
48.134	1.030938	0.000000	4.728891	0.915625	4.064497	3.859099	
48.145	1.009562	0.000000	4.042828	0.904150	0.000000	5.917104	
48.157	0.988187	0.000000	3.746836	0.905500	8.148877	5.590424	
48.169	0.969625	0.000000	3.445770	0.958150	14.569385	5.708528	
48.181	0.954437	0.000000	2.887692	0.976375	0.000000	10.957049	
48.192	0.940938	0.000000	2.626584	0.973000	4.039854	11.352834	
48.204	0.932500	0.000000	2.151628	1.004725	8.109207	10.035404	
48.216	0.930250	0.000000	1.918293	1.022275	0.000000	11.150220	
48.228	0.930250	0.000000	1.485110	1.013500	0.000000	11.441790	
48.239	0.930250	0.000000	1.272981	1.018900	1.961263	10.548926	
48.251	0.935313	3.382954	0.882690	1.016875	0.000000	9.391434	
48.263	0.948812	3.282945	0.865670	1.006075	0.000000	8.674520	
48.275	0.957812	0.000000	1.962829	0.991900	0.000000	7.287248	
48.286	0.959500	1.669774	2.029771	0.971650	0.000000	6.661988	
48.298	0.981438	8.342180	2.205422	0.951400	0.000000	6.113573	
48.310	1.006188	1.688049	3.655323	0.935875	0.000000	5.042431	
48.321	0.997750	0.000000	5.265573	0.912250	0.000000	4.549422	
48.333	1.009562	8.471148	4.836415	0.892000	0.000000	3.657614	
48.345	1.050063	6.738538	4.742126	0.881875	0.000000	3.223515	
48.356	1.047250	0.000000	8.377179	0.871750	0.000000	2.404241	
48.368	1.046125	5.205520	8.065167	0.859600	0.000000	2.042605	
48.380	1.070875	3.410660	8.031008	0.858250	0.000000	1.306444	
48.391	1.064125	0.000000	9.139423	0.860950	0.000000	0.957026	
48.403	1.060750	0.000000	8.130470	0.869725	3.961394	0.408518	
48.415	1.059625	0.000000	7.548422	0.885925	3.755956	0.691113	
48.426	1.044438	0.000000	6.426346	0.892675	0.000000	1.444614	
48.438	1.030375	0.000000	5.915205	0.890650	0.000000	2.340754	
48.450	1.020250	0.000000	5.004785	0.912250	10.140623	1.954766	
48.461	0.998875	0.000000	4.573841	0.952075	8.109207	3.679339	
48.473	0.979750	0.000000	3.775770	0.944650	0.000000	5.817013	
48.485	0.965688	0.000000	3.428725	0.929125	4.056249	6.161931	
48.496	0.948812	0.000000	3.075773	0.980425	16.404757	5.823767	
48.508	0.941500	0.000000	2.421649	1.005400	0.000000	10.110031	
48.520	0.937563	0.000000	2.115612	0.990550	0.000000	11.292603	
48.531	0.931938	0.000000	1.561718	1.009450	8.222623	9.800747	
48.543	0.931938	0.000000	1.294277	1.022950	0.000000	10.411061	
48.555	0.935313	1.679200	0.868769	1.010125	0.000000	9.842584	
48.566	0.944313	1.689418	1.068837	1.008775	0.000000	8.989468	
48.578	0.949375	1.693540	1.665239	1.003375	0.000000	8.196271	
48.590	0.954437	1.696991	1.360259	0.980425	0.000000	6.819159	
48.601	0.976375	6.818528	1.995996	0.962200	0.000000	6.177469	
48.613	0.993813	0.000000	3.326582	0.954100	0.000000	5.023079	
48.625	0.985375	0.000000	4.252377	0.930475	0.000000	4.501685	
48.637	1.009000	11.859607	3.606340	0.906175	0.000000	3.571926	
48.648	1.041062	3.419061	4.479385	0.901450	0.000000	3.122386	
48.660	1.027562	0.000000	7.872072	0.890650	0.000000	2.304184	
48.672	1.037125	8.572286	7.289958	0.873100	0.000000	1.906473	
48.683	1.061313	1.702541	8.062457	0.872425	0.000000	1.142320	
48.695	1.051188	0.000000	8.741889	0.877150	1.988579	0.797385	
48.707	1.051188	1.671114	7.509565	0.883225	2.005337	0.130240	
48.718	1.049500	0.000000	7.020225	0.900100	6.062231	0.040546	
48.730	1.035437	0.000000	6.317217	0.918325	4.066151	0.763913	
48.742	1.023625	0.000000	5.839026	0.914275	0.000000	2.160718	
48.753	1.009562	0.000000	5.002839	0.919675	6.552403	1.695114	
48.765	0.985937	0.000000	4.613091	0.966925	12.188536	2.556826	
48.777	0.969625	0.000000	4.245471	0.981100	0.000000	4.874191	
48.788	0.951625	0.000000	3.588296	0.948700	0.000000	6.016467	
48.800	0.930812	0.000000	3.275367	0.980425	16.643795	5.374404	
48.812	0.925187	0.000000	2.692476	1.041175	8.209116	8.204848	
48.823	0.914500	0.000000	2.436987	1.022950	0.000000	11.256070	
48.835	0.901563	0.000000	1.929605	1.020250	6.052442	9.658722	
48.847	0.902125	1.690104	1.688774	1.055350	6.084373	9.128669	
48.858	0.903250	0.000000	1.296286	1.050625	0.000000	10.821217	
48.870	0.905500	0.000000	1.413602	1.037800	0.000000	9.801332	
48.882	0.911125	1.694229	1.390314	1.039825	0.000000	8.844864	
48.893	0.921812	3.367906	1.194705	1.030375	0.000000	7.166633	
48.905	0.937000	3.405083	1.470836	1.009450	0.000000	6.380736	
48.916	0.944875	1.713752	2.557749	1.000000	0.000000	4.985583	
48.928	0.952750	3.447364	2.921983	0.985825	0.000000	4.327026	
48.940	0.977500	8.484955	3.015298	0.962200	0.000000	3.125608	
48.948	0.993813	1.693540	4.314859	0.954100	0.000000	2.577609	
48.960	0.989312	0.000000	5.254294	0.950050	0.000000	2.091347	
48.972	1.001125	6.824115	4.747342	0.939250	0.000000	1.140322	
48.983	1.027562	3.447364	4.964311	0.933175	0.000000	0.706710	
48.995	1.021375	0.000000	6.858301	0.935200	0.000000	0.005931	
49.007	1.016312	3.182588	6.270390	0.940600	0.000000	0.164527	
49.018	1.026438	1.681234	5.283307	0.941950	0.000000	0.292514	
49.030	1.017437	0.000000	5.401443	0.946000	2.019927	0.000000	
49.042	1.003375	0.000000	4.341416	0.966925	6.074513	0.173405	
49.054	0.998312	0.000000	3.833412	0.984475	2.028948	1.556886	
49.065	0.984812	0.000000	2.900958	0.978400	0.000000	2.283972	
49.077	0.968500	0.000000	2.498251	0.987175	8.079707	1.472919	
49.089	0.960063	0.000000	2.088726	1.035775	10.211073	1.891830	
49.100	0.951625	0.000000	1.329799	1.038475	0.000000	5.923639	
49.112	0.940375	0.000000	0.979426	0.995275	0.000000	5.687369	
49.124	0.936437	0.000000	0.351560	1.025650	14.272172	4.934516	
49.135	0.938688	0.000000	0.050066	1.062100	0.000000	6.591192	
49.147	0.944313	1.678523	0.017095	1.023625	0.000000	8.842355	
49.159	0.947688	0.000000	0.057220	1.010125	6.059780	7.988663	
49.170	0.954437	1.824098	0.018241	1.023625	0.000000	7.530661	
49.182	0.973562	5.005308	0.065504	0.995275	0.000000	8.733437	
49.194	0.991000	1.696300	0.889850	0.962200	0.000000	7.879920	
49.205	0.992125	0.000000	2.371626	0.949375	0.000000	6.371883	
49.217	1.003937	8.409564	1.987992	0.919000	0.000000	5.664666	
49.229	1.050625	11.792440	3.169250	0.886600	0.000000	4.378795	
49.240	1.059062	0.000000	5.483853	0.869050	0.000000	3.789302	
49.252	1.045000	1.689418	6.314597	0.843400	0.000000	2.732307	
49.264	1.087188	13.559353	6.075989	0.820450	0.000000	2.222329	
49.275	1.109687	0.000000	9.444748	0.821125	2.027302	1.368255	
49.287	1.083250	0.000000	10.090907	0.825850	0.000000	1.390154	
49.299	1.088313	1.685316	8.729525	0.829225	2.022379	1.395103	
49.310	1.083812	0.000000	8.706191	0.844075	6.001560	1.179286	
49.322	1.057375	0.000000	7.709295	0.866350	4.064497	1.394298	
49.334	1.043875	0.000000	7.083093	0.870400	0.000000	3.271866	
49.346	1.024750	0.000000	6.496106	0.877825	6.089316	3.115320	
49.357	1.001688	0.000000	5.428028	0.917650	14.202636	3.549416	
49.369	0.984812	0.000000	4.965886	0.945325	0.000000	5.578717	
49.381	0.961187	0.000000	3.998630	0.931825	0.000000	7.123370	
49.392	0.942062	0.000000	3.604186	0.958825	12.119560	6.559214	
49.404	0.932500	0.000000	2.813866	1.006075	8.155527	7.242429	
49.416	0.924062	0.000000	2.444317	1.010125	0.000000	10.468086	
49.427	0.913375	0.000000	1.776722	1.018225	6.084373	9.942163	
49.439	0.908875	0.000000	1.455114	1.038475	4.082760	8.931355	
49.451	0.911125	0.000000	1.146879	1.039825	0.000000	9.333877	
49.462	0.915062	1.675147	1.018424	1.038475	0.000000	8.091299	
49.474	0.920125	1.691477	0.789250	1.036450	0.000000	7.318650	
49.485	0.930250	3.373363	1.183103	1.024975	0.000000	5.945872	
49.497	0.940375	1.660453	1.745573	1.012825	0.000000	5.371611	
49.509	0.944875	1.696300	2.171778	1.003375	0.000000	4.271050	
49.520	0.961187	6.746725	2.016062	0.985825	0.000000	3.778738	
49.532	0.984812	3.367906	4.001899	0.966925	0.000000	3.346787	
49.544	0.980313	0.000000	5.029098	0.956125	0.000000	2.513959	
49.555	0.985937	5.049817	4.477195	0.946000	0.000000	2.137423	
49.567	1.015188	5.068255	4.800225	0.934525	0.000000	1.472470	
49.579	1.015750	0.000000	6.145147	0.931150	0.000000	1.156648	
49.590	1.007875	0.000000	5.963382	0.931150	0.000000	0.568610	
49.602	1.023062	3.389838	5.608482	0.933850	2.033903	0.313163	
49.613	1.017437	0.000000	6.029819	0.943975	3.895011	0.020281	
49.625	1.002813	0.000000	5.467538	0.959500	4.066151	0.278702	
49.637	1.001125	0.000000	4.440923	0.966925	0.000000	1.672149	
49.648	0.990438	0.000000	4.008069	0.964900	0.000000	1.758752	
49.660	0.971875	0.000000	3.176757	0.982450	8.060161	1.444135	
49.671	0.964000	0.000000	2.800737	1.021600	8.125690	2.353847	
49.683	0.952750	0.000000	2.135228	1.022275	0.000000	4.190180	
49.695	0.935875	0.000000	1.821712	0.994600	0.000000	4.829743	
49.706	0.934187	1.692852	1.525959	1.015525	10.157112	4.329988	
49.718	0.942625	1.591294	1.084104	1.039825	0.000000	5.967536	
49.729	0.951063	1.690790	1.327383	0.996625	0.000000	6.633074	
49.741	0.951625	0.000000	1.852658	0.973000	2.021561	5.305521	
49.753	0.961187	5.068255	1.575669	0.989200	2.027302	4.907650	
49.764	0.989312	6.743994	2.289589	0.968950	0.000000	5.075165	
49.776	0.993250	0.000000	3.860847	0.932500	0.000000	4.485683	
49.788	0.982000	1.716577	4.006106	0.930475	2.059892	3.961921	
49.799	1.014625	10.128292	3.856383	0.921700	0.000000	3.421523	
49.811	1.035437	0.000000	7.185494	0.898750	0.000000	2.916339	
49.823	1.014063	0.000000	7.628172	0.894025	2.029772	2.003098	
49.834	1.022500	5.062094	7.016400	0.902800	2.024837	1.664269	
49.846	1.029250	0.000000	7.295676	0.908200	0.000000	1.768769	
49.858	1.009000	0.000000	7.387998	0.911575	2.028125	1.749013	
49.869	1.002813	0.000000	6.203320	0.925750	6.067138	1.020327	
49.881	0.997750	0.000000	5.646084	0.956800	6.096745	1.445180	
49.893	0.976937	0.000000	4.644038	0.963550	0.000000	4.110723	
49.904	0.964000	0.000000	4.219308	0.946675	0.000000	3.542734	
49.916	0.952750	0.000000	3.396756	0.983800	16.251381	3.077716	
49.928	0.940938	0.000000	3.020491	1.027675	2.036389	5.871333	
49.939	0.943750	1.669105	2.416706	0.983800	0.000000	8.183963	
49.951	0.954437	1.618506	2.501992	0.944650	1.942207	7.086097	
49.962	0.964000	1.706728	2.551968	0.965575	4.096147	6.519633	
49.974	0.977500	3.387081	3.182488	0.950725	0.000000	7.054706	
49.986	0.987063	1.692852	3.593413	0.909550	0.000000	6.408171	
49.997	0.996063	3.367906	3.875907	0.911575	2.020744	5.197522	
50.009	1.011250	1.689418	4.013462	0.909550	0.000000	4.594905	
50.018	1.009000	0.000000	4.687968	0.905500	0.000000	4.106349	
50.029	0.997750	0.000000	4.385638	0.913600	4.028456	3.272092	
50.041	1.000000	1.694229	3.925496	0.925750	2.033075	3.436097	
50.053	0.998312	0.000000	3.493193	0.927775	0.000000	3.921777	
50.064	0.989875	0.000000	3.118295	0.931150	2.106787	3.465106	
50.076	0.989312	0.000000	2.391205	0.948700	4.018737	3.150722	
50.088	0.989875	0.000000	2.065299	0.956125	0.000000	3.903748	
50.099	0.989875	0.000000	1.497508	0.948700	0.000000	3.926281	
50.111	0.991562	1.630547	1.231145	0.955450	3.913312	3.224473	
50.123	0.997187	1.698375	1.077734	0.962875	0.000000	3.376550	
50.134	1.001125	0.000000	1.361830	0.955450	0.000000	3.049592	
50.146	1.002250	1.693540	1.097039	0.953425	2.032248	2.694454	
50.158	1.014063	3.377466	0.777627	0.954775	0.000000	2.041241	
50.170	1.026438	1.695609	1.158731	0.954775	0.000000	1.758272	
50.181	1.021937	0.000000	2.040882	0.954775	0.000000	1.191830	
50.193	1.016875	1.694229	1.798756	0.954775	0.000000	0.926365	
50.205	1.023625	0.000000	1.532641	0.961525	4.052959	0.534608	
50.216	1.022500	0.000000	2.071913	0.973000	4.202943	0.884567	
50.228	1.009000	0.000000	1.993331	0.972325	0.000000	1.644503	
50.239	1.005625	1.688733	1.801345	0.958825	0.000000	1.842134	
50.251	1.007313	0.000000	1.868136	0.968950	6.072052	1.544721	
50.263	1.002813	0.000000	1.699968	0.989200	1.956656	2.288436	
50.274	0.998875	0.000000	1.544788	0.972325	0.000000	3.195568	
50.286	0.999438	0.000000	1.274821	0.954100	0.000000	2.443021	
50.298	1.001688	1.696300	1.152398	0.977050	6.106679	2.246836	
50.309	1.007875	1.688049	1.030639	0.977050	0.000000	4.012322	
50.321	1.011812	0.000000	1.307850	0.937900	0.000000	3.548126	
50.333	1.012375	1.688049	1.386590	0.937225	8.102633	2.725341	
50.344	1.020813	3.363826	1.368082	0.957475	0.000000	2.726493	
50.356	1.025875	0.000000	1.929677	0.939250	0.000000	3.977142	
50.368	1.018000	0.000000	2.128198	0.914275	0.000000	3.432264	
50.379	1.015188	0.000000	1.868011	0.938575	8.060161	3.006309	
50.391	1.018563	0.000000	1.781840	0.953425	0.000000	4.292251	
50.403	1.018000	0.000000	1.668484	0.921700	0.000000	4.625325	
50.414	1.018000	0.000000	1.506239	0.921025	6.059780	3.509080	
50.426	1.018563	0.000000	1.436945	0.948700	4.072778	3.239940	
50.438	1.021375	0.000000	1.425948	0.933850	0.000000	4.923135	
50.449	1.021937	0.000000	1.773510	0.909550	0.000000	4.272790	
50.461	1.019125	0.000000	1.942787	0.931825	6.099226	3.449488	
50.472	1.018563	0.000000	1.868911	0.941275	0.000000	4.799569	
50.484	1.018563	0.000000	1.734282	0.911575	0.000000	4.645889	
50.496	1.018563	0.000000	1.675063	0.918325	6.072052	4.067771	
50.507	1.019125	0.000000	1.570828	0.941950	2.024017	3.680499	
50.519	1.020813	0.000000	1.522083	0.925750	0.000000	4.652106	
50.531	1.020813	0.000000	1.477345	0.915625	2.039714	3.993565	
50.542	1.021375	1.688049	1.400828	0.937225	4.051317	3.104324	
50.554	1.022500	0.000000	1.365996	0.939925	0.000000	3.933488	
50.566	1.022500	0.000000	1.306154	0.919675	0.000000	3.574596	
50.577	1.022500	0.000000	1.280517	0.929800	6.072052	2.989957	
50.589	1.022500	0.000000	1.237924	0.948700	0.000000	3.656228	
50.600	1.023062	0.000000	1.219148	0.931150	0.000000	4.231807	
50.612	1.023062	0.000000	1.189338	0.917650	2.037219	3.046362	
50.624	1.023625	0.000000	1.176822	0.942625	6.106679	2.724518	
50.635	1.025313	0.000000	1.569617	0.945325	0.000000	3.718285	
50.647	1.023625	0.000000	1.535925	0.914275	0.000000	3.730909	
50.659	1.023062	0.000000	1.507394	0.927775	10.128291	3.167939	
50.670	1.023062	0.000000	1.454686	0.948700	2.015040	4.422186	
50.682	1.023062	0.000000	1.432384	0.919000	0.000000	5.095732	
50.693	1.023062	0.000000	1.394790	0.907525	4.030080	3.898785	
50.705	1.023062	0.000000	1.378288	0.939250	4.049675	3.796240	
50.717	1.023625	0.000000	1.350972	0.927100	0.000000	5.805203	
50.728	1.023625	0.000000	1.340784	0.900775	0.000000	5.148413	
50.740	1.023625	0.000000	1.323641	0.925075	8.132301	4.573930	
50.752	1.024750	1.693540	1.317157	0.929800	0.000000	5.622312	
50.763	1.024750	0.000000	1.308925	0.904825	0.000000	5.895826	
50.775	1.024750	0.000000	1.306360	0.914950	6.091791	4.778861	
50.787	1.024750	0.000000	1.304814	0.926425	0.000000	4.825609	
50.798	1.024750	0.000000	1.304874	0.912250	0.000000	4.930970	
50.810	1.024750	0.000000	1.306180	0.915625	4.092792	4.397086	
50.822	1.024750	0.000000	1.310651	0.928450	0.000000	4.508231	
50.833	1.024750	0.000000	1.313946	0.920350	0.000000	4.765380	
50.845	1.024750	0.000000	1.322263	0.917650	1.979913	3.747839	
50.857	1.024750	0.000000	1.326809	0.929800	2.028948	3.409279	
50.868	1.024750	0.000000	1.337628	0.930475	0.000000	3.765646	
50.880	1.024750	0.000000	1.343539	0.925075	0.000000	3.278338	
50.892	1.024750	0.000000	1.355365	0.934525	4.061194	2.932473	
50.903	1.024750	0.000000	1.361544	0.937225	0.000000	3.042047	
50.915	1.024750	0.000000	1.367938	0.935200	0.000000	3.005290	
50.927	1.023625	0.000000	1.380176	0.937900	2.025658	2.185645	
50.938	1.023625	0.000000	1.386220	0.947350	2.018295	1.855710	
50.948	1.023625	0.000000	1.398138	0.952075	0.000000	1.985298	
50.960	1.023062	0.000000	1.403137	0.950050	0.000000	2.142145	
50.971	1.022500	0.000000	1.408007	0.950050	0.000000	1.738472	
50.983	1.021937	0.000000	1.416398	0.956800	2.031423	1.043758	
50.995	1.021937	0.000000	1.419760	0.968950	4.057896	0.860848	
51.006	1.020813	0.000000	1.425629	0.970300	0.000000	1.996642	
51.018	1.019688	0.000000	1.427951	0.956125	0.000000	1.601066	
51.029	1.019125	0.000000	1.431653	0.963550	6.064683	1.021803	
51.041	1.019125	0.000000	1.432929	0.976375	2.019111	1.291914	
51.053	1.019125	0.000000	1.434770	0.967600	0.000000	1.884366	
51.065	1.019125	0.000000	1.435370	0.953425	0.000000	1.590806	
51.076	1.019125	0.000000	1.436055	0.965575	6.111658	1.291956	
51.088	1.019125	0.000000	1.436117	0.975025	0.000000	1.860805	
51.100	1.019125	0.000000	1.435957	0.957475	0.000000	2.313484	
51.111	1.019125	0.000000	1.435150	0.950050	2.024017	1.563152	
51.123	1.019125	0.000000	1.434667	0.969625	6.164431	1.478595	
51.135	1.019125	0.000000	1.433665	0.966250	0.000000	3.048528	
51.146	1.019125	0.000000	1.433111	0.936550	0.000000	2.620267	
51.158	1.019125	0.000000	1.431898	0.946675	6.114151	2.106551	
51.170	1.019688	0.000000	1.431338	0.966250	0.000000	2.716961	
51.181	1.019688	0.000000	1.430362	0.943300	0.000000	3.107014	
51.193	1.019688	0.000000	1.430012	0.928450	4.005851	2.660885	
51.205	1.020250	0.000000	1.429556	0.956800	6.079440	2.485004	
51.216	1.020813	0.000000	1.429785	0.952075	0.000000	4.374241	
51.228	1.020813	0.000000	1.430221	0.916300	0.000000	3.820572	
51.239	1.020813	0.000000	1.432062	0.935200	8.031014	3.016231	
51.251	1.021375	0.000000	1.433445	0.953425	0.000000	3.680092	
51.263	1.021375	0.000000	1.436819	0.918325	0.000000	5.068791	
51.274	1.021375	0.000000	1.438748	0.906850	5.982401	4.409082	
51.286	1.021937	0.000000	1.442518	0.938575	4.087770	4.584721	
51.298	1.023062	0.000000	1.541801	0.925075	0.000000	6.033029	
51.309	1.021937	0.000000	1.834547	0.901450	0.000000	4.537784	
51.321	1.020813	0.000000	1.813200	0.928450	8.034244	4.172877	
51.333	1.020813	0.000000	1.771777	0.931150	0.000000	4.989513	
51.344	1.020813	0.000000	1.752903	0.905500	0.000000	5.017938	
51.356	1.020813	0.000000	1.735015	0.921700	8.132301	4.340326	
51.367	1.020813	0.000000	1.702937	0.937225	0.000000	4.666617	
51.379	1.020813	0.000000	1.687734	0.917650	0.000000	5.149898	
51.391	1.020813	0.000000	1.659916	0.916300	6.094268	3.705521	
51.403	1.020813	0.000000	1.647905	0.939250	2.063294	3.218569	
51.414	1.020813	0.000000	1.624043	0.933175	0.000000	3.979883	
51.426	1.020813	0.000000	1.612936	0.921025	0.000000	3.309886	
51.438	1.020813	0.000000	1.592551	0.941275	6.106679	2.257149	
51.449	1.020813	0.000000	1.582661	0.953425	0.000000	3.105679	
51.461	1.020813	0.000000	1.564486	0.933175	0.000000	3.639950	
51.473	1.020813	0.000000	1.556228	0.931150	6.086844	2.341126	
51.484	1.020813	0.000000	1.541420	0.960175	4.064497	2.005171	
51.496	1.020813	0.000000	1.534304	0.953425	0.000000	3.438847	
51.508	1.020813	0.000000	1.527640	0.925075	0.000000	2.765424	
51.519	1.020813	0.000000	1.515708	0.948025	10.359243	1.916811	
51.531	1.020813	0.000000	1.510039	0.968275	0.000000	3.339235	
51.543	1.020813	0.000000	1.499791	0.923050	0.000000	3.569793	
51.554	1.020813	0.000000	1.495379	0.916300	8.086245	2.893077	
51.566	1.021375	1.658469	1.486199	0.960175	5.970489	4.204574	
51.578	1.021937	0.000000	1.481846	0.936550	0.000000	5.834478	
51.589	1.021937	0.000000	1.474661	0.890650	0.000000	5.065003	
51.601	1.021937	0.000000	1.471338	0.929800	14.128068	3.956402	
51.613	1.023062	0.000000	1.466194	0.941950	0.000000	5.381654	
51.624	1.023625	0.000000	1.464423	0.893350	0.000000	6.042222	
51.636	1.023625	0.000000	1.462922	0.904825	12.263311	5.193666	
51.645	1.023625	0.000000	1.460959	0.934525	6.084373	4.982337	
51.656	1.024187	0.000000	1.460612	0.909550	0.000000	7.672967	
51.668	1.024187	0.000000	1.461461	0.889975	4.104558	6.713441	
51.680	1.024187	0.000000	1.462411	0.920350	6.081906	5.424203	
51.692	1.024187	0.000000	1.463638	0.916300	0.000000	6.341915	
51.704	1.024187	0.000000	1.467351	0.899425	2.031423	5.453758	
51.715	1.024187	0.000000	1.469751	0.918325	6.018425	4.789712	
51.727	1.024187	0.000000	1.474813	0.923050	0.000000	5.225616	
51.739	1.024187	0.000000	1.477278	0.909550	0.000000	4.855787	
51.750	1.024187	0.000000	1.482813	0.919675	3.996241	3.505617	
51.762	1.024187	0.000000	1.485646	0.932500	1.972099	3.428413	
51.774	1.024187	0.000000	1.491224	0.928450	0.000000	2.899675	
51.786	1.024187	0.000000	1.494201	0.932500	1.956656	2.286139	
51.797	1.023625	0.000000	1.500235	0.948025	4.067806	1.853389	
51.809	1.023062	0.000000	1.502946	0.953425	0.000000	2.277261	
51.820	1.021937	0.000000	1.508532	0.946000	0.000000	2.150744	
51.832	1.021937	0.000000	1.511147	0.951400	2.036389	1.149710	
51.844	1.021937	0.000000	1.513254	0.968275	4.116391	0.872763	
51.855	1.021937	0.000000	1.517020	0.969625	0.000000	1.820834	
51.867	1.020813	0.000000	1.518662	0.956125	0.000000	1.336673	
51.879	1.020813	0.000000	1.520959	0.966250	6.182226	0.616117	
51.891	1.020813	0.000000	1.521690	0.983800	2.100588	0.824852	
51.902	1.020813	0.000000	1.522353	0.973675	0.000000	2.093840	
51.914	1.020250	0.000000	1.521968	0.949375	0.000000	1.628876	
51.926	1.020250	0.000000	1.520108	0.964900	8.011703	0.905816	
51.937	1.020250	0.000000	1.518560	0.985150	2.020744	1.665951	
51.949	1.020250	0.000000	1.514015	0.962200	0.000000	2.707061	
51.961	1.020250	0.000000	1.511168	0.937225	2.029772	1.686407	
51.972	1.020250	0.000000	1.504566	0.966250	10.240368	1.352289	
51.984	1.020250	0.000000	1.500883	0.980425	0.000000	3.358306	
51.996	1.020250	0.000000	1.496979	0.931150	0.000000	3.634484	
52.007	1.020250	0.000000	1.487863	0.921700	8.112498	2.520983	
52.019	1.020813	0.000000	1.482914	0.962875	8.280529	2.687292	
52.031	1.021937	0.000000	1.887904	0.943975	0.000000	6.386966	
52.042	1.019125	0.000000	1.856372	0.885250	0.000000	5.642592	
52.054	1.019125	0.000000	1.797132	0.916300	14.048634	4.999674	
52.066	1.021937	1.694229	1.769618	0.937900	0.000000	7.047733	
52.078	1.021937	0.000000	2.108870	0.890650	0.000000	7.559299	
52.089	1.019688	0.000000	2.059627	0.898075	8.086245	6.807443	
52.101	1.019688	0.000000	1.971203	0.921700	0.000000	6.465241	
52.113	1.019688	0.000000	1.929604	0.900775	0.000000	8.521257	
52.125	1.019688	0.000000	1.852144	0.902800	4.054604	7.695780	
52.136	1.020250	0.000000	1.816102	0.911575	0.000000	6.888445	
52.148	1.020813	0.000000	1.752346	0.905500	0.000000	7.041214	
52.160	1.020813	0.000000	1.722517	0.908200	2.035560	5.763931	
52.172	1.020813	0.000000	1.694192	0.912250	0.000000	5.661700	
52.183	1.021375	0.000000	1.644654	0.911575	0.000000	5.388918	
52.195	1.021375	0.000000	1.621439	0.912250	2.105899	4.808241	
52.207	1.021375	0.000000	1.579813	0.916975	2.004532	3.790584	
52.218	1.021937	0.000000	1.561294	0.923725	1.967440	3.402506	
52.230	1.021937	0.000000	1.529383	0.927100	0.000000	2.980589	
52.242	1.021937	0.000000	1.514843	0.929800	2.032248	2.584724	
52.253	1.021937	0.000000	1.489735	0.939925	2.034731	2.337442	
52.265	1.021937	0.000000	1.479932	0.942625	0.000000	3.129752	
52.277	1.021937	0.000000	1.461936	0.933175	0.000000	3.186934	
52.289	1.021937	0.000000	1.454311	0.935200	2.027302	2.489779	
52.300	1.021937	0.000000	1.442264	0.943975	2.022379	2.279573	
52.312	1.021937	0.000000	1.437216	0.943975	0.000000	2.588474	
52.324	1.021937	0.000000	1.432894	0.941950	0.000000	2.281882	
52.335	1.021937	0.000000	1.426534	0.945325	0.000000	1.768694	
52.347	1.021937	0.000000	1.424161	0.951400	1.964347	1.505551	
52.359	1.021937	0.000000	1.421176	0.956125	0.000000	1.567850	
52.371	1.021937	0.000000	1.420535	0.956800	0.000000	1.355425	
52.382	1.021937	0.000000	1.420103	0.958150	1.952833	0.952263	
52.394	1.021937	0.000000	1.420228	0.964900	2.028125	0.892591	
52.406	1.021937	0.000000	1.421446	0.968275	0.000000	1.506380	
52.417	1.021937	0.000000	1.422458	0.963550	0.000000	1.743788	
52.429	1.021937	0.000000	1.424715	0.958150	0.000000	1.529385	
52.440	1.021937	0.000000	1.425999	0.962875	2.025658	1.182051	
52.452	1.021937	0.000000	1.427231	0.966925	2.023198	0.993357	
52.464	1.021937	0.000000	1.429746	0.968950	2.063294	0.686489	
52.476	1.021937	0.000000	1.431038	0.971650	2.102355	0.545948	
52.487	1.021937	0.000000	1.433224	0.975700	1.949785	0.802959	
52.499	1.021937	0.000000	1.433865	0.975025	0.000000	0.660505	
52.510	1.021937	0.000000	1.435046	0.975025	0.000000	0.408684	
52.522	1.021375	0.000000	1.435477	0.976375	0.000000	0.305453	
52.534	1.021375	0.000000	1.435227	0.981100	2.067563	0.201322	
52.545	1.021375	0.000000	1.434721	0.983800	0.000000	0.602661	
52.557	1.020813	0.000000	1.432946	0.981100	0.000000	0.902306	
52.572	1.020813	0.000000	1.431720	0.977050	0.000000	0.661516	
52.583	1.020813	0.000000	1.428049	0.979075	0.000000	0.440056	
52.595	1.020813	0.000000	1.426114	0.981100	0.000000	0.351567	
52.607	1.020813	0.000000	1.422027	0.983125	0.000000	0.266903	
52.618	1.020813	0.000000	1.419642	0.984475	0.000000	0.111630	
52.630	1.020813	0.000000	1.417480	0.986500	0.000000	0.038081	
52.641	1.020813	0.000000	1.413034	0.989200	0.000000	0.000000	
52.653	1.020813	0.000000	1.410737	0.991225	0.000000	0.000000	
52.665	1.020813	0.000000	1.406219	0.991225	0.000000	0.203919	
52.676	1.020813	0.000000	1.404167	0.991225	0.000000	0.122620	
52.688	1.020250	0.000000	1.399805	0.991225	0.000000	0.000000	
52.699	1.020250	0.000000	1.397422	0.991900	0.000000	0.000000	
52.711	1.020250	0.000000	1.393044	0.993250	0.000000	0.000000	
52.722	1.020250	0.000000	1.390799	0.993250	0.000000	0.263240	
52.734	1.020250	0.000000	1.385814	0.993250	0.000000	0.181065	
52.746	1.020250	0.000000	1.383298	0.993250	0.000000	0.032327	
52.757	1.020250	0.000000	1.380373	0.993250	0.000000	0.000000	
52.769	1.020250	0.000000	1.374370	0.993250	0.000000	0.000000	
52.781	1.020250	0.000000	1.371045	0.993250	0.000000	0.000000	
52.792	1.020250	0.000000	1.363504	0.993925	0.000000	0.000000	
52.804	1.020250	0.000000	1.359065	0.993925	0.000000	0.000000	
52.815	1.020250	0.000000	1.349590	0.993925	0.000000	0.000000	
52.827	1.020250	0.000000	1.344601	0.993925	0.000000	0.000000	
52.839	1.020250	0.000000	1.334383	0.993925	0.000000	0.000000	
52.850	1.020250	0.000000	1.328765	0.993925	0.000000	0.000000	
52.862	1.020250	0.000000	1.322722	0.993925	0.000000	0.000000	
52.873	1.020250	0.000000	1.310513	0.993925	0.000000	0.000000	
52.885	1.020250	0.000000	1.304008	0.993925	0.000000	0.000000	
52.896	1.020250	0.000000	1.290477	0.993925	0.000000	0.000000	
52.908	1.020250	0.000000	1.283947	0.993925	0.000000	0.000000	
52.920	1.020250	0.000000	1.270806	0.993925	0.000000	0.000000	
52.931	1.020250	0.000000	1.264660	0.993925	0.000000	0.000000	
52.943	1.020250	0.000000	1.253171	0.993925	0.000000	0.000000	
52.954	1.020250	0.000000	1.247540	0.993925	0.000000	0.000000	
52.966	1.020250	0.000000	1.242064	0.994600	0.000000	0.020257	
52.977	1.020250	0.000000	1.232258	0.994600	0.000000	0.000000	
52.989	1.020250	0.000000	1.227785	0.994600	0.000000	0.000000	
53.000	1.020250	0.000000	1.219547	0.994600	0.000000	0.000000	
53.012	1.020250	0.000000	1.215864	0.994600	0.000000	0.000000	
53.024	1.020250	0.000000	1.209954	0.994600	0.000000	0.000000	
53.035	1.020250	0.000000	1.207509	0.994600	0.000000	0.000000	
53.047	1.020250	0.000000	1.203463	0.994600	0.000000	0.000000	
53.058	1.020250	0.000000	1.201972	0.994600	0.000000	0.000000	
53.070	1.020250	0.000000	1.199671	0.994600	0.000000	0.000000	
53.082	1.020250	0.000000	1.198849	0.994600	0.000000	0.000000	
53.093	1.020250	0.000000	1.198375	0.994600	0.000000	0.000000	
53.105	1.020250	0.000000	1.197947	0.994600	0.000000	0.000000	
53.116	1.020250	0.000000	1.198064	0.994600	0.000000	0.000000	
53.128	1.020250	0.000000	1.199309	0.994600	0.000000	0.000000	
53.139	1.020250	0.000000	1.200430	0.994600	0.000000	0.000000	
53.151	1.020250	0.000000	1.203081	0.994600	0.000000	0.000000	
53.162	1.020250	0.000000	1.204556	0.994600	0.000000	0.000000	
53.174	1.020250	0.000000	1.206400	0.995275	0.000000	0.000000	
53.185	1.020250	0.000000	1.210705	0.995275	0.000000	0.000000	
53.197	1.020250	0.000000	1.213195	0.995275	0.000000	0.000000	
53.208	1.020250	0.000000	1.218585	0.995275	0.000000	0.000000	
53.220	1.020250	0.000000	1.221543	0.995275	0.000000	0.000000	
53.231	1.020250	0.000000	1.228113	0.995275	0.000000	0.000000	
53.243	1.020250	0.000000	1.231524	0.995275	0.000000	0.000000	
53.255	1.020250	0.000000	1.238892	0.995275	0.000000	0.000000	
53.266	1.020250	0.000000	1.242684	0.995275	0.000000	0.000000	
53.278	1.020250	0.000000	1.246385	0.995275	0.000000	0.000000	
53.289	1.020250	0.000000	1.253325	0.995275	0.000000	0.000000	
53.301	1.020250	0.000000	1.256482	0.995275	0.000000	0.000000	
53.313	1.020250	0.000000	1.262043	0.995275	0.000000	0.000000	
53.324	1.020250	0.000000	1.264582	0.995275	0.000000	0.000000	
53.336	1.020250	0.000000	1.269130	0.995275	0.000000	0.000000	
53.347	1.020250	0.000000	1.271324	0.995275	0.000000	0.000000	
53.359	1.020813	0.000000	1.273239	0.995275	0.000000	0.000000	
53.371	1.023625	1.728691	1.362868	0.995275	0.000000	0.000000	
53.382	1.024187	0.000000	1.793404	0.995275	0.000000	0.000000	
53.394	1.024187	0.000000	2.045145	0.992575	0.000000	0.000000	
53.405	1.028125	3.344913	2.000052	0.987175	0.000000	0.000000	
53.417	1.039375	3.393982	2.479631	0.977050	0.000000	0.000000	
53.428	1.041062	0.000000	3.152867	0.966250	0.000000	0.002645	
53.440	1.041062	1.678523	3.257023	0.956800	0.000000	0.012250	
53.452	1.050625	3.424684	3.226696	0.948025	0.000000	0.018810	
53.463	1.058500	0.000000	4.243967	0.941275	0.000000	0.013453	
53.475	1.055688	0.000000	4.428294	0.933175	0.000000	0.000000	
53.486	1.057938	1.706029	4.265138	0.927775	0.000000	0.000000	
53.498	1.066375	1.691477	4.114697	0.924400	0.000000	0.000000	
53.509	1.067500	0.000000	4.710458	0.921025	0.000000	0.000000	
53.521	1.065250	0.000000	4.712168	0.916975	0.000000	0.000000	
53.532	1.068625	1.671114	4.568615	0.913600	0.000000	0.000000	
53.544	1.072562	1.699068	4.776899	0.912250	0.000000	0.000000	
53.555	1.072562	0.000000	4.966109	0.910225	0.000000	0.000000	
53.567	1.073125	0.000000	4.814909	0.907525	0.000000	0.000000	
53.578	1.077062	0.000000	4.653325	0.905500	0.000000	0.000000	
53.590	1.080438	0.000000	4.951492	0.903475	0.000000	0.000000	
53.601	1.080438	0.000000	5.016936	0.900775	0.000000	0.000000	
53.613	1.081563	0.000000	4.878166	0.897400	0.000000	0.000000	
53.624	1.086625	1.686681	4.710027	0.894700	0.000000	0.000000	
53.636	1.088875	0.000000	4.899445	0.892675	0.000000	0.000000	
53.647	1.089437	0.000000	4.671084	0.889975	0.000000	0.000000	
53.659	1.093375	1.716577	4.630915	0.886600	0.000000	0.000000	
53.670	1.095062	0.000000	4.959900	0.884575	0.000000	0.000000	
53.682	1.095062	0.000000	5.068542	0.882550	0.000000	0.000000	
53.693	1.096187	1.709530	4.955543	0.880525	0.000000	0.000000	
53.705	1.099563	0.000000	4.849407	0.879175	0.000000	0.000000	
53.716	1.100688	0.000000	5.105768	0.877825	0.000000	0.000000	
53.728	1.100688	0.000000	4.909625	0.875800	0.000000	0.000000	
53.739	1.102937	0.000000	4.828551	0.873775	0.000000	0.000000	
53.751	1.105188	0.000000	4.750138	0.873100	0.000000	0.000000	
53.762	1.105750	0.000000	5.035732	0.871750	0.000000	0.000000	
53.774	1.105750	0.000000	4.951953	0.870400	0.000000	0.000000	
53.785	1.108000	1.708128	4.826819	0.869050	0.000000	0.000000	
53.797	1.110813	0.000000	4.844851	0.867700	0.000000	0.000000	
53.808	1.110813	0.000000	5.027713	0.865675	0.000000	0.000000	
53.820	1.110813	0.000000	4.958150	0.864325	0.000000	0.000000	
53.831	1.112500	0.000000	4.890293	0.864325	0.000000	0.000000	
53.843	1.113063	0.000000	5.224969	0.863650	0.000000	0.000000	
53.854	1.113063	0.000000	5.144763	0.862300	0.000000	0.000000	
53.866	1.113625	0.000000	5.006497	0.860950	0.000000	0.000000	
53.877	1.115312	0.000000	4.943309	0.860950	0.000000	0.000000	
53.889	1.116438	0.000000	4.835068	0.860275	0.000000	0.000000	
53.900	1.117000	0.000000	4.785379	0.858925	0.000000	0.000000	
53.912	1.118688	0.000000	4.800302	0.858250	0.000000	0.000000	
53.923	1.119250	0.000000	5.100917	0.857575	0.000000	0.000000	
53.935	1.119250	0.000000	5.040979	0.856225	0.000000	0.000000	
53.944	1.119250	0.000000	4.982025	0.855550	0.000000	0.000000	
53.955	1.120375	1.683953	4.891674	0.854875	0.000000	0.000000	
53.967	1.122063	0.000000	4.828954	0.854200	0.000000	0.000000	
53.978	1.123188	0.000000	4.767862	0.852850	0.000000	0.000000	
53.990	1.124313	0.000000	4.715394	0.851500	0.000000	0.000000	
54.001	1.125437	0.000000	4.655427	0.850825	0.000000	0.000000	
54.013	1.126000	0.000000	4.711740	0.850150	0.000000	0.000000	
54.024	1.126000	0.000000	4.982538	0.849475	0.000000	0.000000	
54.036	1.126000	0.000000	4.939986	0.848800	0.000000	0.000000	
54.047	1.126000	0.000000	4.901336	0.848800	0.000000	0.000000	
54.059	1.126000	0.000000	4.836518	0.848125	0.000000	0.000000	
54.071	1.126562	0.000000	4.807467	0.848125	0.000000	0.000000	
54.082	1.126562	0.000000	4.756943	0.848125	0.000000	0.000000	
54.094	1.126562	0.000000	4.736461	0.848125	0.000000	0.000000	
54.105	1.126562	0.000000	4.698884	0.848125	0.000000	0.000000	
54.117	1.126562	0.000000	4.683087	0.848125	0.000000	0.000000	
54.128	1.126562	0.000000	4.669259	0.848125	0.000000	0.000000	
54.139	1.125437	0.000000	4.647041	0.848800	2.029772	0.000000	
54.151	1.124313	0.000000	4.637631	0.849475	0.000000	0.000000	
54.163	1.123188	0.000000	4.621759	0.850825	0.000000	0.020331	
54.174	1.121500	0.000000	4.615560	0.851500	0.000000	0.018851	
54.186	1.118688	0.000000	4.604015	0.854200	2.019927	0.000000	
54.197	1.116438	0.000000	4.598811	0.858250	0.000000	0.020281	
54.209	1.113625	0.000000	4.589553	0.861625	0.000000	0.000000	
54.220	1.110250	0.000000	4.584486	0.864325	0.000000	0.000000	
54.232	1.106875	0.000000	4.578616	0.868375	0.000000	0.000000	
54.243	1.102937	0.000000	4.565727	0.873100	2.034731	0.020356	
54.255	1.099000	0.000000	4.557680	0.876475	0.000000	0.020322	
54.266	1.096750	0.000000	4.534165	0.879850	2.020744	0.000000	
54.278	1.093938	0.000000	4.519610	0.883225	0.000000	0.000000	
54.289	1.091688	0.000000	4.474213	0.885925	0.000000	0.020339	
54.301	1.090000	0.000000	4.444554	0.887950	2.038050	0.020257	
54.312	1.088313	0.000000	4.370907	0.889975	0.000000	0.019949	
54.324	1.086625	0.000000	4.325539	0.892675	0.000000	0.000000	
54.335	1.084937	0.000000	4.274722	0.895375	0.000000	0.000000	
54.347	1.082687	0.000000	4.160187	0.897400	0.000000	0.020232	
54.358	1.081563	0.000000	4.100440	0.899425	1.995726	0.000000	
54.370	1.081000	0.000000	3.962060	0.902125	0.000000	0.020053	
54.381	1.079875	0.000000	3.887615	0.904150	2.027302	0.000000	
54.393	1.079313	0.000000	3.734533	0.905500	2.033903	0.000000	
54.405	1.078750	0.000000	3.652322	0.907525	0.000000	0.020240	
54.416	1.077625	0.000000	3.483841	0.909550	0.000000	0.000000	
54.428	1.075375	0.000000	3.404592	0.912250	2.026480	0.000000	
54.439	1.073125	0.000000	3.321394	0.914275	0.000000	0.000000	
54.451	1.070313	0.000000	3.161105	0.918325	2.033903	0.020298	
54.462	1.068625	0.000000	3.088896	0.922375	0.000000	0.020331	
54.474	1.065812	0.000000	2.942562	0.926425	2.024837	0.000000	
54.485	1.063563	0.000000	2.873234	0.930475	2.015040	0.000000	
54.497	1.061875	0.000000	2.745121	0.935875	2.038050	0.020248	
54.508	1.058500	0.000000	2.682433	0.936550	0.000000	0.645656	
54.520	1.055125	0.000000	2.622209	0.935875	0.000000	0.547458	
54.532	1.052875	0.000000	2.505883	0.937225	0.000000	0.413582	
54.543	1.050063	0.000000	2.453591	0.943975	2.147529	0.415569	
54.555	1.046687	0.000000	2.346411	0.947350	0.000000	1.258997	
54.567	1.044438	0.000000	2.291735	0.942625	0.000000	1.555777	
54.578	1.040500	0.000000	2.185127	0.939925	0.000000	1.331296	
54.590	1.036562	0.000000	2.128328	0.946675	2.027302	1.328022	
54.601	1.034875	0.000000	2.011416	0.952750	0.000000	2.091939	
54.613	1.031500	0.000000	1.955481	0.948700	0.000000	2.385156	
54.625	1.028687	0.000000	1.831404	0.947350	2.035560	2.221683	
54.636	1.026438	0.000000	1.765713	0.952750	2.010986	1.952216	
54.648	1.024187	0.000000	1.702915	0.962200	2.026480	1.898458	
54.659	1.021375	0.000000	1.551623	0.963550	0.000000	2.563020	
54.671	1.018563	0.000000	1.477640	0.961525	0.000000	2.404693	
54.683	1.015750	0.000000	1.326927	0.967600	2.033075	2.187520	
54.694	1.013500	0.000000	1.247238	0.975700	2.022379	2.576099	
54.706	1.011812	0.000000	1.085429	0.973675	0.000000	2.899453	
54.718	1.010125	0.000000	1.000012	0.971650	0.000000	2.926534	
54.729	1.009000	0.000000	0.822787	0.976375	2.000520	2.757769	
54.741	1.008438	0.000000	0.733391	0.982450	0.000000	3.025894	
54.752	1.008438	0.000000	0.648721	0.979750	0.000000	3.319999	
54.764	1.008438	0.000000	0.468037	0.975025	0.000000	3.327164	
54.776	1.010125	0.000000	0.394947	0.974350	0.000000	3.120419	
54.787	1.015750	1.695609	0.674154	0.974350	0.000000	2.763164	
54.799	1.016875	0.000000	0.901109	0.974350	0.000000	2.594886	
54.811	1.019125	1.691477	0.660228	0.969625	0.000000	2.279127	
54.822	1.030375	3.573072	0.683324	0.962200	0.000000	2.140533	
54.834	1.036562	0.000000	1.869001	0.958150	0.000000	1.999250	
54.846	1.030938	0.000000	1.696902	0.950725	0.000000	1.731121	
54.857	1.041625	5.053903	1.559459	0.942625	0.000000	1.608701	
54.869	1.056813	1.625455	2.285483	0.935200	0.000000	1.348223	
54.880	1.050625	0.000000	3.132478	0.927775	0.000000	1.218034	
54.892	1.048938	1.692852	3.010322	0.919000	0.000000	0.960782	
54.903	1.070313	6.735813	2.951266	0.909550	0.000000	0.825565	
54.915	1.074813	0.000000	4.810466	0.904150	0.000000	0.547998	
54.927	1.064687	0.000000	4.818342	0.898075	0.000000	0.413741	
54.938	1.077625	6.746725	4.382795	0.892000	0.000000	0.124532	
54.950	1.092813	0.000000	4.946296	0.887950	0.000000	0.000000	
54.961	1.087188	0.000000	5.552907	0.885250	0.000000	0.000000	
54.973	1.092250	3.231988	5.241702	0.879850	0.000000	0.000000	
54.984	1.105750	1.694229	5.308691	0.871750	0.000000	0.000000	
54.996	1.105750	0.000000	5.890091	0.863650	0.000000	0.000000	
55.008	1.110813	3.380208	5.444337	0.856900	0.000000	0.000000	
55.019	1.124875	3.367906	5.149436	0.850150	0.000000	0.000000	
55.031	1.129375	0.000000	5.523680	0.841375	0.000000	0.000000	
55.042	1.130500	1.688733	5.249515	0.833950	0.000000	0.000000	
55.054	1.142313	3.387081	4.901795	0.827875	0.000000	0.000000	
55.065	1.151312	0.000000	5.316745	0.823825	0.000000	0.000000	
55.077	1.149625	0.000000	5.527410	0.819775	0.000000	0.000000	
55.088	1.151875	1.688733	5.049690	0.815050	0.000000	0.000000	
55.100	1.160875	1.690104	4.797863	0.812350	0.000000	0.000000	
55.111	1.162000	0.000000	5.096614	0.811000	0.000000	0.000000	
55.123	1.161438	1.693540	4.582161	0.808975	0.000000	0.000000	
55.134	1.165938	1.686681	4.204401	0.806950	0.000000	0.000000	
55.146	1.170437	0.000000	3.969730	0.806950	0.000000	0.000000	
55.158	1.169875	0.000000	3.980711	0.806950	0.000000	0.000000	
55.169	1.168750	0.000000	3.345298	0.806950	0.000000	0.000000	
55.181	1.168187	0.000000	3.068677	0.809650	0.000000	0.000000	
55.192	1.164250	0.000000	2.833363	0.818425	2.021561	0.020265	
55.204	1.155813	0.000000	2.401377	0.831250	4.062845	0.040399	
55.215	1.145125	0.000000	2.215706	0.845425	4.039854	0.040530	
55.227	1.127687	0.000000	1.905506	0.866350	6.096745	0.060402	
55.238	1.107437	0.000000	1.766750	0.892000	6.336389	0.079702	
55.250	1.083812	0.000000	1.513675	0.919000	4.033332	1.129736	
55.261	1.062438	0.000000	1.402788	0.916975	0.000000	3.010126	
55.273	1.038250	0.000000	1.176676	0.917650	6.114151	2.473255	
55.284	1.021937	0.000000	1.067123	0.962200	14.797418	2.748064	
55.296	1.009562	0.000000	0.960375	0.991225	0.000000	5.204251	
55.308	0.994937	0.000000	0.761375	0.947350	0.000000	7.012822	
55.319	0.984812	0.000000	0.662883	0.946000	8.119088	6.292716	
55.331	0.982562	0.000000	0.469800	0.995950	8.115792	7.646337	
55.342	0.982562	0.000000	0.381784	0.990550	0.000000	9.635281	
55.354	0.982562	0.000000	0.197754	0.964900	0.000000	9.234019	
55.366	0.982562	0.000000	0.105761	0.979750	4.048035	7.944124	
55.377	0.985375	1.710232	0.017102	0.982450	0.000000	8.223715	
55.389	0.988750	0.000000	0.278705	0.971650	0.000000	7.662782	
55.400	0.988750	0.000000	0.153309	0.973000	0.000000	7.004051	
55.412	0.989875	0.000000	0.034304	0.973675	0.000000	5.862799	
55.424	0.992688	0.000000	0.337655	0.974350	0.000000	5.335686	
55.435	0.992125	0.000000	0.440413	0.976375	0.000000	4.406819	
55.447	0.992125	0.000000	0.327207	0.979750	1.975217	3.959799	
55.459	0.994937	1.692852	0.205590	0.983125	0.000000	3.301326	
55.470	0.997187	0.000000	0.438174	0.986500	0.000000	3.453396	
55.482	0.996625	0.000000	0.238679	0.987175	0.000000	3.484746	
55.493	0.996625	0.000000	0.156414	0.989200	2.027302	2.824391	
55.505	0.996625	0.000000	0.006271	0.997975	2.035560	2.608107	
55.517	0.996625	0.000000	0.000000	1.002700	0.000000	3.024774	
55.528	0.996625	0.000000	0.000000	1.000675	0.000000	3.152393	
55.540	0.996625	0.000000	0.000000	1.001350	0.000000	2.600692	
55.551	0.996625	0.000000	0.000000	1.007425	2.021561	2.426065	
55.563	0.996625	0.000000	0.000000	1.009450	0.000000	2.869567	
55.575	0.996625	0.000000	0.000000	1.007425	0.000000	2.615737	
55.586	0.996625	0.000000	0.000000	1.008100	2.027302	2.382050	
55.598	0.996625	0.000000	0.000000	1.011475	0.000000	1.988552	
55.609	0.996625	0.000000	0.000000	1.015525	2.019927	1.814603	
55.621	0.996625	0.000000	0.000000	1.018900	2.036389	1.512996	
55.633	0.996625	0.000000	0.000000	1.022275	0.000000	1.404068	
55.644	0.996625	0.000000	0.000000	1.025650	0.000000	1.738555	
55.656	0.996625	0.000000	0.000000	1.024300	0.000000	2.057784	
55.668	0.996625	0.000000	0.000000	1.020925	0.000000	1.800992	
55.679	0.996625	0.000000	0.000000	1.022275	2.072708	1.701187	
55.691	0.996625	0.000000	0.000000	1.023625	2.038050	1.526394	
55.703	0.996625	0.000000	0.000000	1.023625	0.000000	1.451190	
55.714	0.996625	0.000000	0.000000	1.023625	0.000000	1.381067	
55.726	0.997187	0.000000	0.000000	1.023625	0.000000	1.257980	
55.737	1.000000	0.000000	0.129131	1.023625	0.000000	1.206745	
55.749	1.002813	0.000000	0.543168	1.023625	0.000000	1.109334	
55.761	1.001125	0.000000	0.839839	1.022275	0.000000	1.065878	
55.772	1.001688	1.677847	0.734069	1.018225	0.000000	0.990095	
55.784	1.006750	1.692852	0.710749	1.012150	0.000000	0.954605	
55.796	1.015188	1.694229	1.558476	1.006750	0.000000	0.886664	
55.807	1.013500	0.000000	1.799031	1.000000	0.000000	0.852482	
55.819	1.014063	1.684634	1.631842	0.990550	0.000000	0.776230	
55.831	1.024750	3.377466	1.741250	0.981100	0.000000	0.732549	
55.842	1.029812	0.000000	3.146440	0.973000	0.000000	0.686320	
55.854	1.024187	0.000000	3.352174	0.964225	0.000000	0.583953	
55.865	1.028125	1.682592	3.199164	0.956125	0.000000	0.525322	
55.877	1.042187	1.696300	3.557675	0.948700	0.000000	0.393229	
55.889	1.042750	0.000000	4.140489	0.941950	0.000000	0.323360	
55.900	1.043313	1.679877	4.103848	0.935875	0.000000	0.162129	
55.911	1.055125	3.388459	4.010892	0.929800	0.000000	0.073376	
55.923	1.060750	0.000000	4.838839	0.926425	0.000000	0.000000	
55.935	1.060750	0.000000	4.941993	0.921700	0.000000	0.000000	
55.947	1.070313	4.611757	4.559253	0.912250	0.000000	0.000000	
55.957	1.080438	1.690790	4.859504	0.903475	0.000000	0.000000	
55.969	1.083812	0.000000	5.381592	0.895375	0.000000	0.000000	
55.980	1.087188	3.369269	5.276166	0.886600	0.000000	0.000000	
55.992	1.100688	3.389838	5.491040	0.876475	0.000000	0.000000	
56.003	1.104625	0.000000	6.421756	0.867025	0.000000	0.000000	
56.015	1.106313	1.688049	6.082575	0.858925	0.000000	0.000000	
56.027	1.119812	3.369269	5.880468	0.850825	0.000000	0.000000	
56.038	1.126562	0.000000	6.977992	0.842725	0.000000	0.000000	
56.050	1.127125	1.692164	7.292324	0.833275	0.000000	0.000000	
56.061	1.135000	1.665100	7.083142	0.825850	0.000000	0.000000	
56.073	1.145125	1.697683	7.203567	0.818425	0.000000	0.000000	
56.084	1.147375	0.000000	7.541356	0.812350	0.000000	0.000000	
56.096	1.154688	3.389838	7.236527	0.805600	0.000000	0.000000	
56.107	1.159188	0.000000	7.264828	0.802225	0.000000	0.000000	
56.119	1.160875	0.000000	6.904016	0.798175	0.000000	0.000000	
56.130	1.166500	3.305092	6.569978	0.794800	0.000000	0.000000	
56.142	1.171563	0.000000	6.486178	0.791425	0.000000	0.000000	
56.153	1.172125	0.000000	6.622729	0.788725	0.000000	0.000000	
56.165	1.172688	1.698375	6.384373	0.787375	0.000000	0.000000	
56.177	1.176625	1.694229	6.137341	0.786025	0.000000	0.000000	
56.188	1.179438	0.000000	5.692237	0.784675	0.000000	0.000000	
56.200	1.180000	0.000000	5.475392	0.783325	0.000000	0.000000	
56.211	1.182250	0.000000	5.207714	0.783325	0.000000	0.000000	
56.223	1.182812	0.000000	5.401902	0.783325	0.000000	0.000000	
56.234	1.182812	0.000000	5.244065	0.783325	0.000000	0.000000	
56.246	1.182812	0.000000	4.979830	0.783325	0.000000	0.000000	
56.257	1.182250	0.000000	4.872066	0.783325	0.000000	0.000000	
56.268	1.178875	0.000000	4.703049	0.786025	2.020744	0.020207	
56.280	1.173813	0.000000	4.633273	0.792100	2.038050	0.019989	
56.292	1.166500	0.000000	4.526668	0.801550	2.025658	0.020167	
56.303	1.156375	0.000000	4.484125	0.813025	3.972416	0.040464	
56.315	1.141750	0.000000	4.448472	0.828550	6.116645	0.040285	
56.326	1.124313	0.000000	4.385837	0.846775	5.925651	0.040612	
56.338	1.099563	0.000000	4.356755	0.873775	8.122388	0.081422	
56.349	1.073688	0.000000	4.287517	0.903475	8.063411	0.684137	
56.361	1.041625	0.000000	4.245247	0.930475	2.026480	2.263904	
56.372	1.014063	0.000000	4.143047	0.925075	0.000000	3.813592	
56.384	0.985375	0.000000	4.078585	0.931825	8.128993	3.243644	
56.395	0.960063	0.000000	3.929875	0.985150	16.126822	3.215842	
56.407	0.943750	0.000000	3.855542	1.012825	0.000000	8.069118	
56.418	0.929125	0.000000	3.771923	0.979750	0.000000	9.486985	
56.430	0.919563	0.000000	3.588942	0.991900	8.082974	8.077336	
56.442	0.915625	0.000000	3.489007	1.028350	4.038222	8.562478	
56.453	0.909437	0.000000	3.278221	1.020250	0.000000	10.570731	
56.465	0.906625	0.000000	3.162059	1.016200	2.033075	9.689595	
56.477	0.906625	0.000000	2.924127	1.028350	0.000000	8.815072	
56.488	0.906625	0.000000	2.794442	1.027000	0.000000	8.939056	
56.500	0.907188	0.000000	2.540058	1.025650	0.000000	8.193351	
56.511	0.908875	0.000000	2.384231	1.025650	0.000000	6.891840	
56.523	0.913375	1.677847	2.596506	1.025650	0.000000	6.294263	
56.535	0.914500	0.000000	2.828613	1.025650	0.000000	5.227848	
56.546	0.914500	0.000000	2.964730	1.025650	0.000000	4.752030	
56.558	0.916750	1.694229	2.568611	1.025650	0.000000	3.926294	
56.570	0.924625	1.685998	2.472472	1.027675	0.000000	3.611334	
56.581	0.925187	0.000000	2.892010	1.029700	0.000000	3.840844	
56.593	0.921812	0.000000	3.028425	1.029700	0.000000	3.481580	
56.604	0.921812	0.000000	2.575420	1.031050	2.027302	2.867118	
56.616	0.923500	1.721545	2.368973	1.038475	2.065853	2.588413	
56.628	0.924625	0.000000	1.999446	1.047250	0.000000	2.415766	
56.639	0.924625	0.000000	1.819546	1.048600	0.000000	2.933844	
56.651	0.926313	0.000000	1.480876	1.045225	0.000000	3.087204	
56.662	0.929125	0.000000	1.334014	1.045900	1.969767	2.607706	
56.674	0.931375	0.000000	1.281365	1.049275	0.000000	2.414339	
56.686	0.931375	0.000000	1.724640	1.052650	0.000000	2.541545	
56.697	0.931375	0.000000	1.545981	1.051975	0.000000	2.339319	
56.709	0.931938	1.693540	1.232509	1.051975	0.000000	1.998961	
56.720	0.934750	1.716577	1.087209	1.053325	2.030597	1.853036	
56.732	0.939250	1.679877	0.887792	1.055350	2.015853	1.743100	
56.744	0.941500	0.000000	1.194345	1.055350	0.000000	2.008493	
56.755	0.941500	0.000000	1.235716	1.054000	0.000000	1.882491	
56.767	0.941500	0.000000	1.096785	1.054000	0.000000	1.665725	
56.779	0.946562	1.703935	0.956701	1.054000	0.000000	1.578777	
56.790	0.951625	0.000000	1.240521	1.054000	0.000000	1.422002	
56.802	0.951625	0.000000	1.444643	1.051975	0.000000	1.356786	
56.814	0.952750	0.000000	1.200352	1.048600	0.000000	1.251302	
56.825	0.961187	3.361110	1.182167	1.044550	0.000000	1.205948	
56.837	0.966250	0.000000	1.771629	1.039150	0.000000	1.131432	
56.849	0.966250	0.000000	1.973837	1.031050	0.000000	1.101547	
56.860	0.971875	3.399523	1.776955	1.022275	0.000000	1.041660	
56.872	0.988750	3.437405	2.176527	1.012825	0.000000	1.007707	
56.883	0.989312	0.000000	3.711689	1.002025	0.000000	0.973276	
56.895	0.987063	1.658469	3.472540	0.988525	0.000000	0.888710	
56.907	1.004500	6.782437	3.770878	0.973675	0.000000	0.838649	
56.918	1.018563	0.000000	4.679331	0.962875	0.000000	0.732939	
56.930	1.013500	0.000000	5.471057	0.952750	0.000000	0.671468	
56.942	1.020813	3.330201	4.973608	0.941950	0.000000	0.535072	
56.954	1.039375	1.664435	5.218004	0.931825	0.000000	0.458297	
56.965	1.038250	0.000000	6.071135	0.925750	0.000000	0.286438	
56.977	1.044438	3.378837	5.763114	0.919000	0.000000	0.200336	
56.988	1.058500	3.385704	6.137553	0.912250	0.000000	0.104244	
57.000	1.061875	0.000000	6.511765	0.906850	0.000000	0.000000	
57.011	1.066937	3.385704	6.218997	0.901450	0.000000	0.000000	
57.023	1.082687	3.384329	6.390326	0.891325	0.000000	0.000000	
57.035	1.090000	0.000000	6.840348	0.877150	0.000000	0.000000	
57.046	1.093938	3.438824	7.230398	0.866350	0.000000	0.000000	
57.058	1.107437	3.512793	7.264824	0.857575	0.000000	0.000000	
57.069	1.115312	1.666433	8.120384	0.850150	0.000000	0.000000	
57.081	1.120937	1.643416	8.072732	0.839350	0.000000	0.000000	
57.093	1.131625	1.668436	8.521121	0.829225	0.000000	0.000000	
57.104	1.138937	1.668436	8.822903	0.822475	0.000000	0.000000	
57.116	1.145687	1.692852	8.725521	0.814375	0.000000	0.000000	
57.127	1.153563	1.725825	8.700044	0.806275	0.000000	0.000000	
57.139	1.159750	1.709530	8.675608	0.799525	0.000000	0.000000	
57.150	1.163687	0.000000	8.658576	0.794125	0.000000	0.000000	
57.162	1.167063	0.000000	8.659287	0.790750	0.000000	0.000000	
57.173	1.168750	0.000000	8.666479	0.789400	0.000000	0.000000	
57.185	1.169875	0.000000	8.610344	0.788050	0.000000	0.000000	
57.196	1.170437	0.000000	7.896617	0.787375	0.000000	0.000000	
57.208	1.171000	0.000000	7.574069	0.786700	0.000000	0.000000	
57.219	1.171563	0.000000	7.010067	0.786700	0.000000	0.000000	
57.231	1.172125	0.000000	6.779494	0.786025	0.000000	0.000000	
57.242	1.174375	0.000000	6.553824	0.785350	0.000000	0.000000	
57.254	1.175500	0.000000	6.157319	0.784675	0.000000	0.000000	
57.266	1.176062	0.000000	5.984187	0.784675	0.000000	0.000000	
57.277	1.177750	0.000000	5.691019	0.784675	0.000000	0.000000	
57.289	1.178875	0.000000	5.560367	0.784675	0.000000	0.000000	
57.300	1.179438	0.000000	5.335666	0.784675	0.000000	0.000000	
57.312	1.180562	0.000000	5.246096	0.784000	0.000000	0.000000	
57.323	1.181687	0.000000	5.085225	0.784000	0.000000	0.000000	
57.335	1.182250	0.000000	5.035821	0.784000	0.000000	0.000000	
57.346	1.182250	0.000000	4.964888	0.784000	0.000000	0.000000	
57.358	1.182812	0.000000	4.873680	0.784000	0.000000	0.000000	
57.370	1.183375	0.000000	4.856054	0.784000	0.000000	0.000000	
57.381	1.183375	0.000000	4.789603	0.784000	0.000000	0.000000	
57.393	1.183375	0.000000	4.772510	0.784000	0.000000	0.000000	
57.404	1.183375	0.000000	4.752217	0.784000	0.000000	0.000000	
57.416	1.182812	0.000000	4.748390	0.784000	0.000000	0.000000	
57.427	1.180562	0.000000	4.750777	0.784675	0.000000	0.000000	
57.439	1.175500	0.000000	4.756555	0.789400	2.030597	0.020281	
57.450	1.170437	0.000000	4.764717	0.795475	2.054811	0.020565	
57.462	1.162562	0.000000	4.786582	0.803575	2.032248	0.020306	
57.473	1.153000	0.000000	4.799586	0.813700	2.020744	0.020314	
57.485	1.139500	0.000000	4.819869	0.827875	3.991453	0.040546	
57.496	1.124313	0.000000	4.824988	0.844075	6.076975	0.060819	
57.508	1.103500	0.000000	4.818495	0.865675	6.059780	0.060794	
57.519	1.082125	0.000000	4.804832	0.890650	6.072052	0.060844	
57.531	1.055688	0.000000	4.782480	0.920350	6.347120	0.820543	
57.542	1.030938	0.000000	4.711487	0.928450	0.000000	2.709798	
57.554	1.006750	0.000000	4.660521	0.926425	2.028125	2.652967	
57.566	0.978063	0.000000	4.528610	0.961525	14.816219	2.343695	
57.577	0.956688	0.000000	4.455511	1.009450	6.094268	4.459777	
57.589	0.939812	0.000000	4.283309	0.991225	0.000000	7.551908	
57.600	0.925750	0.000000	4.186683	0.966250	2.015853	6.823612	
57.612	0.917875	0.000000	3.977983	1.007425	12.173689	6.336944	
57.623	0.910563	0.000000	3.860110	1.032400	0.000000	9.292186	
57.635	0.903812	0.000000	3.734593	1.010125	0.000000	10.507912	
57.647	0.903250	0.000000	3.466628	1.020250	6.179677	9.008512	
57.658	0.902687	0.000000	3.320700	1.034425	0.000000	8.857796	
57.670	0.901000	0.000000	3.017893	1.027675	0.000000	9.069759	
57.682	0.901000	0.000000	2.859272	1.028350	0.000000	8.358803	
57.693	0.901563	0.000000	2.563883	1.029700	0.000000	6.982233	
57.705	0.904375	1.688733	2.400811	1.029700	0.000000	6.359198	
57.716	0.908875	1.690104	2.492986	1.030375	0.000000	5.255839	
57.728	0.909437	0.000000	2.309738	1.030375	0.000000	4.739310	
57.740	0.913375	1.694919	1.974308	1.032400	0.000000	4.256153	
57.751	0.919000	1.709530	1.888648	1.037125	2.051436	3.479507	
57.763	0.920687	0.000000	2.131954	1.040500	0.000000	3.576031	
57.774	0.919563	0.000000	2.084533	1.040500	0.000000	3.210654	
57.786	0.919563	0.000000	1.901884	1.041850	2.024837	2.842366	
57.798	0.921250	1.629908	1.584680	1.050625	3.911780	2.301213	
57.809	0.923500	0.000000	1.438545	1.059400	2.064147	2.527133	
57.821	0.925750	0.000000	1.129200	1.056700	0.000000	2.847675	
57.833	0.927437	0.000000	1.074092	1.054675	0.000000	2.552272	
57.844	0.928000	0.000000	1.131085	1.057375	2.048074	2.302182	
57.856	0.928000	0.000000	0.986961	1.063450	2.035560	1.910145	
57.868	0.930250	1.708128	0.858515	1.065475	0.000000	2.203378	
57.879	0.933062	1.699068	1.120247	1.061425	0.000000	2.167311	
57.891	0.933062	0.000000	1.297760	1.060075	0.000000	1.960845	
57.902	0.933625	0.000000	1.000694	1.060075	0.000000	1.622117	
57.914	0.941500	3.351643	0.958094	1.060075	0.000000	1.475609	
57.926	0.948250	0.000000	1.922929	1.058725	0.000000	1.224292	
57.937	0.947125	0.000000	2.065540	1.052650	0.000000	1.122406	
57.949	0.956125	5.099286	1.808808	1.040500	0.000000	0.937070	
57.961	0.978625	4.914732	2.233144	1.025650	0.000000	0.857977	
57.972	0.983688	0.000000	4.057798	1.010800	0.000000	0.790877	
57.984	0.983125	1.688049	4.085222	0.991900	0.000000	0.656276	
57.995	1.003375	8.537139	3.890168	0.973000	0.000000	0.589550	
58.007	1.027000	1.690104	5.122867	0.954100	0.000000	0.465122	
58.018	1.027000	0.000000	6.149921	0.939250	0.000000	0.400186	
58.030	1.037125	5.078557	5.748577	0.923050	0.000000	0.265210	
58.042	1.060750	3.348947	5.932265	0.908875	0.000000	0.197098	
58.053	1.064125	0.000000	7.277935	0.898075	0.000000	0.036614	
58.065	1.070875	5.039632	7.124587	0.887950	0.000000	0.000000	
58.077	1.089437	3.382954	7.220329	0.877825	0.000000	0.000000	
58.088	1.097875	0.000000	7.897702	0.866350	0.000000	0.000000	
58.100	1.105188	3.409264	7.591342	0.852850	0.000000	0.000000	
58.111	1.121500	5.139140	7.680016	0.840700	0.000000	0.000000	
58.123	1.130500	1.709530	8.299663	0.829225	0.000000	0.000000	
58.134	1.137812	3.371997	8.390056	0.817750	0.000000	0.000000	
58.146	1.152437	3.518729	8.393789	0.806950	0.000000	0.000000	
58.158	1.159750	1.690104	8.918456	0.797500	0.000000	0.000000	
58.170	1.164250	1.672456	8.724548	0.790075	0.000000	0.000000	
58.181	1.170437	1.650581	8.235201	0.786025	0.000000	0.000000	
58.193	1.171563	0.000000	8.086399	0.784675	0.000000	0.000000	
58.205	1.172125	0.000000	7.236756	0.784000	0.000000	0.000000	
58.216	1.173250	0.000000	6.904952	0.782650	0.000000	0.000000	
58.228	1.174937	0.000000	6.601225	0.781975	0.000000	0.000000	
58.239	1.176062	0.000000	6.313905	0.781975	0.000000	0.000000	
58.251	1.176625	0.000000	6.033475	0.781975	0.000000	0.000000	
58.262	1.178313	0.000000	5.676317	0.781975	0.000000	0.000000	
58.274	1.178313	0.000000	5.794429	0.781975	0.000000	0.000000	
58.286	1.178313	0.000000	5.586452	0.781975	0.000000	0.000000	
58.297	1.177750	0.000000	5.201495	0.782650	1.964347	0.000000	
58.309	1.174937	0.000000	5.036742	0.786025	2.028125	0.020298	
58.320	1.170437	0.000000	4.762408	0.792100	2.024837	0.020281	
58.332	1.164250	0.000000	4.642103	0.800875	2.023198	0.020257	
58.343	1.155250	0.000000	4.438167	0.811675	4.064497	0.039740	
58.355	1.141188	0.000000	4.356396	0.826525	4.118087	0.040448	
58.366	1.127687	0.000000	4.203332	0.842725	4.048035	0.041012	
58.378	1.108562	0.000000	4.131755	0.864325	6.025682	0.150857	
58.390	1.085500	0.000000	4.061043	0.885250	2.032248	1.280722	
58.401	1.062438	0.000000	3.921597	0.884575	0.000000	2.539797	
58.413	1.034875	0.000000	3.844942	0.894700	8.132301	2.031227	
58.424	1.012375	0.000000	3.679473	0.946675	16.179035	3.215522	
58.436	0.985375	0.000000	3.595446	0.973675	0.000000	6.057384	
58.448	0.959500	0.000000	3.404520	0.937225	0.000000	7.122768	
58.459	0.947125	0.000000	3.306526	0.955450	12.075632	6.429064	
58.471	0.938125	0.000000	3.110026	1.009450	8.132301	6.361723	
58.482	0.930812	0.000000	3.007337	1.004050	0.000000	10.343771	
58.494	0.928000	0.000000	2.902859	0.989200	2.035560	9.378121	
58.506	0.928000	0.000000	2.682550	1.010125	5.932686	7.986189	
58.517	0.927437	0.000000	2.573967	1.012825	0.000000	8.540255	
58.529	0.927437	0.000000	2.336920	1.006075	0.000000	7.763575	
58.540	0.927437	0.000000	2.213119	1.008775	2.057348	7.120559	
58.552	0.928000	0.000000	1.968473	1.008775	0.000000	6.160841	
58.564	0.930812	1.710232	1.922003	1.010125	0.000000	5.542968	
58.576	0.931375	0.000000	1.978477	1.013500	0.000000	4.889683	
58.587	0.933062	1.722256	1.841890	1.013500	0.000000	4.360567	
58.599	0.938688	1.685316	1.657696	1.014850	0.000000	3.857168	
58.611	0.940938	0.000000	1.928962	1.019575	0.000000	3.456103	
58.622	0.939250	0.000000	1.933854	1.020925	0.000000	3.010072	
58.634	0.939250	0.000000	1.770623	1.026325	2.028948	2.365764	
58.646	0.939250	0.000000	1.617437	1.036450	2.038882	2.538383	
58.657	0.939250	0.000000	1.347191	1.035775	0.000000	3.288461	
58.669	0.939250	0.000000	1.217041	1.031050	0.000000	2.922363	
58.681	0.939812	0.000000	0.993480	1.038475	4.069462	2.423490	
58.692	0.940938	1.686681	0.881670	1.045900	0.000000	2.727171	
58.704	0.942062	0.000000	0.663910	1.039825	0.000000	2.940813	
58.715	0.944313	1.805122	0.567701	1.035775	2.166146	2.643598	
58.727	0.947125	0.000000	0.484604	1.043875	2.034731	2.493485	
58.739	0.949938	0.000000	0.788326	1.041850	0.000000	2.911412	
58.750	0.949938	0.000000	0.883267	1.033750	0.000000	2.634679	
58.762	0.950500	1.581624	0.769079	1.035775	1.897949	2.128889	
58.774	0.958375	1.682592	0.736791	1.035775	0.000000	1.913976	
58.786	0.964562	0.000000	1.788117	1.035100	0.000000	1.495012	
58.797	0.961750	0.000000	2.302264	1.031050	0.000000	1.288695	
58.808	0.966812	3.371997	1.946516	1.022275	0.000000	0.931960	
58.820	0.989312	6.869140	1.984105	1.010125	0.000000	0.767380	
58.832	1.002250	0.000000	4.029217	0.997975	0.000000	0.611558	
58.843	0.998875	0.000000	4.401322	0.981775	0.000000	0.326513	
58.855	1.016875	8.481500	4.187280	0.960175	0.000000	0.185119	
58.866	1.048375	4.928303	5.695383	0.943975	0.000000	0.000000	
58.878	1.044438	0.000000	7.352734	0.927775	0.000000	0.000000	
58.890	1.051188	5.060043	7.140842	0.910900	0.000000	0.000000	
58.901	1.078187	5.068255	7.367086	0.893350	0.000000	0.000000	
58.913	1.082125	0.000000	9.010160	0.880525	0.000000	0.000000	
58.925	1.091688	5.097205	8.503523	0.869725	0.000000	0.000000	
58.936	1.106875	3.316938	9.114789	0.858925	0.000000	0.000000	
58.948	1.112500	1.710232	9.267415	0.847450	0.000000	0.000000	
58.959	1.121500	3.373363	8.930535	0.836650	0.000000	0.000000	
58.971	1.133875	3.489247	8.857596	0.827200	0.000000	0.000000	
58.982	1.138375	1.690104	9.091270	0.819100	0.000000	0.000000	
58.994	1.146250	3.176518	8.705025	0.811000	0.000000	0.000000	
59.006	1.154688	1.692164	8.573643	0.804250	0.000000	0.000000	
59.017	1.158062	1.695609	8.267094	0.798850	0.000000	0.000000	
59.029	1.163125	1.711638	7.809725	0.793450	0.000000	0.000000	
59.040	1.167625	1.669774	7.649223	0.789400	0.000000	0.000000	
59.052	1.168750	0.000000	7.512607	0.786700	0.000000	0.000000	
59.063	1.169875	1.693540	6.653492	0.786025	0.000000	0.000000	
59.075	1.172125	1.717285	6.255129	0.786025	0.000000	0.000000	
59.087	1.174375	0.000000	5.955275	0.786025	0.000000	0.000000	
59.098	1.174937	0.000000	5.647782	0.786025	0.000000	0.000000	
59.110	1.174937	0.000000	5.341930	0.786025	0.000000	0.000000	
59.121	1.174937	0.000000	4.808359	0.786025	0.000000	0.000000	
59.133	1.174937	0.000000	4.591479	0.786700	0.000000	0.000000	
59.144	1.174937	0.000000	4.191117	0.790075	2.010177	0.020364	
59.156	1.173813	0.000000	4.020738	0.794800	2.035560	0.000000	
59.167	1.169312	0.000000	3.741101	0.800200	2.019927	0.000000	
59.179	1.163125	0.000000	3.620632	0.808300	2.028125	0.021166	
59.191	1.156937	0.000000	3.514706	0.819100	4.031705	0.041766	
59.202	1.145687	0.000000	3.341490	0.829900	2.036389	0.043323	
59.214	1.131063	0.000000	3.273140	0.846775	6.121640	0.043740	
59.225	1.115875	0.000000	3.142287	0.866350	6.215546	0.062155	
59.237	1.095062	0.000000	3.081196	0.889975	6.220705	0.152615	
59.248	1.074250	0.000000	2.962760	0.910225	3.994644	0.961276	
59.260	1.048375	0.000000	2.898040	0.912925	0.000000	2.890587	
59.272	1.024187	0.000000	2.756312	0.914950	4.048035	2.811837	
59.283	1.005062	0.000000	2.678157	0.950725	14.254724	2.829794	
59.295	0.982000	0.000000	2.601341	0.988525	2.024017	4.581511	
59.306	0.962875	0.000000	2.430401	0.968950	0.000000	7.040581	
59.318	0.949375	0.000000	2.342492	0.963550	8.172198	6.370880	
59.329	0.940938	0.000000	2.164003	1.006750	13.220368	6.764348	
59.341	0.933625	0.000000	2.067666	1.019575	0.000000	9.008226	
59.353	0.929125	0.000000	1.865658	1.003375	0.000000	9.496335	
59.364	0.927437	0.000000	1.766128	1.018225	5.953891	8.177380	
59.376	0.927437	0.000000	1.543528	1.027000	0.000000	8.140030	
59.388	0.926313	0.000000	1.428040	1.021600	0.000000	8.000035	
59.399	0.926313	0.000000	1.317905	1.024300	2.030597	7.398999	
59.411	0.926313	0.000000	1.076710	1.025650	0.000000	6.752562	
59.423	0.927437	0.000000	0.954496	1.025650	0.000000	6.202670	
59.434	0.931375	1.694229	0.789436	1.027675	2.033075	5.302509	
59.446	0.933625	0.000000	1.006986	1.028350	0.000000	5.295972	
59.457	0.934187	0.000000	0.731769	1.028350	0.000000	4.427027	
59.469	0.938688	1.709530	0.682541	1.028350	0.000000	4.037549	
59.481	0.941500	0.000000	1.213057	1.031725	2.083945	3.698093	
59.492	0.939250	0.000000	1.389952	1.035100	1.991749	3.631260	
59.504	0.938125	0.000000	1.066325	1.035100	0.000000	3.691794	
59.516	0.939250	0.000000	0.917826	1.035100	0.000000	3.085847	
59.527	0.942062	0.000000	0.780751	1.037125	0.000000	2.829717	
59.539	0.943187	0.000000	0.944643	1.042525	2.032248	2.348167	
59.550	0.943750	1.685316	0.813334	1.045900	0.000000	2.129560	
59.562	0.946562	1.696300	0.573798	1.047250	0.000000	2.267283	
59.574	0.953875	1.697683	0.539836	1.045225	0.000000	2.081743	
59.585	0.956125	0.000000	1.103517	1.043200	0.000000	1.780578	
59.597	0.956125	0.000000	1.297130	1.041175	0.000000	1.652447	
59.609	0.961187	3.464572	1.116836	1.035100	0.000000	1.541216	
59.620	0.974125	3.388459	1.457408	1.027675	0.000000	1.361164	
59.632	0.977500	0.000000	2.653828	1.018225	0.000000	1.282114	
59.644	0.976375	0.000000	2.773758	1.008100	0.000000	1.143008	
59.655	0.985937	3.374729	2.581195	0.996625	0.000000	1.077553	
59.667	1.007313	3.393982	3.251633	0.982450	0.000000	0.951584	
59.678	1.007313	0.000000	4.150054	0.967600	0.000000	0.887389	
59.690	1.007875	1.688733	4.229546	0.954100	0.000000	0.757858	
59.702	1.030938	5.088900	4.135987	0.941950	0.000000	0.687720	
59.713	1.040500	0.000000	5.970943	0.930475	0.000000	0.536953	
59.725	1.036000	1.713047	6.233921	0.918325	0.000000	0.455591	
59.737	1.051188	5.141254	5.617695	0.907525	0.000000	0.373931	
59.748	1.065250	1.658469	6.129961	0.902125	0.000000	0.182413	
59.760	1.064687	0.000000	6.645562	0.897400	0.000000	0.081033	
59.771	1.072562	3.373363	6.259881	0.891325	0.000000	0.000000	
59.783	1.088875	3.384329	6.314152	0.882550	0.000000	0.000000	
59.795	1.092813	0.000000	7.380289	0.871075	0.000000	0.000000	
59.806	1.099000	3.389838	7.259879	0.858925	0.000000	0.000000	
59.818	1.115875	3.391218	6.980828	0.848800	0.000000	0.000000	
59.829	1.120937	0.000000	7.683869	0.840025	0.000000	0.000000	
59.841	1.124875	1.708829	7.442966	0.831250	0.000000	0.000000	
59.853	1.137250	1.687365	7.494544	0.823150	0.000000	0.000000	
59.864	1.142313	0.000000	8.114383	0.816400	0.000000	0.000000	
59.876	1.147375	1.607883	8.015373	0.808975	0.000000	0.000000	
59.887	1.156375	1.696300	7.711030	0.802225	0.000000	0.000000	
59.899	1.161438	0.000000	8.419871	0.795475	0.000000	0.000000	
59.910	1.164250	1.681234	8.279922	0.790075	0.000000	0.000000	
59.922	1.172125	1.698375	7.946785	0.784675	0.000000	0.000000	
59.933	1.175500	0.000000	7.948321	0.781300	0.000000	0.000000	
59.945	1.176625	0.000000	7.516977	0.777250	0.000000	0.000000	
59.957	1.180000	0.000000	7.253942	0.775900	0.000000	0.000000	
59.969	1.180562	0.000000	6.966723	0.775900	0.000000	0.000000	
59.980	1.180562	0.000000	6.702475	0.775900	0.000000	0.000000	
59.992	1.181125	0.000000	6.446442	0.775900	0.000000	0.000000	
60.003	1.181687	0.000000	6.009455	0.775900	0.000000	0.000000	
60.015	1.181687	0.000000	5.835029	0.775900	0.000000	0.000000	
60.026	1.181125	0.000000	5.517497	0.776575	0.000000	0.020069	
60.037	1.177188	0.000000	5.383120	0.780625	0.000000	0.000000	
60.049	1.171000	0.000000	5.163701	0.788725	2.032248	0.020347	
60.060	1.164813	0.000000	5.069286	0.797500	4.036591	0.020224	
60.072	1.154688	0.000000	4.912317	0.808300	4.076100	0.039819	
60.083	1.142313	0.000000	4.844892	0.821800	4.057896	0.040497	
60.095	1.128813	0.000000	4.784121	0.838000	4.054604	0.040042	
60.107	1.112500	0.000000	4.661006	0.855550	4.039854	0.060136	
60.118	1.091125	0.000000	4.599130	0.879175	7.998878	0.060819	
60.130	1.069750	0.000000	4.473937	0.906175	8.047180	1.234874	
60.141	1.046687	0.000000	4.402672	0.918325	0.000000	2.268687	
60.153	1.024750	0.000000	4.243010	0.907525	0.000000	2.977709	
60.164	1.009000	0.000000	4.159566	0.925075	10.668871	2.128812	
60.176	0.988750	0.000000	4.065381	0.974350	10.148861	2.591009	
60.187	0.974125	0.000000	3.862491	0.968275	0.000000	7.547860	
60.199	0.964562	0.000000	3.757635	0.924400	0.000000	6.790439	
60.211	0.955562	0.000000	3.535854	0.959500	16.244776	5.957861	
60.222	0.952187	0.000000	3.426398	0.990550	0.000000	7.420738	
60.234	0.950500	0.000000	3.176223	0.962200	0.000000	9.301446	
60.245	0.948250	0.000000	3.043101	0.959500	4.074439	8.480070	
60.257	0.948250	0.000000	2.774559	0.980425	2.033075	7.958426	
60.268	0.948812	0.000000	2.628521	0.972325	0.000000	8.351150	
60.280	0.952187	1.696991	2.479149	0.965575	0.000000	7.629038	
60.292	0.956688	0.000000	2.256165	0.968275	0.000000	6.441079	
60.303	0.959500	0.000000	2.438989	0.967600	0.000000	6.297962	
60.315	0.963437	1.675821	2.094247	0.964900	0.000000	5.207431	
60.326	0.972438	1.710935	2.011657	0.964225	0.000000	4.747443	
60.338	0.976937	0.000000	2.870004	0.963550	0.000000	3.864397	
60.350	0.975812	0.000000	2.991119	0.962200	0.000000	3.468102	
60.361	0.979750	3.381580	2.641289	0.962200	0.000000	3.096636	
60.370	0.988187	3.399523	2.880546	0.962200	0.000000	2.446247	
60.382	0.990438	0.000000	3.140420	0.962200	0.000000	2.142388	
60.393	0.989875	0.000000	3.333953	0.962200	0.000000	1.593576	
60.405	0.997187	3.391218	3.126443	0.962200	0.000000	1.361788	
60.417	1.011250	1.692164	3.700387	0.962200	0.000000	1.129864	
60.428	1.010687	0.000000	4.088893	0.960175	0.000000	0.713318	
60.440	1.012938	3.374729	3.824476	0.958150	0.000000	0.536937	
60.451	1.025313	3.363826	3.895643	0.956800	0.000000	0.197575	
60.463	1.026438	0.000000	4.353012	0.956800	0.000000	0.044973	
60.474	1.024750	0.000000	4.104898	0.956800	0.000000	0.000000	
60.486	1.032063	3.391218	3.908505	0.956800	0.000000	0.000000	
60.498	1.034875	0.000000	4.149024	0.956800	0.000000	0.000000	
60.509	1.033750	0.000000	4.179705	0.955450	0.000000	0.000000	
60.521	1.034875	0.000000	3.594265	0.954100	0.000000	0.000000	
60.532	1.039937	1.706029	3.369919	0.953425	0.000000	0.000000	
60.544	1.042187	0.000000	3.586432	0.952075	0.000000	0.000000	
60.556	1.042750	1.694229	3.289459	0.949375	0.000000	0.000000	
60.568	1.046687	0.000000	3.107005	0.948025	0.000000	0.000000	
60.579	1.049500	0.000000	3.388762	0.947350	0.000000	0.000000	
60.591	1.048375	0.000000	3.463709	0.946675	0.000000	0.000000	
60.602	1.048375	0.000000	2.910743	0.946000	0.000000	0.000000	
60.614	1.052312	1.609747	2.680901	0.946000	0.000000	0.000000	
60.625	1.055125	1.689418	2.240546	0.946000	0.000000	0.000000	
60.637	1.056813	1.694229	2.045615	0.946000	0.000000	0.000000	
60.648	1.059062	0.000000	1.701282	0.946000	0.000000	0.000000	
60.660	1.062438	0.000000	1.561609	0.946000	0.000000	0.000000	
60.672	1.064687	0.000000	1.444450	0.946000	0.000000	0.000000	
60.683	1.065812	0.000000	1.222665	0.946000	0.000000	0.000000	
60.695	1.067500	0.000000	1.193051	0.946000	0.000000	0.000000	
60.706	1.067500	0.000000	1.766539	0.946000	0.000000	0.000000	
60.718	1.065250	0.000000	1.668684	0.946000	0.000000	0.000000	
60.729	1.065250	0.000000	1.522844	0.946000	0.000000	0.000000	
60.741	1.065250	0.000000	1.467962	0.946000	0.000000	0.000000	
60.752	1.065812	0.000000	1.388271	0.946000	0.000000	0.000000	
60.764	1.066375	0.000000	1.360869	0.946000	0.000000	0.000000	
60.776	1.066375	0.000000	1.341399	0.946000	0.000000	0.000000	
60.787	1.066375	0.000000	1.321600	0.946000	0.000000	0.000000	
60.799	1.066375	0.000000	1.319336	0.946000	0.000000	0.000000	
60.810	1.066375	0.000000	1.327994	0.946000	0.000000	0.000000	
60.822	1.066375	0.000000	1.338081	0.946000	0.000000	0.000000	
60.833	1.066375	0.000000	1.366884	0.946000	0.000000	0.000000	
60.845	1.066375	0.000000	1.384921	0.946000	0.000000	0.000000	
60.856	1.066375	0.000000	1.404171	0.946000	0.000000	0.000000	
60.868	1.066375	0.000000	1.450487	0.946000	0.000000	0.000000	
60.879	1.065250	0.000000	1.475920	0.946675	0.000000	0.000000	
60.891	1.064687	0.000000	1.529092	0.946675	0.000000	0.000000	
60.902	1.064687	0.000000	1.558082	0.946675	0.000000	0.000000	
60.914	1.064687	0.000000	1.617592	0.946675	0.000000	0.000000	
60.925	1.064125	0.000000	1.646107	0.946675	0.000000	0.000000	
60.937	1.064125	0.000000	1.708160	0.946675	0.000000	0.000000	
60.948	1.063563	0.000000	1.739603	0.946675	0.000000	0.000000	
60.960	1.063563	0.000000	1.770793	0.946675	0.000000	0.000000	
60.971	1.063000	0.000000	1.830565	0.946675	0.000000	0.000000	
60.983	1.077625	9.489229	1.830565	0.953425	4.880175	0.000000	
60.994	1.120375	11.606511	1.830565	0.974350	5.571125	0.000000	
61.005	1.156937	8.994419	1.830565	0.995950	6.475982	0.000000	
61.017	1.186188	6.215547	1.830565	1.016200	3.729328	0.000000	
61.028	1.199687	2.182608	1.830565	1.030375	2.619130	0.000000	
61.039	1.201375	0.000000	1.830565	1.038475	2.393342	0.000000	
61.050	1.200812	0.000000	1.830565	1.041175	0.000000	0.000000	
61.062	1.200812	0.000000	1.830565	1.041175	0.000000	0.000000	
61.073	1.200812	0.000000	1.830565	1.041175	0.000000	0.000000	
61.084	1.200812	0.000000	1.830565	1.041175	0.000000	0.000000	
61.095	1.200812	0.000000	1.830565	1.041175	0.000000	0.000000	
61.106	1.200812	0.000000	1.830565	1.041175	0.000000	0.000000	
61.118	1.200812	0.000000	1.830565	1.041175	0.000000	0.000000	
61.129	1.200812	0.000000	1.830565	1.041175	0.000000	0.000000	
61.140	1.200812	0.000000	1.830565	1.041175	0.000000	0.000000	
61.151	1.200812	0.000000	1.830565	1.041175	0.000000	0.000000	
61.162	1.200812	0.000000	1.830565	1.041175	0.000000	0.000000	
61.174	1.200812	0.000000	1.830565	1.041175	0.000000	0.000000	
61.185	1.200812	0.000000	1.830565	1.041175	0.000000	0.000000	
61.196	1.200812	0.000000	1.830565	1.041175	0.000000	0.000000	
61.207	1.200812	0.000000	1.830565	1.041175	0.000000	0.000000	
61.219	1.200812	0.000000	1.830565	1.041175	0.000000	0.000000	
61.230	1.200812	0.000000	1.830565	1.041175	0.000000	0.000000	
61.241	1.200812	0.000000	1.830565	1.041175	0.000000	0.000000	
61.252	1.200812	0.000000	1.830565	1.041175	0.000000	0.000000	
61.263	1.200812	0.000000	1.830565	1.041175	0.000000	0.000000	
61.275	1.200812	0.000000	1.830565	1.041175	0.000000	0.000000	
61.286	1.200812	0.000000	1.830565	1.041175	0.000000	0.000000	
61.297	1.200812	0.000000	1.830565	1.041175	0.000000	0.000000	
61.308	1.200812	0.000000	1.830565	1.041175	0.000000	0.000000	
61.320	1.200812	0.000000	1.830565	1.041175	0.000000	0.000000	
61.331	1.200812	0.000000	1.830565	1.041175	0.000000	0.000000	
61.342	1.200812	0.000000	1.830565	1.041175	0.000000	0.000000	
61.353	1.200812	0.000000	1.830565	1.041175	0.000000	0.000000	
61.364	1.200812	0.000000	1.830565	1.041175	0.000000	0.000000	
61.376	1.200812	0.000000	1.830565	1.041175	0.000000	0.000000	
61.388	1.200812	0.000000	1.830565	1.041175	0.000000	0.000000	
61.399	1.200812	0.000000	1.830565	1.041175	0.000000	0.000000	
61.410	1.200812	0.000000	1.830565	1.041175	0.000000	0.000000	
