22.968	1.235687	0.000000	7.288066	0.723925	0.000000	0.000000	
22.979	1.235687	0.000000	7.305787	0.723925	0.000000	0.000000	
22.991	1.235687	0.000000	7.314824	0.723925	0.000000	0.000000	
23.002	1.235687	0.000000	7.323777	0.723925	0.000000	0.000000	
23.013	1.235687	0.000000	7.341894	0.723925	0.000000	0.000000	
23.025	1.235687	0.000000	7.350410	0.723925	0.000000	0.000000	
23.036	1.235687	0.000000	7.368347	0.723925	0.000000	0.000000	
23.048	1.235687	0.000000	7.377079	0.723925	0.000000	0.000000	
23.059	1.235687	0.000000	7.385152	0.723925	0.000000	0.000000	
23.070	1.235687	0.000000	7.402267	0.723925	0.000000	0.000000	
23.082	1.235687	0.000000	7.410978	0.723925	0.000000	0.000000	
23.093	1.235687	0.000000	7.428228	0.723925	0.000000	0.000000	
23.104	1.235687	0.000000	7.437244	0.723925	0.000000	0.000000	
23.116	1.235687	0.000000	7.455371	0.723925	0.000000	0.000000	
23.127	1.235687	0.000000	7.463988	0.723925	0.000000	0.000000	
23.138	1.235687	0.000000	7.473329	0.723925	0.000000	0.000000	
23.150	1.235687	0.000000	7.491976	0.723925	0.000000	0.000000	
23.161	1.235687	0.000000	7.501166	0.723925	0.000000	0.000000	
23.173	1.235687	0.000000	7.518455	0.723925	0.000000	0.000000	
23.184	1.235687	0.000000	7.526861	0.723925	0.000000	0.000000	
23.195	1.235687	0.000000	7.542314	0.723925	0.000000	0.000000	
23.207	1.235687	0.000000	7.548931	0.723925	0.000000	0.000000	
23.218	1.235687	0.000000	7.555486	0.723925	0.000000	0.000000	
23.229	1.235687	0.000000	7.567236	0.723925	0.000000	0.000000	
23.241	1.235687	0.000000	7.572246	0.723925	0.000000	0.000000	
23.252	1.235687	0.000000	7.582403	0.723925	0.000000	0.000000	
23.264	1.235687	0.000000	7.587332	0.723925	0.000000	0.000000	
23.276	1.235687	0.000000	7.596809	0.723925	0.000000	0.000000	
23.287	1.235125	0.000000	7.601581	0.723925	0.000000	0.000000	
23.299	1.234563	-0.000000	7.606254	0.723925	0.000000	0.000000	
23.310	1.234563	-0.000000	7.615737	0.724600	-0.000000	0.000000	
23.321	1.234563	0.000000	7.620244	0.724600	0.000000	0.000000	
23.333	1.234000	-0.000000	7.629514	0.724600	0.000000	0.000000	
23.344	1.234000	-0.000000	7.633918	0.724600	0.000000	0.000000	
23.356	1.234000	0.000000	7.642503	0.725275	0.000000	0.020224	
23.367	1.233438	0.000000	7.646607	0.725275	0.000000	0.000000	
23.379	1.233438	-0.000000	7.650359	0.725275	0.000000	0.000000	
23.390	1.233438	0.000000	7.656663	0.725950	0.000000	0.000000	
23.401	1.232875	-0.000000	7.659215	0.725950	0.000000	0.000000	
23.413	1.232875	0.000000	7.662843	0.725950	0.000000	0.000000	
23.424	1.232313	-0.000000	7.664209	0.726625	-0.000000	0.020175	
23.435	1.231750	-0.000000	7.665977	0.727300	0.000000	0.000000	
23.447	1.230625	0.000000	7.666790	0.727975	0.000000	0.000000	
23.458	1.229500	-0.000000	7.667507	0.729325	-0.000000	0.000000	
23.470	1.228375	0.000000	7.668497	0.730675	0.000000	0.000000	
23.481	1.226125	0.000000	7.668733	0.732700	-0.000000	0.020175	
23.492	1.224437	0.000000	7.668493	0.735400	0.000000	0.000000	
23.504	1.221625	0.000000	7.667941	0.738100	2.021561	0.020167	
23.515	1.219375	0.000000	7.665525	0.741475	2.034731	0.020126	
23.527	1.217125	-0.000000	7.663301	0.744850	2.015040	0.019445	
23.538	1.213187	-0.000000	7.660345	0.748225	0.000000	0.000000	
23.549	1.210375	0.000000	7.651827	0.751600	2.033075	0.000000	
23.561	1.206437	0.000000	7.646010	0.755650	2.036389	0.020142	
23.572	1.201375	0.000000	7.629853	0.759700	0.000000	0.000000	
23.584	1.197438	-0.000000	7.619009	0.763750	0.000000	0.020248	
23.595	1.193500	-0.000000	7.593173	0.769150	2.120195	0.020159	
23.607	1.187312	0.000000	7.576826	0.775225	2.008561	0.020314	
23.618	1.181687	0.000000	7.556819	0.780625	0.000000	0.000000	
23.630	1.177188	0.000000	7.501919	0.786700	2.034731	0.020257	
23.641	1.170437	0.000000	7.468039	0.793450	2.021561	0.020142	
23.652	1.164250	0.000000	7.376911	0.799525	2.035560	0.019902	
23.664	1.158625	0.000000	7.321670	0.806950	2.036389	0.020207	
23.675	1.152437	0.000000	7.196453	0.813700	2.029772	0.019870	
23.687	1.145125	0.000000	7.122215	0.821125	1.972878	0.020273	
23.698	1.138937	0.000000	7.041811	0.828550	2.035560	0.020472	
23.710	1.132750	0.000000	6.868885	0.835975	2.020744	0.020240	
23.721	1.124313	0.000000	6.771262	0.844075	2.024017	0.020248	
23.733	1.119250	-0.000000	6.559643	0.851500	2.010177	0.020167	
23.745	1.112500	0.000000	6.446142	0.858250	2.067563	0.020118	
23.756	1.104625	0.000000	6.212719	0.865000	2.030597	0.020142	
23.768	1.099563	0.000000	6.085739	0.871075	1.990956	0.000000	
23.779	1.092813	0.000000	5.955037	0.878500	2.026480	0.019659	
23.790	1.087188	0.000000	5.690691	0.885250	2.024837	0.020439	
23.802	1.081000	0.000000	5.549196	0.892000	2.045558	0.020405	
23.813	1.073688	0.000000	5.256663	0.898075	2.018295	0.000000	
23.825	1.068625	0.000000	5.106489	0.904825	2.169909	0.000000	
23.836	1.061875	0.000000	4.808980	0.911575	0.000000	0.162212	
23.848	1.056250	0.000000	4.652715	0.919000	1.998919	0.660185	
23.859	1.050625	-0.000000	4.494666	0.926425	0.000000	0.911972	
23.871	1.043875	0.000000	4.185249	0.932500	0.000000	1.345492	
23.882	1.037688	-0.000000	4.023845	0.939925	2.047235	1.548360	
23.894	1.033750	0.000000	3.698016	0.948025	2.049753	1.938847	
23.905	1.026438	0.000000	3.544631	0.955450	0.000000	2.152230	
23.917	1.020813	0.000000	3.216068	0.960850	2.022379	2.464841	
23.928	1.014625	0.000000	3.051447	0.967600	2.068419	2.238327	
23.940	1.005625	0.000000	2.731736	0.977050	4.056249	2.474371	
23.952	1.000000	-0.000000	2.566780	0.983800	2.002926	2.893610	
23.963	0.996063	0.000000	2.401544	0.989875	2.028125	3.029571	
23.974	0.986500	0.000000	2.083639	0.998650	4.067806	3.144663	
23.986	0.980875	-0.000000	1.922086	1.006750	2.057348	3.818242	
23.998	0.976375	0.000000	1.602166	1.013500	2.002123	4.278552	
24.009	0.968500	0.000000	1.443296	1.019575	2.145684	4.415641	
24.020	0.961750	0.000000	1.138282	1.027675	2.043050	4.171350	
24.032	0.957250	-0.000000	0.981948	1.036450	2.048074	4.726811	
24.043	0.951625	0.000000	0.668619	1.041850	2.015040	4.981877	
24.055	0.948250	0.000000	0.522999	1.047925	2.048913	5.443182	
24.066	0.941500	0.000000	0.368669	1.055350	2.029772	5.703007	
24.078	0.938125	-0.000000	0.058542	1.060075	2.029772	6.158309	
24.089	0.935875	0.000000	0.000000	1.064800	2.028948	6.374542	
24.101	0.930250	0.000000	0.000000	1.068850	2.024017	6.872939	
24.112	0.926313	0.000000	0.000000	1.071550	2.085684	7.108870	
24.124	0.925187	0.000000	0.000000	1.075600	0.000000	7.324636	
24.135	0.922375	0.000000	0.000000	1.078975	-0.000000	7.259273	
24.147	0.920125	-0.000000	0.000000	1.078975	0.000000	7.397466	
24.158	0.920125	-0.000000	0.000000	1.079650	-0.000000	6.914820	
24.170	0.920125	0.000000	0.000000	1.079650	0.000000	6.674438	
24.181	0.921250	1.695609	0.000000	1.078975	0.000000	6.303477	
24.193	0.924625	1.703238	0.016638	1.076275	0.000000	6.155079	
24.204	0.928563	0.000000	0.016846	1.070875	0.000000	6.011449	
24.216	0.932500	0.000000	0.016874	1.065475	0.000000	5.761051	
24.227	0.938688	1.699762	0.016998	1.060750	0.000000	5.650772	
24.239	0.943187	0.000000	0.000000	1.055350	-0.000000	5.457081	
24.250	0.948812	1.701150	0.000000	1.046575	0.000000	5.361795	
24.262	0.956688	1.688049	0.016963	1.039150	0.000000	5.177715	
24.271	0.961187	0.000000	0.016887	1.031050	0.000000	5.081166	
24.282	0.967937	3.445938	0.017194	1.020250	0.000000	4.981411	
24.294	0.979750	3.358400	0.033885	1.009450	0.000000	4.771430	
24.306	0.988187	1.587654	0.526443	1.000675	0.000000	4.658725	
24.317	0.998312	3.391218	1.240773	0.987175	0.000000	4.425432	
24.329	1.009562	1.713752	1.493486	0.973000	0.000000	4.299529	
24.340	1.019125	3.389838	2.610851	0.963550	0.000000	4.169161	
24.352	1.030375	3.358400	3.163889	0.952075	0.000000	3.900892	
24.363	1.039937	1.692852	3.645852	0.939925	0.000000	3.754702	
24.375	1.047250	1.715163	4.107275	0.929125	0.000000	3.442888	
24.386	1.059625	3.419061	4.233315	0.916300	0.000000	3.287426	
24.398	1.069188	1.682592	5.171381	0.904825	0.000000	2.937707	
24.409	1.078750	1.692164	5.516764	0.892675	0.000000	2.752709	
24.421	1.091125	3.343570	6.069521	0.881200	0.000000	2.560964	
24.432	1.103500	3.388459	6.456046	0.868375	0.000000	2.174848	
24.444	1.111938	1.698375	7.185227	0.856900	0.000000	1.966764	
24.455	1.124313	3.392600	7.249530	0.846100	0.000000	1.546875	
24.467	1.134438	3.638633	7.601046	0.835975	0.000000	1.323830	
24.479	1.142875	1.717285	7.959256	0.823150	0.000000	0.865743	
24.490	1.153563	1.721545	8.274312	0.811675	0.000000	0.628935	
24.502	1.163125	1.681234	8.264346	0.802225	0.000000	0.162363	
24.513	1.171000	1.594951	8.566564	0.791425	0.000000	0.000000	
24.525	1.180000	3.362468	8.616641	0.782650	0.000000	0.000000	
24.536	1.189563	1.695609	8.943629	0.774550	0.000000	0.000000	
24.548	1.195188	1.685998	9.273176	0.766450	0.000000	0.000000	
24.559	1.203625	3.387081	9.240292	0.757000	0.000000	0.000000	
24.571	1.210938	1.791147	9.298409	0.752275	-0.000000	0.000000	
24.582	1.216563	1.692852	9.586953	0.744850	0.000000	0.000000	
24.594	1.222750	1.681913	9.552240	0.737425	0.000000	0.000000	
24.605	1.227813	1.692852	9.510637	0.732700	-0.000000	0.000000	
24.617	1.231750	0.000000	9.522054	0.727300	0.000000	0.000000	
24.629	1.234000	-0.000000	9.430239	0.724600	0.000000	0.000000	
24.640	1.234000	-0.000000	9.028795	0.724600	0.000000	0.000000	
24.652	1.234000	0.000000	8.338042	0.724600	0.000000	0.000000	
24.663	1.234000	0.000000	8.022121	0.724600	0.000000	0.000000	
24.675	1.234000	0.000000	7.731306	0.724600	0.000000	0.000000	
24.686	1.234000	0.000000	7.230143	0.724600	0.000000	0.000000	
24.698	1.234000	0.000000	6.999858	0.724600	0.000000	0.000000	
24.709	1.234000	0.000000	6.591319	0.724600	0.000000	0.000000	
24.721	1.234000	0.000000	6.411053	0.724600	0.000000	0.000000	
24.732	1.234000	0.000000	6.103266	0.724600	0.000000	0.000000	
24.743	1.233438	-0.000000	5.964203	0.724600	0.000000	0.000000	
24.755	1.232875	-0.000000	5.837496	0.725275	0.000000	0.000000	
24.766	1.232875	-0.000000	5.625478	0.725275	0.000000	0.000000	
24.778	1.232875	0.000000	5.531556	0.725275	0.000000	0.000000	
24.789	1.232875	0.000000	5.371756	0.725950	0.000000	0.000000	
24.801	1.232313	0.000000	5.308546	0.725950	-0.000000	0.000000	
24.812	1.232313	0.000000	5.197377	0.725950	0.000000	0.000000	
24.824	1.231750	-0.000000	5.152689	0.726625	0.000000	0.000000	
24.835	1.231187	0.000000	5.117069	0.726625	0.000000	0.000000	
24.847	1.230625	-0.000000	5.058178	0.727300	0.000000	0.000000	
24.858	1.230062	-0.000000	5.037195	0.728650	0.000000	0.000000	
24.870	1.228375	0.000000	5.009962	0.729325	0.000000	0.000000	
24.881	1.227250	-0.000000	5.002634	0.730675	0.000000	0.020447	
24.893	1.225562	0.000000	5.000133	0.732700	-0.000000	0.000000	
24.904	1.223875	0.000000	5.004399	0.734725	0.000000	0.000000	
24.916	1.221625	-0.000000	5.021519	0.737425	0.000000	0.020273	
24.927	1.219375	-0.000000	5.034386	0.740800	0.000000	0.020389	
24.938	1.216563	0.000000	5.049483	0.743500	-0.000000	0.020167	
24.950	1.213187	-0.000000	5.084718	0.747550	2.016666	0.000000	
24.961	1.209813	-0.000000	5.105306	0.750925	0.000000	0.000000	
24.973	1.205875	0.000000	5.150524	0.754975	2.036389	0.000000	
24.984	1.201375	0.000000	5.172938	0.759025	0.000000	0.020175	
24.995	1.197438	-0.000000	5.196632	0.763075	0.000000	0.020289	
25.007	1.193500	0.000000	5.243364	0.767800	2.021561	0.020281	
25.018	1.187875	0.000000	5.264125	0.773875	2.030597	0.020013	
25.030	1.183938	-0.000000	5.303560	0.777925	0.000000	0.020464	
25.041	1.178875	0.000000	5.319089	0.783325	1.949785	0.000000	
25.053	1.174375	0.000000	5.339031	0.788725	2.008561	0.020298	
25.064	1.169312	0.000000	5.343349	0.793450	2.027302	0.000000	
25.076	1.164250	0.000000	5.334571	0.798850	2.059892	0.000000	
25.087	1.159750	0.000000	5.321752	0.805600	2.034731	0.000000	
25.099	1.154688	0.000000	5.303895	0.809650	2.199516	0.020498	
25.110	1.148500	-0.000000	5.246781	0.816400	2.040547	0.021166	
25.121	1.144000	-0.000000	5.212159	0.822475	2.033075	0.021229	
25.133	1.138375	0.000000	5.120748	0.827200	0.000000	0.021247	
25.144	1.132750	0.000000	5.066339	0.833950	1.945989	0.020397	
25.156	1.127125	0.000000	5.006215	0.841375	2.019111	0.021184	
25.167	1.122063	0.000000	4.874952	0.846775	2.038050	0.021347	
25.179	1.117000	0.000000	4.799456	0.852175	2.028948	0.000000	
25.190	1.109687	0.000000	4.639720	0.859600	2.043885	0.000000	
25.202	1.104625	0.000000	4.549968	0.864325	2.102355	0.021202	
25.213	1.098438	0.000000	4.358573	0.871750	2.036389	0.020364	
25.225	1.092250	-0.000000	4.256367	0.879175	2.024017	0.021429	
25.236	1.086063	0.000000	4.049572	0.885250	0.000000	0.021068	
25.246	1.079875	0.000000	3.916099	0.891325	2.028948	0.021220	
25.256	1.073688	0.000000	3.779178	0.898075	2.036389	0.020364	
25.268	1.067500	0.000000	3.660156	0.905500	1.939193	0.189220	
25.280	1.061313	0.000000	3.422767	0.912250	2.104126	0.436342	
25.291	1.054562	0.000000	3.297757	0.921025	4.061194	0.944067	
25.303	1.047812	0.000000	3.171447	0.928450	2.035560	1.194988	
25.314	1.040500	0.000000	2.922708	0.935200	2.001321	1.561822	
25.326	1.035437	0.000000	2.792159	0.943300	4.017122	1.398847	
25.337	1.029812	0.000000	2.528765	0.952750	2.036389	1.948678	
25.348	1.022500	0.000000	2.404239	0.958825	1.945231	2.186942	
25.360	1.015188	0.000000	2.136425	0.964900	2.001321	2.435431	
25.371	1.007875	0.000000	2.000685	0.973675	2.030597	2.455116	
25.383	1.000000	0.000000	1.864165	0.983125	2.026480	2.738901	
25.394	0.994375	0.000000	1.588965	0.989875	1.955890	3.298891	
25.406	0.985375	0.000000	1.459976	0.999325	4.041487	3.585406	
25.418	0.979187	-0.000000	1.187848	1.008100	2.034731	4.127455	
25.429	0.974688	0.000000	1.052579	1.014175	0.000000	4.378951	
25.440	0.967937	0.000000	0.794044	1.018225	0.000000	4.650655	
25.452	0.962313	-0.000000	0.661429	1.026325	2.037219	5.175941	
25.464	0.959500	0.000000	0.396961	1.033075	2.002926	5.436498	
25.475	0.955000	-0.000000	0.273568	1.035775	0.000000	5.845623	
25.487	0.953313	-0.000000	0.141949	1.038475	2.023198	5.595547	
25.498	0.953313	-0.000000	0.000000	1.041850	0.000000	5.275580	
25.510	0.952750	0.000000	0.000000	1.041850	-0.000000	5.518667	
25.521	0.952750	0.000000	0.000000	1.041850	0.000000	5.169992	
25.533	0.953313	0.000000	0.000000	1.041175	0.000000	5.026827	
25.544	0.955562	1.692852	0.000000	1.037800	0.000000	4.902938	
25.556	0.958938	1.747552	0.016867	1.032400	-0.000000	4.704139	
25.567	0.963437	1.701150	0.017012	1.026325	-0.000000	4.616385	
25.579	0.969625	1.718702	0.016840	1.020250	0.000000	4.466215	
25.590	0.976375	1.698375	0.250848	1.011475	0.000000	4.395774	
25.602	0.982562	1.720833	0.728289	1.004725	0.000000	4.254554	
25.613	0.990438	1.695609	0.983808	0.996625	0.000000	4.180704	
25.625	0.997750	1.697683	1.404842	0.986500	0.000000	4.030697	
25.636	1.005062	1.692852	1.606909	0.977725	-0.000000	3.948202	
25.648	1.011812	1.717994	2.452153	0.970300	0.000000	3.861634	
25.659	1.020813	1.642768	2.620472	0.960850	0.000000	3.676003	
25.671	1.028125	1.718702	2.783225	0.952075	0.000000	3.581968	
25.682	1.034312	1.694919	3.129719	0.947350	0.000000	3.366355	
25.694	1.041625	1.713752	3.394072	0.936550	0.000000	3.249774	
25.705	1.048938	1.689418	4.446747	0.925075	0.000000	3.005971	
25.717	1.056813	3.358400	4.585941	0.919675	-0.000000	2.870061	
25.728	1.065812	1.677171	4.978205	0.908875	0.000000	2.727209	
25.739	1.072000	1.697683	5.475376	0.898075	0.000000	2.422308	
25.751	1.079875	1.734451	5.635667	0.892000	0.000000	2.270323	
25.762	1.087750	1.690104	5.983204	0.884575	0.000000	1.925314	
25.774	1.095062	1.648621	6.442973	0.875125	0.000000	1.744937	
25.785	1.100688	1.696300	6.707232	0.869050	0.000000	1.380068	
25.797	1.107437	1.677847	6.849501	0.862975	0.000000	1.183258	
25.808	1.114187	1.691477	7.143847	0.854200	0.000000	0.981912	
25.820	1.120375	1.690104	7.295244	0.848800	0.000000	0.585522	
25.831	1.127687	1.696991	7.438348	0.841375	0.000000	0.377001	
25.843	1.133875	1.683953	8.158107	0.832600	0.000000	0.000000	
25.854	1.140625	1.689418	8.287325	0.825850	0.000000	0.000000	
25.866	1.147375	1.699762	8.545360	0.819100	0.000000	0.000000	
25.877	1.153563	1.651891	8.679530	0.810325	0.000000	0.000000	
25.889	1.159188	1.681234	8.951804	0.804925	-0.000000	0.000000	
25.900	1.165938	1.764583	9.080794	0.798850	0.000000	0.000000	
25.912	1.169875	1.725110	9.260077	0.792100	0.000000	0.000000	
25.923	1.176062	1.697683	9.061493	0.786025	-0.000000	0.000000	
25.935	1.182812	1.692164	9.223722	0.781300	-0.000000	0.000000	
25.946	1.186188	1.682592	9.516349	0.775225	0.000000	0.000000	
25.957	1.191813	1.655173	9.558299	0.769150	-0.000000	0.000000	
25.969	1.197438	0.000000	9.485430	0.764425	0.000000	0.000000	
25.980	1.201375	1.757138	9.237563	0.759700	-0.000000	0.000000	
25.992	1.205312	1.718702	8.903777	0.755650	-0.000000	0.000000	
26.003	1.209250	0.000000	9.124276	0.752275	-0.000000	0.000000	
26.015	1.212625	0.000000	9.259905	0.748225	-0.000000	0.000000	
26.026	1.216000	0.000000	9.316441	0.744175	-0.000000	0.000000	
26.037	1.219938	1.694229	9.188317	0.741475	0.000000	0.000000	
26.049	1.222188	-0.000000	9.221198	0.737425	-0.000000	0.000000	
26.060	1.224437	1.687365	9.377197	0.734050	-0.000000	0.000000	
26.072	1.227813	1.745355	9.124102	0.732025	0.000000	0.000000	
26.083	1.230062	-0.000000	9.287436	0.728650	-0.000000	0.000000	
26.095	1.231187	-0.000000	9.127784	0.725950	0.000000	0.000000	
26.106	1.234000	1.714457	8.824899	0.725275	-0.000000	0.000000	
26.118	1.234563	0.000000	8.669952	0.724600	-0.000000	0.000000	
26.129	1.234563	0.000000	8.424551	0.724600	0.000000	0.000000	
26.140	1.234563	0.000000	8.322339	0.724600	0.000000	0.000000	
26.152	1.234563	0.000000	8.128908	0.724600	0.000000	0.000000	
26.163	1.234563	0.000000	8.043539	0.724600	0.000000	0.000000	
26.175	1.234563	0.000000	7.964657	0.724600	0.000000	0.000000	
26.186	1.233438	0.000000	7.828006	0.724600	0.000000	0.000000	
26.197	1.231750	0.000000	7.765305	0.725950	0.000000	0.000000	
26.209	1.229500	0.000000	7.658258	0.728650	0.000000	0.000000	
26.220	1.226688	-0.000000	7.609841	0.731350	2.026480	0.020430	
26.232	1.223312	0.000000	7.565341	0.734725	2.121995	0.020289	
26.243	1.219938	0.000000	7.485936	0.738775	0.000000	0.020331	
26.255	1.217125	0.000000	7.452847	0.742825	1.972099	0.000000	
26.266	1.213187	-0.000000	7.389935	0.746875	0.000000	0.000000	
26.278	1.208125	0.000000	7.361043	0.751600	2.046396	0.020693	
26.289	1.204750	0.000000	7.307029	0.755650	2.000520	0.020718	
26.300	1.199125	0.000000	7.282930	0.761050	2.027302	0.020506	
26.312	1.194625	0.000000	7.230805	0.765100	0.000000	0.020633	
26.323	1.189563	0.000000	7.202208	0.771175	2.009368	0.020633	
26.335	1.184500	0.000000	7.173259	0.777250	2.053966	0.020565	
26.346	1.179438	-0.000000	7.101295	0.781975	0.000000	0.020523	
26.358	1.174375	0.000000	7.058847	0.788050	2.077015	0.000000	
26.369	1.168187	0.000000	6.961454	0.794125	2.060742	0.020607	
26.381	1.162562	0.000000	6.902898	0.800200	1.995726	0.000000	
26.392	1.156937	0.000000	6.769105	0.807625	0.000000	0.020582	
26.404	1.149625	0.000000	6.693512	0.814375	2.079608	0.020265	
26.415	1.142313	0.000000	6.617776	0.822475	2.025658	0.020456	
26.426	1.136688	0.000000	6.439900	0.829900	1.969767	0.020935	
26.438	1.129938	0.000000	6.343138	0.837325	4.089443	0.020616	
26.449	1.122063	0.000000	6.141308	0.845425	2.031423	0.020314	
26.461	1.117563	-0.000000	6.030467	0.851500	2.027302	0.000000	
26.473	1.109687	0.000000	5.796139	0.858925	2.090920	0.020531	
26.484	1.102375	0.000000	5.673338	0.865675	2.043050	0.020364	
26.495	1.096750	0.000000	5.547059	0.872425	2.031423	0.020248	
26.507	1.090000	0.000000	5.294108	0.880525	1.993338	0.020257	
26.518	1.082687	0.000000	5.159291	0.887950	2.039714	0.020314	
26.530	1.075375	0.000000	4.881420	0.894700	2.024017	0.020240	
26.541	1.068625	0.000000	4.738403	0.902800	2.031423	0.115368	
26.553	1.063000	0.000000	4.454760	0.909550	2.161462	0.327540	
26.564	1.056250	0.000000	4.305331	0.916975	2.026480	0.753724	
26.576	1.050063	0.000000	4.154361	0.925075	2.023198	0.983766	
26.587	1.042750	0.000000	3.857767	0.933175	2.039714	1.369682	
26.599	1.037125	0.000000	3.702953	0.939250	2.001321	1.561776	
26.610	1.032063	0.000000	3.390136	0.948700	2.037219	1.995785	
26.622	1.025313	0.000000	3.242787	0.956800	2.065853	2.283289	
26.633	1.018000	0.000000	2.926300	0.961525	0.000000	2.916555	
26.645	1.012375	0.000000	2.767489	0.968275	2.079608	3.317812	
26.656	1.003375	0.000000	2.608407	0.978400	4.192365	3.498459	
26.668	0.998875	-0.000000	2.300039	0.984475	2.033075	3.875301	
26.679	0.993813	0.000000	2.141166	0.989875	1.970544	4.082395	
26.691	0.986500	0.000000	1.837051	0.997300	2.053966	3.997655	
26.702	0.982562	0.000000	1.683144	1.003375	2.026480	4.236392	
26.714	0.978625	0.000000	1.380612	1.008100	2.022379	4.117049	
26.725	0.973562	-0.000000	1.231985	1.013500	0.000000	3.990074	
26.737	0.971313	0.000000	0.949054	1.015525	0.000000	4.210671	
26.749	0.968500	0.000000	0.806145	1.018900	2.014228	3.916853	
26.760	0.966250	-0.000000	0.664964	1.022275	-0.000000	4.289068	
26.773	0.965688	0.000000	0.397572	1.022950	0.000000	4.366518	
26.784	0.965125	0.000000	0.255163	1.022950	0.000000	4.217686	
26.796	0.965125	-0.000000	0.001984	1.022950	0.000000	4.007278	
26.807	0.965125	0.000000	0.000000	1.022950	0.000000	3.926360	
26.819	0.965688	-0.000000	0.000000	1.022950	0.000000	3.807127	
26.830	0.969625	0.000000	0.000000	1.019575	-0.000000	3.765298	
26.842	0.973000	1.684634	0.000000	1.014175	0.000000	3.728161	
26.853	0.976375	1.690104	0.006447	1.010800	0.000000	3.669703	
26.865	0.980875	1.739522	0.240474	1.006750	0.000000	3.646932	
26.876	0.985375	0.000000	0.443436	1.000675	0.000000	3.600232	
26.888	0.988750	1.678523	0.294680	0.995275	0.000000	3.573018	
26.899	0.994937	1.709530	0.539926	0.990550	0.000000	3.509324	
26.911	0.998875	1.670444	0.808024	0.985150	0.000000	3.470370	
26.922	1.003937	1.685316	1.353316	0.977725	0.000000	3.375710	
26.934	1.009562	1.700456	1.615530	0.972325	0.000000	3.320215	
26.945	1.014625	1.708829	1.638316	0.965575	0.000000	3.261817	
26.957	1.023062	1.740977	1.594823	0.956800	0.000000	3.118032	
26.968	1.027562	1.717994	1.875477	0.952750	-0.000000	3.036170	
26.979	1.032625	1.709530	2.441049	0.948700	0.000000	2.857991	
26.991	1.038250	1.686681	2.727570	0.940600	0.000000	2.757610	
27.002	1.042187	1.673128	2.859439	0.933850	0.000000	2.538030	
27.014	1.047250	1.683953	3.081275	0.929800	0.000000	2.426167	
27.025	1.054562	1.690104	3.343264	0.920350	0.000000	2.300784	
27.037	1.060187	1.684634	3.631816	0.912925	0.000000	2.033511	
27.048	1.066937	1.714457	3.932543	0.906175	0.000000	1.900337	
27.060	1.073125	1.707428	4.497636	0.898750	0.000000	1.598588	
27.071	1.079875	1.748286	4.786820	0.889975	0.000000	1.441394	
27.082	1.085500	1.665766	4.932952	0.885250	0.000000	1.123152	
27.094	1.092250	3.363826	5.212343	0.879175	0.000000	0.951261	
27.105	1.097875	0.000000	5.790451	0.871075	0.000000	0.776196	
27.117	1.102375	1.693540	6.070992	0.865675	0.000000	0.417762	
27.128	1.110250	1.713047	6.324003	0.858925	0.000000	0.244295	
27.140	1.116438	0.000000	6.840919	0.851500	0.000000	0.000000	
27.151	1.122625	1.749020	7.072135	0.845425	-0.000000	0.000000	
27.163	1.131063	3.342228	7.610007	0.837325	0.000000	0.000000	
27.174	1.137812	1.627997	8.171528	0.827875	0.000000	0.000000	
27.185	1.144000	1.694229	8.146269	0.821125	0.000000	0.000000	
27.197	1.151312	1.681234	8.349628	0.813700	0.000000	0.000000	
27.208	1.157500	1.713047	8.561175	0.805600	0.000000	0.000000	
27.220	1.163687	1.726541	8.957633	0.799525	0.000000	0.000000	
27.231	1.169875	0.000000	9.212303	0.792775	0.000000	0.000000	
27.243	1.176062	3.334200	9.891283	0.785350	-0.000000	0.000000	
27.254	1.182812	1.685316	10.038067	0.779275	0.000000	0.000000	
27.265	1.188437	0.000000	10.321418	0.773200	0.000000	0.000000	
27.277	1.193500	1.675821	10.394426	0.765775	0.000000	0.000000	
27.288	1.199687	1.699762	10.110645	0.761050	0.000000	0.000000	
27.300	1.204188	1.703238	10.103019	0.757675	-0.000000	0.000000	
27.312	1.207000	-0.000000	10.188543	0.752275	0.000000	0.000000	
27.323	1.212062	1.693540	9.697123	0.748225	0.000000	0.000000	
27.334	1.215438	1.692852	9.480289	0.745525	-0.000000	0.000000	
27.346	1.216000	0.000000	9.160543	0.744175	0.000000	0.000000	
27.357	1.216563	-0.000000	9.325864	0.743500	-0.000000	0.000000	
27.368	1.216563	0.000000	9.144263	0.743500	0.000000	0.000000	
27.380	1.216563	0.000000	8.822742	0.743500	0.000000	0.000000	
27.391	1.217125	-0.000000	8.688788	0.742825	-0.000000	0.000000	
27.403	1.217125	0.000000	8.430697	0.742825	0.000000	0.000000	
27.414	1.217125	0.000000	8.313524	0.742825	0.000000	0.000000	
27.425	1.217125	0.000000	8.107648	0.742825	0.000000	0.000000	
27.437	1.217125	0.000000	8.011417	0.742825	0.000000	0.000000	
27.448	1.217125	0.000000	7.921732	0.742825	0.000000	0.000000	
27.459	1.217125	0.000000	7.764952	0.742825	0.000000	0.000000	
27.471	1.217125	0.000000	7.692423	0.742825	0.000000	0.000000	
27.482	1.217125	0.000000	7.562318	0.742825	0.000000	0.000000	
27.494	1.217125	0.000000	7.507831	0.742825	0.000000	0.000000	
27.505	1.217125	0.000000	7.403824	0.742825	0.000000	0.000000	
27.516	1.216000	-0.000000	7.357899	0.743500	-0.000000	0.000000	
27.528	1.214875	0.000000	7.315638	0.744850	-0.000000	0.000000	
27.539	1.212625	0.000000	7.243773	0.746875	0.000000	0.000000	
27.551	1.210375	-0.000000	7.211061	0.748900	0.000000	0.000000	
27.562	1.208125	-0.000000	7.155049	0.751600	0.000000	0.020134	
27.573	1.204750	0.000000	7.129607	0.754975	0.000000	0.000000	
27.585	1.201375	-0.000000	7.084501	0.758350	0.000000	0.000000	
27.596	1.197438	0.000000	7.064302	0.762400	2.030597	0.000000	
27.608	1.192937	0.000000	7.046455	0.767125	2.082208	0.020207	
27.619	1.186750	0.000000	7.010499	0.773200	2.061592	0.000000	
27.631	1.182812	-0.000000	6.992376	0.778600	2.007754	0.000000	
27.642	1.176062	0.000000	6.954876	0.785350	2.005337	0.020167	
27.654	1.169312	0.000000	6.932197	0.792100	2.030597	0.019957	
27.665	1.163125	0.000000	6.874755	0.799525	2.022379	0.020257	
27.676	1.156375	0.000000	6.840778	0.807625	2.030597	0.020397	
27.688	1.148500	0.000000	6.798979	0.815725	4.097826	0.020216	
27.699	1.140062	0.000000	6.697593	0.824500	2.038050	0.020298	
27.711	1.133312	0.000000	6.637655	0.833275	3.902615	0.020142	
27.722	1.124313	0.000000	6.504148	0.842725	2.010177	0.040220	
27.734	1.117000	0.000000	6.425947	0.850825	2.021561	0.020289	
27.745	1.109125	0.000000	6.257129	0.859600	2.037219	0.020322	
27.757	1.100688	0.000000	6.161268	0.867025	2.007754	0.020216	
27.768	1.092813	0.000000	6.059747	0.876475	4.111311	0.040382	
27.780	1.086063	0.000000	5.839792	0.885250	3.899570	0.020693	
27.791	1.077062	0.000000	5.722168	0.893350	2.028125	0.020523	
27.803	1.069188	0.000000	5.472665	0.900775	2.070132	0.020701	
27.814	1.062438	0.000000	5.341247	0.910900	4.082760	0.198168	
27.826	1.055125	0.000000	5.067008	0.919000	2.059892	0.478223	
27.837	1.046125	0.000000	4.924350	0.928450	2.011795	1.696498	
27.849	1.039375	0.000000	4.787523	0.936550	2.011795	1.818522	
27.860	1.033188	0.000000	4.485555	0.946000	2.024017	2.103300	
27.872	1.025875	0.000000	4.330653	0.955450	2.000520	2.240432	
27.883	1.017437	0.000000	4.023966	0.962875	2.038050	2.425631	
27.895	1.010125	0.000000	3.862579	0.969625	4.091117	2.079204	
27.906	1.000563	0.000000	3.533683	0.981100	2.035560	2.006295	
27.918	0.995500	-0.000000	3.376966	0.989875	2.024837	3.307505	
27.929	0.987625	0.000000	3.209484	0.995950	2.028948	3.405678	
27.941	0.979750	0.000000	2.873822	1.004725	1.992543	3.376916	
27.952	0.975250	-0.000000	2.706766	1.014175	0.000000	3.636344	
27.964	0.968500	0.000000	2.382288	1.018225	2.007754	4.449164	
27.975	0.960625	0.000000	2.213337	1.025650	2.032248	4.660908	
27.987	0.957250	-0.000000	1.886598	1.035100	2.034731	4.954162	
27.998	0.952750	-0.000000	1.716735	1.040500	2.033903	5.708614	
28.010	0.949375	0.000000	1.376107	1.044550	2.015040	5.864991	
28.021	0.943750	0.000000	1.206690	1.051300	2.020744	6.242665	
28.033	0.940938	-0.000000	1.046977	1.054675	-0.000000	6.415785	
28.044	0.940375	-0.000000	0.705146	1.055350	-0.000000	6.712641	
28.055	0.938125	0.000000	0.536755	1.058725	2.029772	6.426373	
28.067	0.938125	0.000000	0.211479	1.059400	0.000000	5.902500	
28.079	0.938125	0.000000	0.046356	1.059400	0.000000	5.682938	
28.090	0.938125	0.000000	0.000000	1.059400	0.000000	5.487268	
28.102	0.939812	0.000000	0.000000	1.057375	0.000000	5.169807	
28.113	0.943750	0.000000	0.016935	1.051975	0.000000	5.033322	
28.125	0.947688	1.630547	0.016833	1.045900	0.000000	4.802100	
28.136	0.954437	3.373363	0.000000	1.040500	-0.000000	4.708632	
28.148	0.959500	0.000000	0.000000	1.032400	0.000000	4.528224	
28.159	0.964000	1.699762	0.016812	1.022275	0.000000	4.441611	
28.171	0.974125	3.374729	0.016887	1.014850	0.000000	4.274879	
28.182	0.981438	1.720833	0.034672	1.007425	0.000000	4.186181	
28.194	0.986500	1.715870	0.858565	0.998650	0.000000	4.094974	
28.205	0.996625	1.673128	1.106555	0.987850	0.000000	3.910267	
28.217	1.003375	1.688733	1.295414	0.979750	0.000000	3.809093	
28.228	1.009562	1.687365	1.731995	0.970975	0.000000	3.595953	
28.240	1.019125	3.396750	1.945675	0.961525	0.000000	3.483356	
28.251	1.029250	1.690790	2.858707	0.951400	0.000000	3.250387	
28.263	1.034875	1.670444	3.411699	0.944650	0.000000	3.123475	
28.274	1.044438	3.385704	3.845740	0.931825	0.000000	2.991178	
28.286	1.053437	3.484867	4.422105	0.921025	0.000000	2.716866	
28.297	1.060750	1.699762	5.443757	0.913600	0.000000	2.567508	
28.309	1.069750	3.301162	5.538703	0.902125	0.000000	2.252342	
28.320	1.077625	1.694229	5.645290	0.892000	0.000000	2.098711	
28.332	1.084375	1.683272	5.900409	0.886600	-0.000000	1.756110	
28.343	1.093375	1.697683	6.051776	0.877150	0.000000	1.577202	
28.355	1.099563	0.000000	6.306270	0.869050	0.000000	1.221968	
28.366	1.105188	1.693540	6.382948	0.862300	0.000000	1.033908	
28.377	1.113625	1.692164	6.460881	0.854875	0.000000	0.842189	
28.389	1.120937	1.721545	6.972684	0.847450	-0.000000	0.451193	
28.401	1.127125	1.697683	7.112332	0.840700	0.000000	0.265264	
28.412	1.134438	1.709530	7.417443	0.831925	0.000000	0.000000	
28.423	1.142313	1.687365	7.586472	0.823150	0.000000	0.000000	
28.435	1.149063	1.685316	7.841121	0.815725	0.000000	0.000000	
28.446	1.155813	1.715163	7.985704	0.807625	-0.000000	0.000000	
28.458	1.162000	1.698375	8.279525	0.801550	-0.000000	0.000000	
28.469	1.167625	0.000000	8.393025	0.794800	0.000000	0.000000	
28.481	1.172688	1.716577	8.470190	0.788050	0.000000	0.000000	
28.493	1.179438	1.694919	8.441813	0.782650	0.000000	0.000000	
28.504	1.184500	1.677171	8.586212	0.777925	-0.000000	0.000000	
28.515	1.187875	1.694919	8.893823	0.771850	0.000000	0.000000	
28.527	1.193500	1.701150	9.074944	0.767125	0.000000	0.000000	
28.538	1.198000	1.699762	9.307144	0.763075	-0.000000	0.000000	
28.550	1.200812	0.000000	9.054598	0.758350	0.000000	0.000000	
28.561	1.205875	1.695609	8.808733	0.754975	0.000000	0.000000	
28.573	1.208125	-0.000000	8.844184	0.752275	0.000000	0.000000	
28.584	1.210375	0.000000	9.038835	0.748900	0.000000	0.000000	
28.595	1.213750	1.689418	8.946677	0.746200	0.000000	0.000000	
28.607	1.214875	0.000000	8.740452	0.744850	0.000000	0.000000	
28.618	1.217687	1.690104	8.381557	0.742150	0.000000	0.000000	
28.630	1.219938	0.000000	8.251529	0.739450	-0.000000	0.000000	
28.641	1.220500	-0.000000	8.092398	0.738775	0.000000	0.000000	
28.652	1.222188	1.694229	7.863955	0.736750	0.000000	0.000000	
28.664	1.223312	0.000000	7.748426	0.735400	0.000000	0.000000	
28.675	1.224437	1.700456	7.566941	0.734050	-0.000000	0.000000	
28.687	1.225000	-0.000000	7.489140	0.733375	-0.000000	0.000000	
28.698	1.225000	-0.000000	7.357465	0.732700	-0.000000	0.000000	
28.710	1.225562	0.000000	7.297934	0.732700	-0.000000	0.000000	
28.721	1.225562	-0.000000	7.596301	0.732700	0.000000	0.000000	
28.733	1.225562	0.000000	7.526700	0.732700	0.000000	0.000000	
28.744	1.225562	0.000000	7.467120	0.732700	0.000000	0.000000	
28.756	1.225562	0.000000	7.357300	0.732700	0.000000	0.000000	
28.768	1.225562	0.000000	7.310389	0.732700	0.000000	0.000000	
28.779	1.225562	0.000000	7.232900	0.732700	0.000000	0.000000	
28.790	1.225562	0.000000	7.199209	0.732700	0.000000	0.000000	
28.802	1.225562	0.000000	7.142977	0.732700	0.000000	0.000000	
28.814	1.225000	0.000000	7.121116	0.732700	0.000000	0.000000	
28.825	1.221625	0.000000	7.100590	0.735400	2.047235	0.000000	
28.836	1.217687	0.000000	7.067893	0.740800	2.025658	0.020248	
28.848	1.210938	0.000000	7.056295	0.748900	2.040547	0.020331	
28.860	1.200250	0.000000	7.038038	0.758350	2.019111	0.040513	
28.871	1.186750	0.000000	7.031270	0.773200	4.091117	0.040366	
28.883	1.170437	0.000000	7.019313	0.792100	6.084373	0.060844	
28.894	1.146813	0.000000	7.010464	0.817075	8.050422	0.060427	
28.906	1.119250	0.000000	6.977649	0.848125	10.083331	0.080634	
28.918	1.090000	0.000000	6.951458	0.880525	7.992482	0.490222	
28.929	1.060187	0.000000	6.919209	0.911575	8.132301	1.949209	
28.941	1.036000	0.000000	6.822729	0.939250	8.047180	4.726293	
28.952	1.018000	0.000000	6.759335	0.966250	6.156837	5.595596	
28.964	1.001125	0.000000	6.610673	0.981100	2.061592	7.411762	
28.975	0.987063	0.000000	6.520448	0.992575	4.046396	7.476377	
28.987	0.986500	-0.000000	6.315840	1.000000	0.000000	7.147454	
28.998	0.985937	0.000000	6.209795	1.000675	0.000000	6.509507	
29.010	0.985937	-0.000000	5.967323	0.998650	0.000000	5.769626	
29.021	0.992688	3.389838	5.852098	0.990550	0.000000	4.474479	
29.033	1.002813	3.399523	5.849500	0.979750	0.000000	3.945789	
29.044	1.009562	1.692852	6.682720	0.970300	0.000000	2.960292	
29.056	1.021937	5.057995	6.872436	0.958150	0.000000	2.527302	
29.067	1.036000	1.690104	7.744665	0.944650	0.000000	1.777158	
29.079	1.044438	3.359755	8.515025	0.931150	0.000000	1.429952	
29.090	1.056813	3.365185	8.747256	0.914950	0.000000	1.104736	
29.102	1.072562	3.289428	9.278441	0.900100	0.000000	0.523472	
29.113	1.082125	1.695609	10.010779	0.887275	0.000000	0.244418	
29.125	1.096187	5.023421	10.329800	0.872425	0.000000	0.000000	
29.137	1.107437	1.706728	10.754639	0.862300	0.000000	0.000000	
29.148	1.110813	0.000000	11.119206	0.856225	-0.000000	0.000000	
29.160	1.115875	1.689418	10.670118	0.851500	0.000000	0.000000	
29.171	1.120375	-0.000000	10.472634	0.848800	-0.000000	0.000000	
29.183	1.120937	0.000000	10.312568	0.846775	0.000000	0.000000	
29.194	1.123188	1.684634	9.872147	0.844075	-0.000000	0.000000	
29.205	1.126000	1.587654	9.829078	0.842050	0.000000	0.000000	
29.217	1.127125	1.685316	9.758289	0.839350	-0.000000	0.000000	
29.228	1.131625	1.693540	9.214341	0.833950	0.000000	0.000000	
29.240	1.137250	1.683272	8.884230	0.829225	0.000000	0.000000	
29.251	1.141750	0.000000	8.954590	0.823150	0.000000	0.000000	
29.263	1.147938	1.763836	8.983070	0.815725	0.000000	0.000000	
29.274	1.154125	1.688733	8.999322	0.809650	-0.000000	0.000000	
29.286	1.158625	0.000000	8.935937	0.804925	-0.000000	0.000000	
29.297	1.164250	1.701150	8.586956	0.797500	0.000000	0.000000	
29.309	1.168187	1.730127	8.422609	0.794125	-0.000000	0.000000	
29.320	1.172125	0.000000	8.433412	0.788725	0.000000	0.000000	
29.332	1.177188	1.717994	7.832515	0.784000	-0.000000	0.000000	
29.343	1.181125	0.000000	7.636993	0.780625	0.000000	0.000000	
29.355	1.184500	1.701150	7.433372	0.775900	0.000000	0.000000	
29.366	1.189000	1.711638	7.261230	0.771175	-0.000000	0.000000	
29.377	1.192937	1.694919	7.455575	0.767800	-0.000000	0.000000	
29.389	1.196313	1.715870	7.409183	0.763750	0.000000	0.000000	
29.400	1.200250	1.698375	7.527561	0.759025	0.000000	0.000000	
29.412	1.204188	0.000000	7.575146	0.755650	0.000000	0.000000	
29.423	1.207000	1.801997	7.696424	0.752950	-0.000000	0.000000	
29.434	1.209250	1.669774	7.342544	0.750250	0.000000	0.000000	
29.446	1.210938	0.000000	7.553963	0.748900	0.000000	0.000000	
29.457	1.211500	-0.000000	7.712532	0.748225	0.000000	0.000000	
29.469	1.211500	0.000000	7.317669	0.747550	-0.000000	0.000000	
29.480	1.212062	-0.000000	7.154192	0.747550	-0.000000	0.000000	
29.492	1.212062	0.000000	6.881314	0.746875	0.000000	0.000000	
29.503	1.212625	0.000000	6.760600	0.746200	0.000000	0.000000	
29.515	1.213187	0.000000	6.631245	0.746200	-0.000000	0.000000	
29.526	1.213750	0.000000	6.898651	0.745525	0.000000	0.000000	
29.537	1.214875	1.724396	6.771454	0.744850	0.000000	0.000000	
29.549	1.215438	0.000000	6.582263	0.744175	-0.000000	0.000000	
29.560	1.216563	0.000000	6.500742	0.742825	0.000000	0.000000	
29.572	1.217125	0.000000	6.365427	0.742150	-0.000000	0.000000	
29.583	1.217125	0.000000	6.306425	0.742150	-0.000000	0.000000	
29.594	1.217687	-0.000000	6.208486	0.742150	0.000000	0.000000	
29.606	1.217687	0.000000	6.171000	0.742150	0.000000	0.000000	
29.617	1.217687	0.000000	6.136710	0.742150	0.000000	0.000000	
29.629	1.214313	0.000000	6.083505	0.744175	0.000000	0.020216	
29.640	1.205312	0.000000	6.063883	0.753625	4.084429	0.020298	
29.651	1.195750	0.000000	6.037670	0.763750	2.020744	0.020207	
29.663	1.180562	0.000000	6.030468	0.779275	6.096745	0.040382	
29.674	1.156375	0.000000	6.021242	0.805600	6.094268	0.060671	
29.686	1.132750	0.000000	6.012794	0.833275	8.212489	0.079354	
29.697	1.100125	0.000000	5.999868	0.868375	10.190250	0.081522	
29.709	1.070313	0.000000	5.955745	0.900100	8.132301	1.766510	
29.720	1.042750	0.000000	5.919227	0.931825	8.182234	3.106165	
29.731	1.022500	0.000000	5.814353	0.958825	6.084373	5.324595	
29.743	1.003375	0.000000	5.752002	0.979750	4.052959	6.375164	
29.754	0.987063	0.000000	5.591349	0.993250	4.057896	6.899208	
29.766	0.984250	-0.000000	5.499763	1.001350	2.045558	7.050513	
29.778	0.983125	-0.000000	5.407861	1.003375	-0.000000	6.670744	
29.789	0.983125	0.000000	5.192845	1.003375	0.000000	5.189456	
29.800	0.986500	1.703935	5.074587	0.997975	0.000000	4.541724	
29.812	0.994937	3.392600	5.364932	0.988525	0.000000	3.441874	
29.823	1.002250	1.601083	5.980252	0.979750	0.000000	2.947295	
29.835	1.009000	1.684634	6.349166	0.970975	0.000000	2.494867	
29.846	1.023062	5.072371	6.601211	0.956800	0.000000	1.716875	
29.860	1.037688	3.371997	8.032442	0.941950	0.000000	1.024284	
29.870	1.047250	3.399523	8.454647	0.927775	0.000000	0.656401	
29.881	1.064687	5.062094	8.554236	0.906175	0.000000	0.365330	
29.893	1.080438	3.366545	9.372244	0.889975	0.000000	0.087678	
29.904	1.093938	3.382954	10.081594	0.875125	0.000000	0.000000	
29.916	1.109125	3.343570	10.423492	0.858250	0.000000	0.000000	
29.927	1.120937	3.389838	10.935123	0.846775	0.000000	0.000000	
29.939	1.128250	1.679200	10.776731	0.839350	0.000000	0.000000	
29.950	1.137812	1.702541	10.961872	0.827200	0.000000	0.000000	
29.962	1.145125	1.687365	11.245136	0.818425	0.000000	0.000000	
29.973	1.153000	1.692164	11.319645	0.810325	0.000000	0.000000	
29.985	1.161438	3.362468	11.237496	0.800875	0.000000	0.000000	
29.996	1.169312	1.693540	11.516084	0.792100	0.000000	0.000000	
30.008	1.174375	1.683272	11.468799	0.786025	0.000000	0.000000	
30.019	1.182812	1.702541	10.990319	0.778600	0.000000	0.000000	
30.031	1.188437	1.687365	10.786121	0.772525	0.000000	0.000000	
30.042	1.192937	1.696300	10.700103	0.766450	0.000000	0.000000	
30.054	1.198000	0.000000	10.609389	0.761050	0.000000	0.000000	
30.065	1.203063	1.692164	10.556581	0.757000	-0.000000	0.000000	
30.077	1.206437	1.717994	9.999006	0.752950	0.000000	0.000000	
30.088	1.211500	1.625455	9.581125	0.748225	-0.000000	0.000000	
30.100	1.215438	0.000000	9.254899	0.744175	-0.000000	0.000000	
30.111	1.217687	0.000000	9.370772	0.741475	-0.000000	0.000000	
30.123	1.221625	0.000000	9.397360	0.736750	0.000000	0.000000	
30.134	1.222750	-0.000000	9.120275	0.734725	0.000000	0.000000	
30.146	1.223875	0.000000	8.800583	0.734050	-0.000000	0.000000	
30.157	1.226125	1.686681	8.523486	0.732025	0.000000	0.000000	
30.168	1.226125	-0.000000	8.003596	0.731350	-0.000000	0.000000	
30.180	1.226125	0.000000	7.774332	0.731350	0.000000	0.000000	
30.191	1.226688	0.000000	7.370316	0.730675	-0.000000	0.000000	
30.203	1.226688	0.000000	7.202869	0.730675	0.000000	0.000000	
30.214	1.226688	0.000000	6.887777	0.730000	-0.000000	0.000000	
30.225	1.227250	0.000000	6.750329	0.730000	0.000000	0.000000	
30.237	1.227250	0.000000	6.624981	0.730000	0.000000	0.000000	
30.248	1.227250	0.000000	6.413363	0.730000	0.000000	0.000000	
30.259	1.227250	0.000000	6.319345	0.730000	0.000000	0.000000	
30.271	1.227250	0.000000	6.162184	0.730000	0.000000	0.000000	
30.282	1.227250	0.000000	6.092864	0.730000	0.000000	0.000000	
30.294	1.227250	0.000000	5.975259	0.730000	0.000000	0.000000	
30.305	1.227250	0.000000	5.925945	0.730000	0.000000	0.000000	
30.317	1.227250	0.000000	5.884689	0.730000	0.000000	0.000000	
30.328	1.227250	0.000000	5.811759	0.730000	0.000000	0.000000	
30.339	1.227250	0.000000	5.781976	0.730000	0.000000	0.000000	
30.351	1.227250	0.000000	5.736720	0.730000	0.000000	0.000000	
30.362	1.227250	0.000000	5.719032	0.730000	0.000000	0.000000	
30.373	1.227250	0.000000	5.694492	0.730000	0.000000	0.000000	
30.385	1.226688	-0.000000	5.687204	0.730000	0.000000	0.000000	
30.396	1.225562	-0.000000	5.682376	0.730675	-0.000000	0.000000	
30.408	1.225000	0.000000	5.680519	0.731350	-0.000000	0.000000	
30.419	1.223875	0.000000	5.683149	0.732700	0.000000	0.000000	
30.430	1.222750	0.000000	5.692828	0.734050	-0.000000	0.000000	
30.442	1.221625	0.000000	5.700337	0.735400	0.000000	0.020191	
30.453	1.219938	-0.000000	5.709336	0.738100	2.033075	0.000000	
30.465	1.217687	-0.000000	5.730033	0.740125	-0.000000	0.020298	
30.476	1.214875	0.000000	5.741675	0.742825	0.000000	0.000000	
30.488	1.212625	-0.000000	5.767445	0.746200	0.000000	0.020118	
30.499	1.209813	-0.000000	5.780231	0.749575	0.000000	0.000000	
30.510	1.205875	0.000000	5.808642	0.752275	2.028948	0.020078	
30.522	1.201938	0.000000	5.822922	0.756325	0.000000	0.000000	
30.533	1.198563	0.000000	5.849901	0.760375	0.000000	0.000000	
30.545	1.195750	-0.000000	5.863441	0.763075	0.000000	0.000000	
30.556	1.190125	0.000000	5.875303	0.768475	2.033903	0.020430	
30.568	1.187312	-0.000000	5.892790	0.772525	0.000000	0.020257	
30.579	1.183375	0.000000	5.898257	0.776575	2.025658	0.020289	
30.590	1.178313	0.000000	5.898858	0.781300	2.041380	0.000000	
30.602	1.174937	0.000000	5.893050	0.786025	2.106787	0.020216	
30.613	1.170437	0.000000	5.883862	0.790075	0.000000	0.020167	
30.625	1.165938	-0.000000	5.851652	0.794125	2.001321	0.020322	
30.636	1.162562	-0.000000	5.828846	0.800200	2.030597	0.000000	
30.648	1.158062	0.000000	5.771490	0.804250	0.000000	0.020207	
30.659	1.152437	0.000000	5.734614	0.808975	2.028948	0.020167	
30.670	1.147938	0.000000	5.644706	0.815050	2.025658	0.019917	
30.682	1.144000	0.000000	5.595222	0.820450	0.000000	0.020167	
30.694	1.137812	0.000000	5.474330	0.824500	0.000000	0.000000	
30.705	1.133312	-0.000000	5.406063	0.832600	2.029772	0.020331	
30.717	1.127687	0.000000	5.333152	0.839350	2.030597	0.020248	
30.728	1.122063	0.000000	5.178936	0.843400	0.000000	0.020029	
30.740	1.116438	0.000000	5.093053	0.850825	2.043885	0.020331	
30.751	1.110250	0.000000	4.909407	0.857575	2.026480	0.000000	
30.762	1.105188	0.000000	4.818395	0.860950	0.000000	0.000000	
30.774	1.099000	0.000000	4.614271	0.868375	2.028125	0.000000	
30.786	1.092813	0.000000	4.507580	0.875800	2.032248	0.020839	
30.797	1.087188	0.000000	4.397774	0.881875	2.033903	0.020142	
30.809	1.080438	0.000000	4.177676	0.888625	2.045558	0.020289	
30.820	1.073688	0.000000	4.060050	0.896050	2.028948	0.020273	
30.832	1.069188	0.000000	3.825502	0.900775	0.000000	0.020232	
30.843	1.063000	0.000000	3.701407	0.907525	2.027302	0.031292	
30.855	1.058500	-0.000000	3.447793	0.913600	0.000000	0.000000	
30.866	1.052875	0.000000	3.318501	0.920350	0.000000	0.473436	
30.878	1.046687	0.000000	3.064239	0.927775	2.019927	0.681554	
30.889	1.039937	0.000000	2.930764	0.933850	1.965893	0.838806	
30.901	1.036562	-0.000000	2.796114	0.940600	2.024017	1.154174	
30.912	1.030938	0.000000	2.533200	0.948025	0.000000	1.714281	
30.924	1.024750	0.000000	2.396873	0.954100	0.000000	1.995359	
30.935	1.020250	0.000000	2.122834	0.959500	0.000000	2.570424	
30.947	1.014625	0.000000	1.994359	0.965575	2.065000	2.744332	
30.958	1.006750	0.000000	1.720182	0.972325	0.000000	2.591291	
30.970	1.001125	-0.000000	1.582737	0.980425	2.033903	3.186038	
30.981	0.997187	0.000000	1.436921	0.985825	2.033903	3.484284	
30.993	0.989875	0.000000	1.172326	0.991900	2.073568	3.960213	
31.004	0.984812	-0.000000	1.038459	0.999325	2.031423	4.211527	
31.016	0.982000	0.000000	0.775603	1.004050	1.998919	4.627770	
31.027	0.975250	0.000000	0.646637	1.009450	0.000000	4.379271	
31.039	0.972438	-0.000000	0.400962	1.014175	0.000000	4.164014	
31.050	0.969063	0.000000	0.276729	1.016875	0.000000	4.280090	
31.062	0.965125	0.000000	0.153830	1.021600	2.031423	4.224798	
31.073	0.962875	0.000000	0.000000	1.026325	2.033903	4.855918	
31.085	0.960625	0.000000	0.000000	1.027675	-0.000000	5.190254	
31.096	0.958375	-0.000000	0.000000	1.029700	0.000000	5.346377	
31.108	0.957812	-0.000000	0.000000	1.031050	0.000000	5.566433	
31.119	0.957812	0.000000	0.000000	1.031050	0.000000	5.242386	
31.131	0.957812	0.000000	0.000000	1.031050	0.000000	5.109452	
31.142	0.960625	1.663770	0.016638	1.028350	0.000000	5.000251	
31.154	0.965688	1.683953	0.016819	1.022950	0.000000	4.809631	
31.165	0.970187	0.000000	0.016344	1.016200	0.000000	4.729616	
31.177	0.974688	0.000000	0.016073	1.011475	0.000000	4.593513	
31.188	0.981438	1.692852	0.016664	1.005400	0.000000	4.528132	
31.200	0.987063	1.677847	0.127093	0.997300	0.000000	4.393237	
31.211	0.993813	1.710935	0.049488	0.989200	0.000000	4.327020	
31.223	1.001125	1.622921	0.571532	0.981775	0.000000	4.253688	
31.234	1.009562	1.644065	0.823035	0.970975	0.000000	4.095357	
31.246	1.017437	3.389838	1.067270	0.961525	0.000000	4.010116	
31.257	1.029250	1.690104	2.027970	0.950725	0.000000	3.826357	
31.269	1.036000	1.936037	2.561237	0.942625	0.000000	3.721298	
31.281	1.045000	1.697683	3.028230	0.929125	0.000000	3.588576	
31.292	1.055688	3.512793	3.570498	0.918325	0.000000	3.348755	
31.303	1.061875	1.692852	3.723341	0.910900	0.000000	3.214032	
31.315	1.070313	1.688049	4.098548	0.899425	0.000000	2.926302	
31.326	1.080438	3.374729	4.318022	0.889300	0.000000	2.783373	
31.338	1.088313	3.376097	5.375396	0.881875	0.000000	2.456336	
31.349	1.099000	1.690104	5.609990	0.869725	0.000000	2.283700	
31.361	1.107437	1.720833	6.610970	0.859600	0.000000	2.106333	
31.372	1.116438	1.673801	6.710927	0.850825	0.000000	1.741959	
31.384	1.126000	1.717994	7.366154	0.842050	0.000000	1.544083	
31.395	1.134438	1.695609	7.455369	0.829900	0.000000	1.148133	
31.407	1.142313	1.708829	7.564688	0.821800	0.000000	0.935608	
31.418	1.151875	1.689418	7.803896	0.812350	0.000000	0.492391	
31.429	1.159750	1.675821	8.000202	0.801550	0.000000	0.263204	
31.441	1.167063	3.373363	8.525073	0.794800	0.000000	0.000000	
31.452	1.173813	1.764583	8.629287	0.787375	0.000000	0.000000	
31.464	1.180562	1.671785	8.816351	0.779275	0.000000	0.000000	
31.475	1.187312	1.683272	8.925940	0.773875	-0.000000	0.000000	
31.487	1.192375	1.743893	9.019513	0.767125	0.000000	0.000000	
31.498	1.198000	1.663770	9.158227	0.760375	0.000000	0.000000	
31.509	1.203063	0.000000	8.937508	0.756325	0.000000	0.000000	
31.521	1.207000	0.000000	9.205286	0.752275	0.000000	0.000000	
31.532	1.212062	1.699068	9.251436	0.746875	-0.000000	0.000000	
31.544	1.215438	0.000000	9.025986	0.744175	-0.000000	0.000000	
31.555	1.218250	1.722969	9.300369	0.740800	0.000000	0.000000	
31.566	1.222188	1.712342	9.457490	0.735400	-0.000000	0.000000	
31.578	1.223312	0.000000	9.209923	0.733375	0.000000	0.000000	
31.589	1.225562	0.000000	8.948188	0.732025	-0.000000	0.000000	
31.601	1.226125	-0.000000	8.497294	0.731350	0.000000	0.000000	
31.612	1.226125	0.000000	8.290069	0.731350	0.000000	0.000000	
31.623	1.226125	0.000000	8.098877	0.731350	0.000000	0.000000	
31.635	1.226125	0.000000	7.770925	0.731350	0.000000	0.000000	
31.646	1.226125	0.000000	7.620884	0.731350	0.000000	0.000000	
31.658	1.226125	0.000000	7.351260	0.731350	0.000000	0.000000	
31.669	1.226125	0.000000	7.236991	0.731350	0.000000	0.000000	
31.680	1.226125	0.000000	7.017663	0.731350	0.000000	0.000000	
31.692	1.226125	0.000000	6.919118	0.731350	0.000000	0.000000	
31.703	1.226125	0.000000	6.833216	0.731350	0.000000	0.000000	
31.715	1.226125	0.000000	6.669225	0.731350	0.000000	0.000000	
31.726	1.226125	0.000000	6.596585	0.731350	0.000000	0.000000	
31.737	1.226125	0.000000	6.472103	0.731350	0.000000	0.000000	
31.749	1.226125	0.000000	6.415834	0.731350	0.000000	0.000000	
31.760	1.226125	0.000000	6.317508	0.731350	0.000000	0.000000	
31.772	1.226125	0.000000	6.277773	0.731350	0.000000	0.000000	
31.783	1.226125	0.000000	6.239472	0.731350	0.000000	0.000000	
31.795	1.226125	0.000000	6.175224	0.731350	0.000000	0.000000	
31.806	1.225000	-0.000000	6.149013	0.731350	0.000000	0.000000	
31.817	1.224437	-0.000000	6.108534	0.732025	-0.000000	0.000000	
31.829	1.224437	0.000000	6.092369	0.732700	0.000000	0.000000	
31.840	1.223312	0.000000	6.068231	0.733375	2.037219	0.000000	
31.852	1.222188	0.000000	6.060227	0.734050	2.090920	0.000000	
31.863	1.221625	-0.000000	6.054038	0.734725	0.000000	0.000000	
31.874	1.221063	-0.000000	6.048356	0.735400	-0.000000	0.000000	
31.886	1.220500	-0.000000	6.048127	0.736750	0.000000	0.000000	
31.897	1.219375	0.000000	6.052046	0.738100	-0.000000	0.000000	
31.909	1.218250	-0.000000	6.055880	0.739450	0.000000	0.000000	
31.920	1.217125	-0.000000	6.066099	0.740800	0.000000	0.000000	
31.932	1.215438	0.000000	6.072728	0.742825	2.039714	0.000000	
31.943	1.213750	0.000000	6.080022	0.744850	2.018295	0.000000	
31.954	1.211500	-0.000000	6.096281	0.746875	2.060742	0.000000	
31.966	1.209813	0.000000	6.104558	0.748225	0.000000	0.000000	
31.977	1.208125	0.000000	6.123140	0.750925	0.000000	0.020314	
31.989	1.205312	-0.000000	6.132682	0.752950	0.000000	0.020150	
32.000	1.202500	-0.000000	6.152245	0.756325	2.028125	0.020289	
32.012	1.200250	0.000000	6.162561	0.758350	0.000000	0.000000	
32.023	1.198000	0.000000	6.172892	0.760375	-0.000000	0.000000	
32.035	1.195188	0.000000	6.191369	0.763750	2.010177	0.000000	
32.046	1.192375	-0.000000	6.200830	0.766450	2.071849	0.000000	
32.057	1.190125	-0.000000	6.216815	0.768475	-0.000000	0.000000	
32.069	1.187312	0.000000	6.222894	0.771850	0.000000	0.000000	
32.081	1.183938	-0.000000	6.231583	0.775225	-0.000000	0.019886	
32.092	1.181125	0.000000	6.234038	0.778600	0.000000	0.020322	
32.103	1.178313	-0.000000	6.235603	0.781975	0.000000	0.000000	
32.115	1.174375	0.000000	6.235245	0.786025	2.023198	0.000000	
32.127	1.170437	0.000000	6.233238	0.789400	2.002123	0.020265	
32.138	1.167625	-0.000000	6.226289	0.792775	0.000000	0.000000	
32.149	1.163687	-0.000000	6.221048	0.797500	0.000000	0.020134	
32.161	1.159750	0.000000	6.204760	0.802225	2.091795	0.020207	
32.173	1.155813	0.000000	6.192750	0.806275	0.000000	0.000000	
32.184	1.150750	0.000000	6.178634	0.811000	2.032248	0.020191	
32.195	1.146250	-0.000000	6.139347	0.817750	2.028125	0.020248	
32.207	1.142313	-0.000000	6.114955	0.821125	0.000000	0.020414	
32.219	1.137250	0.000000	6.057024	0.825850	0.000000	0.020207	
32.230	1.132750	-0.000000	6.021013	0.832600	0.000000	0.020557	
32.242	1.127687	0.000000	5.932463	0.837325	2.035560	0.020356	
32.253	1.123188	-0.000000	5.883461	0.842725	2.031423	0.020224	
32.265	1.119250	0.000000	5.761441	0.848125	2.017480	0.020257	
32.276	1.113625	0.000000	5.691980	0.852850	2.053122	0.020397	
32.288	1.109687	0.000000	5.616484	0.857575	2.027302	0.020191	
32.299	1.105750	0.000000	5.455362	0.861625	0.000000	0.000000	
32.311	1.099563	0.000000	5.364397	0.866350	0.000000	0.020199	
32.323	1.095625	-0.000000	5.168049	0.872425	1.996524	0.020265	
32.334	1.091688	0.000000	5.063683	0.877150	0.000000	0.020273	
32.346	1.086625	0.000000	4.850379	0.882550	2.019111	0.020191	
32.357	1.081000	0.000000	4.735157	0.887275	0.000000	0.020224	
32.369	1.077062	-0.000000	4.503005	0.892675	2.020744	0.020248	
32.381	1.072000	0.000000	4.379634	0.897400	0.000000	0.000000	
32.392	1.066375	0.000000	4.253498	0.903475	2.043050	0.020191	
32.404	1.062438	0.000000	3.994241	0.908200	0.000000	0.020118	
32.415	1.057938	0.000000	3.869806	0.914275	2.027302	0.020381	
32.427	1.052312	0.000000	3.599319	0.919675	0.000000	0.453025	
32.438	1.048375	0.000000	3.461550	0.925750	2.036389	0.760270	
32.450	1.044438	0.000000	3.191468	0.930475	2.038050	0.824045	
32.461	1.038813	-0.000000	3.051044	0.935875	2.035560	0.655980	
32.473	1.036000	0.000000	2.767416	0.941275	2.115707	0.606582	
32.484	1.030938	0.000000	2.634424	0.947350	0.000000	1.339157	
32.496	1.025875	0.000000	2.492109	0.952750	0.000000	1.682440	
32.507	1.022500	-0.000000	2.208124	0.957475	0.000000	2.222510	
32.519	1.017437	0.000000	2.066709	0.961525	0.000000	2.039875	
32.531	1.012375	0.000000	1.794558	0.966925	2.035560	2.280795	
32.542	1.006188	0.000000	1.654725	0.973000	2.014228	2.224667	
32.554	1.002813	-0.000000	1.376676	0.978400	2.038882	2.919199	
32.565	1.000000	0.000000	1.247216	0.981775	-0.000000	3.194870	
32.577	0.994375	0.000000	0.974657	0.985825	0.000000	3.005004	
32.588	0.989875	0.000000	0.840766	0.992575	0.000000	2.845025	
32.600	0.988187	0.000000	0.717502	0.996625	2.003729	3.186811	
32.611	0.982562	0.000000	0.459820	1.000675	2.053122	3.376114	
32.623	0.977500	0.000000	0.333251	1.007425	2.030597	3.352945	
32.635	0.975250	0.000000	0.093739	1.012825	0.000000	4.112795	
32.646	0.968500	0.000000	0.000000	1.016200	2.034731	4.398902	
32.658	0.964000	-0.000000	0.000000	1.022275	2.004532	4.253577	
32.669	0.960625	0.000000	0.000000	1.029700	0.000000	4.625108	
32.681	0.954437	0.000000	0.000000	1.034425	2.061592	4.942805	
32.692	0.952187	-0.000000	0.000000	1.039150	2.065000	4.703970	
32.704	0.949375	0.000000	0.000000	1.045225	0.000000	4.612838	
32.715	0.943187	0.000000	0.000000	1.050625	2.009368	5.021865	
32.727	0.941500	0.000000	0.000000	1.052650	0.000000	5.343235	
32.739	0.940375	-0.000000	0.000000	1.056025	2.033903	5.170753	
32.750	0.937000	-0.000000	0.000000	1.059400	2.005337	5.102188	
32.762	0.936437	-0.000000	0.000000	1.060075	0.000000	4.998294	
32.773	0.935875	0.000000	0.000000	1.060750	-0.000000	4.981565	
32.785	0.935875	-0.000000	0.000000	1.061425	-0.000000	4.935242	
32.796	0.935875	0.000000	0.000000	1.061425	0.000000	4.904833	
32.808	0.935875	0.000000	0.000000	1.061425	0.000000	4.899333	
32.819	0.937563	1.711638	0.017005	1.060075	0.000000	4.898842	
32.831	0.940938	0.000000	0.017476	1.055350	0.000000	4.900638	
32.842	0.944313	0.000000	0.000000	1.049275	0.000000	4.904002	
32.854	0.949938	1.688733	0.017842	1.043200	0.000000	4.903945	
32.865	0.955562	0.000000	0.017468	1.037125	0.000000	4.901713	
32.877	0.959500	0.000000	0.017417	1.029025	0.000000	4.883659	
32.888	0.966250	1.699762	0.016998	1.020250	0.000000	4.863138	
32.900	0.975250	1.706029	0.016778	1.012825	0.000000	4.800950	
32.911	0.981438	1.688733	0.016806	1.004050	0.000000	4.755784	
32.923	0.989875	3.338209	0.127723	0.994600	0.000000	4.643501	
32.934	1.000000	1.686681	0.446727	0.983125	0.000000	4.572124	
32.946	1.005625	1.684634	1.269682	0.974350	0.000000	4.402905	
32.957	1.011812	1.698375	1.516988	0.967600	0.000000	4.306756	
32.969	1.021375	1.686681	2.002867	0.958825	0.000000	4.201953	
32.980	1.028125	1.751963	2.579640	0.951400	0.000000	3.978197	
32.992	1.033188	1.690104	2.786083	0.946000	0.000000	3.852079	
33.003	1.042750	1.636313	3.295919	0.932500	0.000000	3.575449	
33.015	1.050625	1.701846	3.869503	0.923050	-0.000000	3.435511	
33.026	1.059062	3.378837	4.568397	0.914275	0.000000	3.114172	
33.038	1.070313	3.428914	4.722793	0.901450	0.000000	2.941743	
33.049	1.079313	1.699068	5.411793	0.889300	0.000000	2.774051	
33.061	1.087188	1.713752	5.567876	0.881875	0.000000	2.392381	
33.072	1.099000	1.696991	5.710261	0.870400	0.000000	2.190397	
33.084	1.106313	1.712342	6.004349	0.859600	0.000000	1.785145	
33.096	1.115312	3.377466	6.481791	0.852175	0.000000	1.566874	
33.107	1.126562	3.380208	6.712006	0.841375	0.000000	1.115947	
33.119	1.133875	1.715163	6.807045	0.830575	0.000000	0.898901	
33.130	1.142875	1.698375	7.072904	0.821125	0.000000	0.423415	
33.142	1.153563	3.373363	7.282278	0.810325	0.000000	0.179160	
33.153	1.161438	1.679877	7.879807	0.798850	0.000000	0.000000	
33.165	1.169875	3.535158	8.317196	0.791425	0.000000	0.000000	
33.176	1.178875	3.376097	8.489563	0.781975	0.000000	0.000000	
33.188	1.185625	1.679877	9.109353	0.773875	0.000000	0.000000	
33.199	1.193500	1.692164	9.589172	0.765775	0.000000	0.000000	
33.211	1.201375	1.690790	10.076756	0.757675	0.000000	0.000000	
33.222	1.208125	1.673801	10.437130	0.750925	0.000000	0.000000	
33.233	1.214875	1.697683	10.477318	0.743500	0.000000	0.000000	
33.245	1.221625	1.681234	10.506495	0.736750	0.000000	0.000000	
33.256	1.226688	0.000000	10.538011	0.730000	-0.000000	0.000000	
33.268	1.228375	0.000000	10.524831	0.727300	0.000000	0.000000	
33.279	1.228375	0.000000	10.138621	0.727300	0.000000	0.000000	
33.291	1.228375	0.000000	9.454202	0.727300	0.000000	0.000000	
33.302	1.228375	0.000000	9.169916	0.727300	0.000000	0.000000	
33.314	1.228375	0.000000	8.629425	0.727300	0.000000	0.000000	
33.325	1.229500	1.684634	8.388366	0.727300	0.000000	0.000000	
33.336	1.230062	0.000000	8.381134	0.726625	-0.000000	0.000000	
33.348	1.230062	-0.000000	8.158390	0.726625	0.000000	0.000000	
33.359	1.230062	0.000000	7.950685	0.726625	0.000000	0.000000	
33.371	1.230062	0.000000	7.577904	0.725950	-0.000000	0.000000	
33.382	1.230062	0.000000	7.421299	0.725950	-0.000000	0.000000	
33.393	1.230625	-0.000000	7.122515	0.725950	0.000000	0.000000	
33.405	1.230625	0.000000	6.989782	0.725950	0.000000	0.000000	
33.416	1.230625	0.000000	6.874704	0.725275	0.000000	0.000000	
33.428	1.230625	0.000000	6.658086	0.725275	-0.000000	0.000000	
33.439	1.231187	-0.000000	6.563135	0.725275	0.000000	0.000000	
33.450	1.231187	-0.000000	6.831308	0.725275	0.000000	0.000000	
33.462	1.231187	0.000000	6.731766	0.725275	0.000000	0.000000	
33.473	1.231187	0.000000	6.558649	0.725275	0.000000	0.000000	
33.485	1.231187	0.000000	6.488408	0.725275	0.000000	0.000000	
33.496	1.231187	0.000000	6.420782	0.725275	0.000000	0.000000	
33.508	1.231187	0.000000	6.306061	0.725275	0.000000	0.000000	
33.519	1.231187	0.000000	6.258539	0.725275	0.000000	0.000000	
33.530	1.231187	0.000000	6.182598	0.725275	0.000000	0.000000	
33.542	1.231187	0.000000	6.151435	0.725275	0.000000	0.000000	
33.553	1.231187	0.000000	6.103189	0.725275	0.000000	0.000000	
33.565	1.231187	0.000000	6.086566	0.725275	0.000000	0.000000	
33.576	1.231187	0.000000	6.072361	0.725275	0.000000	0.000000	
33.587	1.228375	0.000000	6.054054	0.727300	0.000000	0.000000	
33.599	1.225562	-0.000000	6.049623	0.730000	0.000000	0.000000	
33.610	1.222188	0.000000	6.049244	0.734050	0.000000	0.020232	
33.622	1.218250	-0.000000	6.052798	0.738775	0.000000	0.019846	
33.633	1.213187	0.000000	6.065222	0.744850	2.019927	0.000000	
33.644	1.207563	-0.000000	6.073859	0.750925	2.097943	0.020372	
33.656	1.201938	0.000000	6.083860	0.756325	0.000000	0.020248	
33.667	1.194062	0.000000	6.101676	0.764425	2.030597	0.020159	
33.679	1.187312	0.000000	6.107431	0.771175	2.019927	0.000000	
33.690	1.180000	0.000000	6.107485	0.779275	2.019927	0.020199	
33.701	1.172125	0.000000	6.099802	0.788050	2.055656	0.020191	
33.713	1.165375	0.000000	6.068120	0.794800	2.019111	0.020110	
33.724	1.158062	0.000000	6.041951	0.803575	2.071849	0.020372	
33.736	1.150750	0.000000	6.009225	0.811675	2.024017	0.020273	
33.747	1.142875	0.000000	5.926120	0.820450	2.034731	0.020207	
33.759	1.135563	0.000000	5.873728	0.828550	4.041487	0.020273	
33.770	1.127125	0.000000	5.747569	0.838000	2.031423	0.020232	
33.782	1.119812	0.000000	5.679739	0.846100	2.045558	0.020281	
33.793	1.111938	0.000000	5.516307	0.854875	2.040547	0.020514	
33.805	1.105188	0.000000	5.425935	0.862300	1.966666	0.020191	
33.816	1.097312	0.000000	5.329645	0.869725	2.026480	0.020207	
33.828	1.090562	0.000000	5.129299	0.877825	1.984630	0.020306	
33.839	1.083250	0.000000	5.017782	0.886600	2.033903	0.020381	
33.851	1.074250	0.000000	4.788472	0.894025	2.017480	0.177891	
33.862	1.066937	0.000000	4.662484	0.902800	2.011795	0.390046	
33.873	1.060750	0.000000	4.398333	0.910900	2.038882	0.638565	
33.885	1.054000	0.000000	4.259635	0.918325	2.183180	1.065457	
33.896	1.046125	0.000000	4.126604	0.927100	2.026480	1.273048	
33.908	1.040500	0.000000	3.830358	0.934525	2.007754	1.726588	
33.919	1.034875	0.000000	3.678195	0.941950	4.067806	1.936175	
33.931	1.028687	0.000000	3.375599	0.950050	2.039714	2.378764	
33.942	1.022500	-0.000000	3.217042	0.958150	2.040547	2.603359	
33.953	1.016312	0.000000	2.893612	0.962200	0.000000	2.809169	
33.965	1.009562	0.000000	2.740660	0.968950	2.141088	2.774373	
33.976	1.001688	-0.000000	2.576548	0.979075	2.024837	3.010248	
33.988	0.998312	0.000000	2.244750	0.983800	0.000000	3.501583	
33.999	0.991000	0.000000	2.078729	0.989875	2.033903	3.679221	
34.011	0.984250	0.000000	1.758031	0.998650	2.029772	3.775491	
34.022	0.980875	0.000000	1.594394	1.004725	0.000000	4.048536	
34.033	0.973562	0.000000	1.278843	1.011475	2.038882	4.203479	
34.045	0.966812	0.000000	1.117024	1.018900	2.063294	3.862204	
34.056	0.962313	0.000000	0.796841	1.025650	2.030597	4.181917	
34.068	0.955000	0.000000	0.637116	1.033750	3.975576	4.307404	
34.079	0.951063	0.000000	0.488784	1.041175	2.033903	4.620617	
34.091	0.947688	0.000000	0.176370	1.047925	2.020744	5.271530	
34.102	0.938688	0.000000	0.021161	1.054000	2.031423	5.471113	
34.114	0.937563	0.000000	0.000000	1.058725	2.028948	5.702475	
34.125	0.935313	-0.000000	0.000000	1.062775	0.000000	6.002761	
34.137	0.930812	-0.000000	0.000000	1.064800	0.000000	6.270833	
34.148	0.929688	-0.000000	0.000000	1.065475	-0.000000	5.879851	
34.160	0.929688	0.000000	0.000000	1.066825	0.000000	5.720848	
34.171	0.929688	0.000000	0.000000	1.066825	0.000000	5.458259	
34.183	0.929688	0.000000	0.000000	1.066825	0.000000	5.351125	
34.194	0.931375	0.000000	0.000000	1.065475	-0.000000	5.176763	
34.206	0.934187	-0.000000	0.000000	1.062775	0.000000	5.110889	
34.217	0.935875	0.000000	0.000000	1.060075	-0.000000	5.049162	
34.229	0.938688	1.690104	0.016846	1.058050	0.000000	4.944273	
34.240	0.941500	1.705330	0.017046	1.054000	0.000000	4.898562	
34.252	0.943750	1.684634	0.017060	1.049950	-0.000000	4.817754	
34.263	0.948250	1.750490	0.016826	1.045900	-0.000000	4.778665	
34.275	0.953313	1.708128	0.017012	1.039825	0.000000	4.701130	
34.287	0.957250	0.000000	0.017273	1.032400	0.000000	4.660682	
34.298	0.961750	1.678523	0.016880	1.024975	0.000000	4.561437	
34.310	0.970187	3.336872	0.016711	1.018225	0.000000	4.503263	
34.321	0.976375	0.000000	0.016860	1.010125	0.000000	4.442756	
34.333	0.981438	1.689418	0.016840	1.003375	0.000000	4.295012	
34.344	0.991000	3.357046	0.017138	0.994600	0.000000	4.210422	
34.356	0.996625	0.000000	0.507940	0.985150	0.000000	4.029075	
34.367	1.003375	1.725110	1.131785	0.976375	0.000000	3.927228	
34.379	1.012375	1.654516	1.746871	0.968950	0.000000	3.707847	
34.390	1.020813	1.688049	2.383799	0.958825	0.000000	3.597819	
34.402	1.027562	1.698375	3.134384	0.950050	0.000000	3.474767	
34.413	1.035437	3.395365	3.343342	0.944650	0.000000	3.210866	
34.425	1.041625	1.704632	3.555001	0.933850	0.000000	3.070259	
34.436	1.047250	1.688733	3.960256	0.925075	0.000000	2.782062	
34.447	1.054000	1.716577	4.176625	0.921025	-0.000000	2.624460	
34.459	1.060187	1.681234	4.586738	0.912925	0.000000	2.294636	
34.471	1.065250	1.684634	4.799829	0.904150	0.000000	2.134895	
34.482	1.069750	1.705330	5.222690	0.901450	0.000000	1.782055	
34.494	1.074813	1.683272	5.443033	0.896050	0.000000	1.600038	
34.505	1.077625	-0.000000	5.353716	0.889975	0.000000	1.415520	
34.517	1.080438	0.000000	5.239845	0.888625	-0.000000	1.039143	
34.528	1.083250	-0.000000	5.447602	0.885925	-0.000000	0.859189	
34.539	1.084937	-0.000000	5.144183	0.882550	-0.000000	0.468762	
34.551	1.087188	-0.000000	5.109617	0.881875	-0.000000	0.272911	
34.563	1.088875	-0.000000	5.657399	0.879850	0.000000	0.000000	
34.574	1.090000	-0.000000	5.533907	0.878500	0.000000	0.000000	
34.585	1.091125	0.000000	5.353621	0.877825	-0.000000	0.000000	
34.597	1.091688	-0.000000	5.265485	0.877150	-0.000000	0.000000	
34.608	1.092250	0.000000	5.202121	0.875800	0.000000	0.000000	
34.620	1.092813	0.000000	5.110228	0.875800	-0.000000	0.000000	
34.631	1.092813	-0.000000	5.080446	0.875800	0.000000	0.000000	
34.642	1.092813	0.000000	5.038687	0.875125	-0.000000	0.000000	
34.654	1.092813	0.000000	5.025903	0.875125	0.000000	0.000000	
34.665	1.092813	0.000000	5.011472	0.875125	0.000000	0.000000	
34.677	1.092813	0.000000	5.007566	0.875125	0.000000	0.000000	
34.688	1.092813	0.000000	5.005323	0.875125	0.000000	0.000000	
34.700	1.092813	0.000000	5.003309	0.875125	0.000000	0.000000	
34.711	1.092813	0.000000	5.002501	0.875125	0.000000	0.000000	
34.722	1.092813	0.000000	4.999784	0.875125	0.000000	0.000000	
34.734	1.092813	0.000000	4.997382	0.875125	0.000000	0.000000	
34.745	1.092813	0.000000	4.989598	0.875125	0.000000	0.000000	
34.757	1.092813	0.000000	4.984057	0.875125	0.000000	0.000000	
34.768	1.092813	0.000000	4.977726	0.875125	0.000000	0.000000	
34.780	1.092813	0.000000	4.962114	0.875125	0.000000	0.000000	
34.791	1.092813	0.000000	4.953459	0.875125	0.000000	0.000000	
34.802	1.092813	0.000000	4.931642	0.875125	0.000000	0.000000	
34.814	1.092813	0.000000	4.918916	0.875125	0.000000	0.000000	
34.825	1.092813	0.000000	4.891040	0.875125	0.000000	0.000000	
34.837	1.092813	0.000000	4.875007	0.875125	0.000000	0.000000	
34.848	1.092813	0.000000	4.857746	0.875125	0.000000	0.000000	
34.862	1.092813	0.000000	4.820620	0.875125	0.000000	0.000000	
34.871	1.092813	0.000000	4.797092	0.875125	0.000000	0.000000	
34.883	1.092813	0.000000	4.776516	0.875125	0.000000	0.000000	
34.894	1.092813	0.000000	4.734410	0.875125	0.000000	0.000000	
34.906	1.092813	0.000000	4.711514	0.875125	0.000000	0.000000	
34.917	1.092813	0.000000	4.664189	0.875125	0.000000	0.000000	
34.929	1.092813	0.000000	4.640028	0.875125	0.000000	0.000000	
34.940	1.092813	0.000000	4.592336	0.875125	0.000000	0.000000	
34.951	1.092813	0.000000	4.567390	0.875125	0.000000	0.000000	
34.963	1.092813	0.000000	4.542510	0.875125	0.000000	0.000000	
34.974	1.092813	0.000000	4.494320	0.875125	0.000000	0.000000	
34.986	1.092813	0.000000	4.469712	0.875125	0.000000	0.000000	
34.997	1.092813	0.000000	4.421440	0.875125	0.000000	0.000000	
35.009	1.092813	0.000000	4.399259	0.875125	0.000000	0.000000	
35.020	1.129375	19.581894	4.399259	0.920350	23.498272	0.000000	
35.031	1.201938	18.716476	4.399259	1.012825	28.074713	0.000000	
35.042	1.264375	16.808947	4.399259	1.099900	25.213415	0.000000	
35.053	1.313313	13.927814	4.399259	1.179550	16.713375	0.000000	
35.064	1.349875	9.879991	4.399259	1.251775	17.783983	0.000000	
35.075	1.374625	6.486629	4.399259	1.316575	15.567910	0.000000	
35.087	1.388125	2.284375	4.399259	1.380700	13.706251	0.000000	
35.098	1.389250	-0.000000	4.399259	1.427950	13.610437	0.000000	
35.110	1.388125	0.000000	4.399259	1.462375	12.188536	0.000000	
35.122	1.386438	-0.000000	4.399259	1.508275	8.640862	0.000000	
35.133	1.386438	0.000000	4.399259	1.533250	6.506900	0.000000	
35.144	1.386438	0.000000	4.399259	1.550800	3.972416	0.000000	
35.155	1.386438	0.000000	4.399259	1.560925	1.586444	0.000000	
35.167	1.386438	0.000000	4.399259	1.562950	-0.000000	0.000000	
35.178	1.386438	0.000000	4.399259	1.562950	0.000000	0.000000	
35.189	1.386438	0.000000	4.399259	1.562950	0.000000	0.000000	
35.200	1.386438	0.000000	4.399259	1.562950	0.000000	0.000000	
35.211	1.386438	0.000000	4.399259	1.562950	0.000000	0.000000	
35.222	1.386438	0.000000	4.399259	1.562950	0.000000	0.000000	
35.233	1.386438	0.000000	4.399259	1.562950	0.000000	0.000000	
35.245	1.386438	0.000000	4.399259	1.562950	0.000000	0.000000	
35.256	1.386438	0.000000	4.399259	1.562950	0.000000	0.000000	
35.267	1.386438	0.000000	4.399259	1.562950	0.000000	0.000000	
35.278	1.386438	0.000000	4.399259	1.562950	0.000000	0.000000	
35.289	1.386438	0.000000	4.399259	1.562950	0.000000	0.000000	
35.301	1.386438	0.000000	4.399259	1.562950	0.000000	0.000000	
35.312	1.386438	0.000000	4.399259	1.562950	0.000000	0.000000	
35.323	1.386438	0.000000	4.399259	1.562950	0.000000	0.000000	
35.334	1.386438	0.000000	4.399259	1.562950	0.000000	0.000000	
35.345	1.386438	0.000000	4.399259	1.562950	0.000000	0.000000	
35.356	1.386438	0.000000	4.399259	1.562950	0.000000	0.000000	
35.367	1.386438	0.000000	4.399259	1.562950	0.000000	0.000000	
35.378	1.386438	0.000000	4.399259	1.562950	0.000000	0.000000	
35.389	1.386438	0.000000	4.399259	1.562950	0.000000	0.000000	
35.400	1.386438	0.000000	4.399259	1.562950	0.000000	0.000000	
35.412	1.386438	0.000000	4.399259	1.562950	0.000000	0.000000	
35.423	1.386438	0.000000	4.399259	1.562950	0.000000	0.000000	
35.434	1.386438	0.000000	4.399259	1.562950	0.000000	0.000000	
35.445	1.386438	0.000000	4.399259	1.562950	0.000000	0.000000	
35.456	1.386438	0.000000	4.399259	1.562950	0.000000	0.000000	
35.467	1.386438	0.000000	4.399259	1.562950	0.000000	0.000000	
