5.399	-2568.750000	0.000000	0.636905	-1545.000000	0.000000	0.603254	
5.411	-2568.750000	0.000000	0.643016	-1545.000000	0.000000	0.605126	
5.423	-2568.750000	0.000000	0.646013	-1545.000000	0.000000	0.608643	
5.435	-2568.750000	0.000000	0.651511	-1545.000000	0.000000	0.610224	
5.447	-2568.750000	0.000000	0.654260	-1545.000000	0.000000	0.613426	
5.458	-2568.750000	0.000000	0.659879	-1545.000000	0.000000	0.615082	
5.470	-2568.750000	0.000000	0.662729	-1545.000000	0.000000	0.618216	
5.482	-2568.750000	0.000000	0.665909	-1545.000000	0.000000	0.620186	
5.493	-2568.750000	0.000000	0.671931	-1545.000000	0.000000	0.625141	
5.505	-2568.750000	0.000000	0.674802	-1545.000000	0.000000	0.627717	
5.517	-2568.750000	0.000000	0.680628	-1545.000000	0.000000	0.633594	
5.528	-2568.750000	0.000000	0.683343	-1545.000000	0.000000	0.636771	
5.540	-2568.750000	0.000000	0.689222	-1545.000000	0.000000	0.642862	
5.552	-2568.750000	0.000000	0.692335	-1545.000000	0.000000	0.646069	
5.564	-2568.750000	0.000000	0.698404	-1545.000000	0.000000	0.652829	
5.575	-2568.750000	0.000000	0.701517	-1545.000000	0.000000	0.656017	
5.587	-2568.750000	0.000000	0.707818	-1545.000000	0.000000	0.659729	
5.599	-2568.750000	0.000000	0.710667	-1545.000000	0.000000	0.666778	
5.610	-2568.750000	0.000000	0.716635	-1545.000000	0.000000	0.669776	
5.622	-2568.750000	0.000000	0.719646	-1545.000000	0.000000	0.676227	
5.634	-2568.750000	0.000000	0.722498	-1545.000000	0.000000	0.679354	
5.645	-2572.500000	0.000000	0.728833	-1545.000000	0.000000	0.685482	
5.657	-2572.500000	0.000000	0.731932	-1545.000000	0.000000	0.688269	
5.666	-2572.500000	0.000000	0.735190	-1545.000000	0.000000	0.690532	
5.678	-2572.500000	0.000000	0.742159	-1545.000000	0.000000	0.695007	
5.690	-2572.500000	0.000000	0.745456	-1545.000000	0.000000	0.697187	
5.702	-2572.500000	0.000000	0.751935	-1545.000000	0.000000	0.701125	
5.713	-2572.500000	0.000000	0.755380	-1545.000000	0.000000	0.703093	
5.725	-2572.500000	0.000000	0.761542	-1545.000000	0.000000	0.706903	
5.737	-2572.500000	0.000000	0.764446	-1545.000000	0.000000	0.708472	
5.749	-2572.500000	0.000000	0.770175	-1545.000000	0.000000	0.711596	
5.761	-2572.500000	0.000000	0.772811	-1545.000000	0.000000	0.713092	
5.772	-2572.500000	0.000000	0.777459	-1545.000000	0.000000	0.715463	
5.781	-2572.500000	0.000000	0.779735	-1545.000000	0.000000	0.716487	
5.793	-2572.500000	0.000000	0.781624	-1545.000000	0.000000	0.717436	
5.805	-2572.500000	0.000000	0.785080	-1545.000000	0.000000	0.719047	
5.817	-2576.250000	0.000000	0.786590	-1545.000000	0.000000	0.719841	
5.828	-2576.250000	0.000000	0.789191	-1545.000000	0.000000	0.721809	
5.840	-2576.250000	0.000000	0.790497	-1545.000000	0.000000	0.722981	
5.852	-2576.250000	0.000000	0.792885	-1545.000000	0.000000	0.724243	
5.864	-2576.250000	0.000000	0.793938	-1545.000000	0.000000	0.726589	
5.875	-2580.000000	0.000000	0.796159	-1545.000000	0.000000	0.727783	
5.887	-2580.000000	0.000000	0.797271	-1545.000000	0.000000	0.730304	
5.899	-2580.000000	0.000000	0.798436	-1545.000000	0.000000	0.731673	
5.910	-2580.000000	0.000000	0.800471	-1545.000000	0.000000	0.734706	
5.922	-2580.000000	0.000000	0.801244	-1545.000000	0.000000	0.736439	
5.934	-2580.000000	0.000000	0.803065	-1545.000000	0.000000	0.739767	
5.946	-2580.000000	0.000000	0.803905	-1545.000000	0.000000	0.741234	
5.958	-2580.000000	0.000000	0.804955	-1545.000000	0.000000	0.743418	
5.970	-2580.000000	0.000000	0.805383	-1541.250000	0.000000	0.744130	
5.981	-2580.000000	0.000000	0.805997	-1541.250000	0.000000	1.295431	
5.993	-2583.750000	0.000000	0.806105	-1541.250000	0.000000	1.260009	
6.002	-2583.750000	0.000000	0.806345	-1541.250000	0.000000	1.228555	
6.014	-2583.750000	0.000000	0.806305	-1541.250000	0.000000	1.167296	
6.026	-2583.750000	0.000000	0.806217	-1541.250000	0.000000	1.139395	
6.037	-2583.750000	0.000000	0.805834	-1541.250000	0.000000	1.090299	
6.049	-2583.750000	0.000000	0.805631	-1541.250000	0.000000	1.067339	
6.061	-2583.750000	0.000000	0.805419	-1541.250000	0.000000	1.025463	
6.072	-2583.750000	0.000000	0.805462	-1541.250000	0.000000	1.007735	
6.084	-2583.750000	0.000000	0.805555	-1541.250000	0.000000	0.973767	
6.096	-2583.750000	0.000000	0.805425	-1541.250000	0.000000	0.958634	
6.108	-2583.750000	0.000000	0.804760	-1541.250000	0.000000	0.944784	
6.120	-2583.750000	0.000000	0.804225	-1541.250000	0.000000	0.920844	
6.131	-2583.750000	0.000000	0.803084	-1541.250000	0.000000	0.909678	
6.143	-2583.750000	0.000000	0.802601	-1541.250000	0.000000	0.890230	
6.155	-2583.750000	0.000000	0.802220	-1541.250000	0.000000	0.881056	
6.167	-2583.750000	0.000000	0.801619	-1541.250000	0.000000	0.864123	
6.178	-2583.750000	0.000000	0.801345	-1541.250000	0.000000	0.856386	
6.190	-2583.750000	0.000000	0.800741	-1541.250000	0.000000	0.842435	
6.202	-2583.750000	0.000000	0.800261	-1541.250000	0.000000	0.835709	
6.213	-2583.750000	0.000000	0.799107	-1541.250000	0.000000	0.823011	
6.225	-2583.750000	0.000000	0.798299	-1541.250000	0.000000	0.817324	
6.237	-2583.750000	0.000000	0.796506	-1541.250000	0.000000	0.806066	
6.248	-2583.750000	0.000000	0.795568	-1541.250000	0.000000	0.800792	
6.260	-2583.750000	0.000000	0.793226	-1541.250000	0.000000	0.795470	
6.272	-2583.750000	0.000000	0.791962	-1541.250000	0.000000	0.785802	
6.283	-2583.750000	0.000000	0.789429	-1541.250000	0.000000	0.781051	
6.295	-2583.750000	0.000000	0.788099	-1541.250000	0.000000	0.772371	
6.307	-2583.750000	0.000000	0.786520	-1541.250000	0.000000	0.767629	
6.318	-2583.750000	0.000000	0.783382	-1541.250000	0.000000	0.760387	
6.330	-2583.750000	0.000000	0.781566	-1541.250000	0.000000	0.757013	
6.342	-2587.500000	0.000000	0.777848	-1541.250000	0.000000	0.753878	
6.354	-2587.500000	0.000000	0.775863	-1537.500000	0.000000	0.747971	
6.365	-2591.250000	0.000000	0.771791	-1537.500000	0.000000	0.745428	
6.377	-2591.250000	0.000000	0.769575	-1537.500000	0.000000	0.741548	
6.389	-2595.000000	0.000000	0.767556	-1533.750000	0.000000	0.740579	
6.400	-2595.000000	0.000000	0.763152	-1533.750000	0.000000	0.740189	
6.412	-2598.750000	0.000000	0.760961	-1533.750000	0.000000	0.740510	
6.423	-2602.500000	0.000000	0.918649	-1530.000000	0.000000	0.742357	
6.435	-2602.500000	0.000000	0.905454	-1530.000000	0.000000	0.743748	
6.447	-2602.500000	0.000000	0.880836	-1526.250000	0.000000	0.747933	
6.458	-2606.250000	0.000000	0.869845	-1526.250000	0.000000	0.751085	
6.470	-2606.250000	0.000000	0.848085	-1526.250000	0.000000	0.757599	
6.482	-2606.250000	0.000000	0.838185	-1526.250000	0.000000	0.761067	
6.493	-2606.250000	0.000000	0.820611	-1526.250000	0.000000	0.764875	
6.505	-2606.250000	0.000000	0.812250	-1526.250000	0.000000	0.771535	
6.517	-2606.250000	0.000000	0.804387	-1526.250000	0.000000	0.774898	
6.528	-2606.250000	0.000000	0.790597	-1526.250000	0.000000	0.781247	
6.540	-2606.250000	0.000000	0.784125	-1526.250000	0.000000	0.783932	
6.552	-2606.250000	0.000000	0.772235	-1526.250000	0.000000	0.789532	
6.563	-2606.250000	0.000000	0.766804	-1526.250000	0.000000	0.792104	
6.575	-2606.250000	0.000000	0.757370	-1526.250000	0.000000	0.796082	
6.587	-2606.250000	0.000000	0.753048	-1526.250000	0.000000	0.797929	
6.598	-2606.250000	0.000000	0.745630	-1526.250000	0.000000	0.800950	
6.610	-2606.250000	0.000000	0.742237	-1522.500000	0.000000	0.802039	
6.622	-2610.000000	0.000000	0.736377	-1522.500000	0.000000	0.803406	
6.633	-2613.750000	0.000000	0.733970	-1518.750000	0.000000	0.806133	
6.646	-2613.750000	0.000000	0.730122	-1518.750000	0.000000	0.807779	
6.657	-2617.500000	0.000000	0.728438	-1515.000000	0.000000	0.811695	
6.669	-2621.250000	0.000000	0.726648	-1511.250000	0.000000	0.813899	
6.681	-2621.250000	0.000000	0.723204	-1507.500000	0.000000	0.818492	
6.689	-2625.000000	0.000000	0.721660	-1507.500000	0.000000	0.821200	
6.701	-2628.750000	0.000000	0.719744	-1503.750000	0.000000	0.823754	
6.713	-2628.750000	0.000000	0.875341	-1500.000000	0.000000	0.830467	
6.724	-2636.250000	0.000000	0.863413	-1496.250000	0.000000	0.834548	
6.736	-2636.250000	0.000000	0.839058	-1492.500000	0.000000	0.842149	
6.748	-2640.000000	0.000000	0.827236	-1488.750000	0.000000	0.846130	
6.760	-2643.750000	0.000000	0.803872	-1488.750000	0.000000	0.854933	
6.771	-2643.750000	0.000000	0.793099	-1485.000000	0.000000	0.859752	
6.783	-2647.500000	0.000000	0.801970	-1481.250000	0.000000	0.869257	
6.795	-2651.250000	0.000000	0.921751	-1481.250000	0.000000	0.874347	
6.807	-2651.250000	0.000000	0.881437	-1481.250000	0.000000	0.879293	
6.818	-2651.250000	0.000000	0.861724	-1481.250000	0.000000	0.889057	
6.830	-2651.250000	0.000000	0.824243	-1481.250000	0.000000	0.894398	
6.842	-2651.250000	0.000000	0.807567	-1481.250000	0.000000	0.904512	
6.853	-2651.250000	0.000000	0.790325	-1481.250000	0.000000	0.908972	
6.865	-2651.250000	0.000000	0.757417	-1481.250000	0.000000	0.917158	
6.877	-2636.250000	0.000000	0.741708	-1485.000000	0.000000	0.920945	
6.888	-2621.250000	0.000000	0.712645	-1503.750000	0.338502	1.119371	
6.900	-2602.500000	0.842829	0.698245	-1526.250000	0.337131	1.133674	
6.912	-2565.000000	0.560298	1.163409	-1556.250000	0.000000	1.487904	
6.924	-2535.000000	0.000000	1.120819	-1590.000000	0.000000	1.644564	
6.935	-2486.250000	0.281284	1.593679	-1623.750000	0.000000	1.910869	
6.947	-2426.250000	1.404999	1.861334	-1680.000000	0.000000	1.990833	
6.959	-2370.000000	1.411571	2.202910	-1751.250000	0.000000	1.810203	
6.971	-2283.750000	1.123544	2.521685	-1826.250000	0.000000	1.713514	
6.982	-2186.250000	1.125138	3.745306	-1920.000000	0.000000	1.612279	
6.994	-2096.250000	1.131789	4.706701	-2002.500000	0.000000	1.389679	
7.006	-1983.750000	2.036674	5.992293	-2092.500000	0.000000	1.275584	
7.017	-1867.500000	1.971788	6.255055	-2201.250000	0.000000	1.005694	
7.029	-1762.500000	0.842658	6.584530	-2298.750000	0.000000	0.857272	
7.041	-1668.750000	1.129716	8.355877	-2388.750000	0.000000	0.539842	
7.053	-1556.250000	1.961044	9.180730	-2497.500000	0.000000	0.360725	
7.064	-1470.000000	0.281513	10.012321	-2580.000000	0.000000	0.000000	
7.076	-1391.250000	1.124227	10.699616	-2643.750000	0.000000	0.000000	
7.088	-1323.750000	1.401028	11.178259	-2703.750000	0.000000	0.000000	
7.099	-1278.750000	0.543728	10.937926	-2748.750000	0.326237	0.000000	
7.111	-1248.750000	0.000000	10.799850	-2763.750000	0.000000	0.000000	
7.123	-1226.250000	0.852665	10.801929	-2786.250000	0.000000	0.000000	
7.135	-1222.500000	0.000000	10.075198	-2801.250000	0.000000	0.000000	
7.146	-1222.500000	0.000000	9.744465	-2805.000000	0.000000	0.000000	
7.158	-1222.500000	0.000000	9.163135	-2805.000000	0.000000	0.000000	
7.170	-1222.500000	0.000000	8.907977	-2805.000000	0.000000	0.000000	
7.181	-1222.500000	0.000000	8.686539	-2797.500000	0.000000	0.000000	
7.193	-1245.000000	0.000000	8.266198	-2786.250000	0.000000	0.000000	
7.205	-1252.500000	0.000000	8.078746	-2778.750000	0.000000	0.000000	
7.216	-1260.000000	0.000000	7.754694	-2767.500000	0.000000	0.000000	
7.228	-1278.750000	0.278911	7.606380	-2756.250000	0.000000	0.000000	
7.240	-1293.750000	0.280659	7.504932	-2748.750000	0.000000	0.000000	
7.251	-1305.000000	0.000000	7.385559	-2741.250000	0.000000	0.000000	
7.263	-1327.500000	0.000000	7.321126	-2730.000000	0.000000	0.000000	
7.275	-1338.750000	0.000000	7.210211	-2718.750000	0.000000	0.000000	
7.287	-1342.500000	0.000000	7.183319	-2707.500000	0.000000	0.000000	
7.298	-1357.500000	0.282085	7.117589	-2703.750000	0.000000	0.000000	
7.310	-1365.000000	0.000000	7.065349	-2696.250000	0.000000	0.000000	
7.322	-1372.500000	0.281570	6.985215	-2688.750000	0.000000	0.000000	
7.334	-1380.000000	0.000000	6.997624	-2685.000000	0.000000	0.000000	
7.345	-1391.250000	0.281456	6.922357	-2677.500000	0.000000	0.000000	
7.357	-1395.000000	0.000000	6.885562	-2670.000000	0.000000	0.000000	
7.369	-1410.000000	0.000000	6.891439	-2658.750000	0.000000	0.000000	
7.380	-1432.500000	0.000000	6.861742	-2647.500000	0.000000	0.000000	
7.392	-1447.500000	0.000000	7.063856	-2632.500000	0.000000	0.000000	
7.404	-1462.500000	0.279923	7.128880	-2613.750000	0.000000	0.000000	
7.416	-1496.250000	0.000000	6.992650	-2595.000000	0.000000	0.000000	
7.427	-1522.500000	0.272826	6.931546	-2568.750000	0.654782	0.000000	
7.439	-1548.750000	0.000000	7.009559	-2542.500000	0.000000	0.000000	
7.451	-1586.250000	0.000000	7.080698	-2523.750000	0.000000	0.000000	
7.463	-1620.000000	0.000000	6.950561	-2493.750000	0.672086	0.000000	
7.474	-1653.750000	0.000000	6.882851	-2452.500000	0.673717	0.000000	
7.486	-1702.500000	0.000000	6.742126	-2422.500000	1.013240	0.000000	
7.498	-1736.250000	0.281057	6.666409	-2396.250000	1.011804	0.000000	
7.510	-1773.750000	0.000000	6.660617	-2343.750000	1.684975	0.000000	
7.521	-1830.000000	0.000000	6.562288	-2306.250000	0.675356	0.000000	
7.533	-1871.250000	0.281341	6.460148	-2265.000000	0.675219	0.000000	
7.542	-1901.250000	0.000000	6.270873	-2227.500000	0.674946	0.000000	
7.554	-1950.000000	0.000000	6.288007	-2190.000000	0.000000	0.000000	
7.565	-2002.500000	0.000000	6.158905	-2152.500000	0.696100	0.000000	
7.577	-2036.250000	0.281570	5.899336	-2126.250000	0.675767	0.000000	
7.589	-2077.500000	0.000000	5.791282	-2088.750000	0.674809	0.000000	
7.601	-2122.500000	0.000000	5.622939	-2043.750000	0.674946	0.000000	
7.609	-2156.250000	0.000000	5.463219	-2017.500000	0.674809	0.000000	
7.621	-2197.500000	0.000000	5.311842	-1980.000000	0.694793	0.161095	
7.633	-2238.750000	0.000000	4.981309	-1938.750000	0.677554	0.598795	
7.645	-2291.250000	0.000000	4.812735	-1893.750000	1.036569	0.901158	
7.657	-2328.750000	0.000000	4.479315	-1871.250000	0.000000	1.716197	
7.669	-2370.000000	0.000000	4.304276	-1822.500000	1.688391	1.582913	
7.680	-2411.250000	0.281398	3.949360	-1773.750000	0.675356	2.026994	
7.692	-2448.750000	0.281627	3.781070	-1743.750000	1.013857	2.287027	
7.704	-2490.000000	0.000000	3.418916	-1698.750000	0.677278	2.861399	
7.713	-2512.500000	0.282717	3.236294	-1668.750000	0.000000	3.073560	
7.725	-2553.750000	0.000000	3.053658	-1627.500000	0.674263	3.286906	
7.736	-2595.000000	0.000000	2.696887	-1593.750000	0.676042	3.649552	
7.748	-2636.250000	0.000000	2.513195	-1567.500000	1.012214	3.474165	
7.760	-2666.250000	0.281170	2.181960	-1537.500000	0.674809	3.745153	
7.772	-2688.750000	0.281684	2.132853	-1503.750000	0.676042	3.680262	
7.784	-2722.500000	0.281341	1.758969	-1477.500000	0.000000	4.397732	
7.795	-2741.250000	0.000000	1.574598	-1462.500000	0.000000	4.574146	
7.807	-2756.250000	0.281684	1.409886	-1440.000000	1.014062	4.328622	
7.819	-2775.000000	0.000000	1.384089	-1425.000000	0.000000	4.309904	
7.831	-2782.500000	0.000000	1.293280	-1417.500000	0.000000	4.820212	
7.843	-2793.750000	0.000000	1.105996	-1410.000000	0.000000	5.085019	
7.854	-2801.250000	0.000000	0.825358	-1402.500000	0.000000	4.998480	
7.866	-2801.250000	0.000000	0.623339	-1398.750000	0.000000	4.864502	
7.878	-2805.000000	0.000000	0.248768	-1395.000000	0.000000	4.819648	
7.890	-2808.750000	0.000000	0.064624	-1391.250000	0.000000	4.765887	
7.901	-2808.750000	0.000000	0.000000	-1391.250000	0.000000	4.752365	
7.913	-2812.500000	0.000000	0.000000	-1391.250000	0.000000	4.744632	
7.925	-2812.500000	0.000000	0.000000	-1391.250000	0.000000	4.745839	
7.936	-2812.500000	0.000000	0.000000	-1391.250000	0.000000	4.753442	
7.948	-2812.500000	0.000000	0.000000	-1391.250000	0.000000	4.758027	
7.960	-2812.500000	0.000000	0.000000	-1391.250000	0.000000	4.764783	
7.972	-2812.500000	0.000000	0.000000	-1391.250000	0.000000	4.766224	
7.984	-2812.500000	0.000000	0.000000	-1391.250000	0.000000	4.763787	
7.995	-2812.500000	0.000000	0.000000	-1391.250000	0.000000	4.759802	
8.007	-2812.500000	0.000000	0.000000	-1391.250000	0.000000	4.744398	
8.019	-2812.500000	0.000000	0.000000	-1391.250000	0.000000	4.733096	
8.030	-2812.500000	0.000000	0.000000	-1391.250000	0.000000	4.719556	
8.042	-2812.500000	0.000000	0.000000	-1391.250000	0.000000	4.686686	
8.054	-2812.500000	0.000000	0.000000	-1391.250000	0.000000	4.666434	
8.066	-2812.500000	0.000000	0.000000	-1391.250000	0.000000	4.619435	
8.078	-2812.500000	0.000000	0.000000	-1391.250000	0.000000	4.594464	
8.089	-2812.500000	0.000000	0.000000	-1391.250000	0.000000	4.535367	
8.101	-2812.500000	0.000000	0.000000	-1391.250000	0.000000	4.503039	
8.113	-2812.500000	0.000000	0.000000	-1391.250000	0.000000	4.435510	
8.124	-2812.500000	0.000000	0.000000	-1391.250000	0.000000	4.398425	
8.136	-2812.500000	0.000000	0.000000	-1391.250000	0.000000	4.320657	
8.146	-2812.500000	0.000000	0.000000	-1391.250000	0.000000	4.280205	
8.158	-2812.500000	0.000000	0.000000	-1391.250000	0.000000	4.235893	
8.169	-2812.500000	0.000000	0.000000	-1391.250000	0.000000	4.153179	
8.181	-2812.500000	0.000000	0.000000	-1391.250000	0.000000	4.109917	
8.193	-2812.500000	0.000000	0.000000	-1391.250000	0.000000	4.022248	
8.205	-2812.500000	0.000000	0.000000	-1391.250000	0.000000	3.978030	
8.216	-2812.500000	0.000000	0.000000	-1391.250000	0.000000	3.891954	
8.228	-2812.500000	0.000000	0.000000	-1391.250000	0.000000	3.847194	
8.240	-2812.500000	0.000000	0.000000	-1391.250000	0.000000	3.760011	
8.252	-2812.500000	0.000000	0.000000	-1391.250000	0.000000	3.715086	
8.263	-2812.500000	0.000000	0.000000	-1391.250000	0.000000	3.670219	
8.275	-2812.500000	0.000000	0.000000	-1391.250000	0.000000	3.581847	
8.287	-2816.250000	0.000000	0.000000	-1391.250000	0.000000	3.541296	
8.299	-2816.250000	0.000000	0.000000	-1387.500000	0.000000	3.456665	
8.310	-2816.250000	0.000000	0.000000	-1387.500000	0.000000	3.415496	
8.322	-2820.000000	0.000000	0.000000	-1387.500000	0.000000	3.338565	
8.334	-2820.000000	0.000000	0.000000	-1387.500000	0.000000	3.300075	
8.345	-2820.000000	0.000000	0.000000	-1387.500000	0.000000	3.225508	
8.357	-2820.000000	0.000000	0.000000	-1387.500000	0.000000	3.191616	
8.368	-2820.000000	0.000000	0.000000	-1387.500000	0.000000	3.121695	
8.380	-2805.000000	0.000000	0.000000	-1391.250000	0.000000	3.087766	
8.392	-2778.750000	0.843511	0.000000	-1417.500000	0.000000	3.219355	
8.403	-2745.000000	0.562341	0.000000	-1462.500000	0.000000	3.173197	
8.415	-2685.000000	0.281227	0.000000	-1518.750000	0.000000	3.126553	
8.427	-2606.250000	1.128109	0.085337	-1593.750000	0.000000	3.032307	
8.439	-2508.750000	1.962232	0.682540	-1687.500000	0.000000	2.977039	
8.450	-2370.000000	1.688733	1.718609	-1815.000000	0.000000	2.849088	
8.462	-2231.250000	2.586058	2.586398	-1965.000000	0.000000	2.775040	
8.474	-2092.500000	1.402727	3.977674	-2081.250000	0.000000	2.600774	
8.485	-1968.750000	0.845224	4.616674	-2175.000000	0.000000	2.491016	
8.497	-1890.000000	1.123999	5.512436	-2261.250000	0.000000	2.238954	
8.509	-1800.000000	1.977003	5.907387	-2340.000000	0.000000	2.098830	
8.521	-1713.750000	1.407278	6.503972	-2422.500000	0.000000	1.798515	
8.532	-1661.250000	0.550412	6.812626	-2493.750000	0.000000	1.625690	
8.544	-1601.250000	1.404146	6.859888	-2535.000000	0.000000	1.257611	
8.555	-1545.000000	0.563597	6.752029	-2580.000000	0.000000	1.055324	
8.564	-1522.500000	0.865423	6.698371	-2606.250000	0.000000	0.819246	
8.576	-1496.250000	0.000000	6.586670	-2632.500000	0.337815	0.616251	
8.588	-1462.500000	0.550412	6.834931	-2651.250000	0.000000	0.203274	
8.601	-1455.000000	0.000000	6.955582	-2658.750000	0.000000	0.106983	
8.612	-1455.000000	0.000000	6.783538	-2658.750000	0.000000	0.000000	
8.624	-1455.000000	0.000000	6.592430	-2658.750000	0.000000	0.000000	
8.636	-1462.500000	0.000000	6.279888	-2655.000000	0.997067	0.000000	
8.645	-1481.250000	0.000000	6.174198	-2647.500000	0.000000	0.000000	
8.656	-1507.500000	0.280829	6.180626	-2628.750000	0.000000	0.000000	
8.669	-1518.750000	0.000000	6.114369	-2613.750000	0.000000	0.000000	
8.681	-1541.250000	0.000000	5.986766	-2598.750000	0.000000	0.000000	
8.693	-1563.750000	0.281114	5.804978	-2583.750000	0.000000	0.000000	
8.704	-1575.000000	0.000000	5.851860	-2565.000000	0.000000	0.000000	
8.716	-1590.000000	0.280489	5.862473	-2557.500000	0.000000	0.000000	
8.728	-1605.000000	0.000000	5.929709	-2546.250000	0.000000	0.000000	
8.739	-1616.250000	0.000000	6.024848	-2535.000000	0.000000	0.000000	
8.751	-1627.500000	0.284805	5.945927	-2531.250000	0.000000	0.000000	
8.763	-1642.500000	0.000000	5.971689	-2520.000000	0.000000	0.000000	
8.772	-1653.750000	0.000000	5.788569	-2508.750000	0.000000	0.000000	
8.783	-1668.750000	0.000000	5.826913	-2493.750000	0.000000	0.000000	
8.795	-1687.500000	0.277295	5.621181	-2478.750000	0.000000	0.000000	
8.807	-1706.250000	0.000000	5.524732	-2463.750000	0.000000	0.000000	
8.818	-1721.250000	0.000000	5.431857	-2445.000000	0.000000	0.000000	
8.830	-1743.750000	0.000000	5.292945	-2426.250000	1.011394	0.000000	
8.842	-1770.000000	0.000000	5.339493	-2407.500000	1.024247	0.000000	
8.854	-1788.750000	0.285449	5.189396	-2381.250000	1.027617	0.000000	
8.865	-1818.750000	0.000000	5.239447	-2358.750000	1.027828	0.000000	
8.877	-1852.500000	0.282832	5.211064	-2336.250000	0.000000	0.000000	
8.889	-1875.000000	0.000000	5.108393	-2302.500000	0.679766	0.000000	
8.901	-1908.750000	0.000000	4.946601	-2265.000000	0.676453	0.000000	
8.912	-1950.000000	0.000000	4.978583	-2242.500000	1.013240	0.000000	
8.924	-1976.250000	0.282257	4.757255	-2216.250000	0.677416	0.000000	
8.936	-2010.000000	0.000000	4.652342	-2175.000000	0.674672	0.000000	
8.947	-2051.250000	0.000000	4.421906	-2160.000000	0.000000	0.000000	
8.959	-2077.500000	0.277517	4.334573	-2133.750000	0.666040	0.000000	
8.971	-2111.250000	0.000000	4.350866	-2088.750000	0.673445	0.000000	
8.982	-2160.000000	0.000000	4.081939	-2062.500000	0.000000	0.000000	
8.994	-2190.000000	0.281170	3.943785	-2032.500000	0.674809	0.000000	
9.006	-2220.000000	0.000000	3.814894	-1987.500000	0.667107	0.052920	
9.018	-2265.000000	0.000000	3.660901	-1961.250000	0.000000	0.237038	
9.030	-2291.250000	0.000000	3.359086	-1935.000000	0.000000	0.020408	
9.041	-2321.250000	0.000000	3.222727	-1905.000000	0.000000	0.219437	
9.053	-2362.500000	0.000000	3.190089	-1882.500000	0.000000	0.080231	
9.065	-2385.000000	0.000000	3.010828	-1852.500000	0.676316	0.555138	
9.077	-2407.500000	0.000000	2.666653	-1822.500000	0.692482	0.842267	
9.089	-2441.250000	0.284222	2.490174	-1796.250000	0.000000	1.409383	
9.100	-2456.250000	0.000000	2.152539	-1777.500000	0.000000	1.872722	
9.112	-2478.750000	0.000000	1.980650	-1751.250000	1.023617	2.045735	
9.124	-2505.000000	0.281170	1.804612	-1721.250000	0.000000	1.968925	
9.136	-2516.250000	0.280489	1.628017	-1702.500000	0.000000	2.537775	
9.148	-2546.250000	0.000000	1.486768	-1687.500000	0.000000	3.000241	
9.159	-2568.750000	0.281000	1.270018	-1657.500000	0.674399	3.249151	
9.171	-2587.500000	0.000000	1.127728	-1631.250000	1.016538	3.692147	
9.183	-2621.250000	0.000000	0.925267	-1612.500000	1.009759	4.524754	
9.195	-2647.500000	0.000000	0.754027	-1593.750000	0.000000	4.818049	
9.206	-2658.750000	0.000000	0.426716	-1575.000000	0.000000	5.021309	
9.218	-2688.750000	0.000000	0.299205	-1556.250000	1.012624	4.824930	
9.230	-2707.500000	0.000000	0.158167	-1533.750000	1.004886	4.508822	
9.242	-2715.000000	0.281227	0.132364	-1518.750000	0.000000	4.375901	
9.254	-2745.000000	0.000000	0.000000	-1500.000000	0.000000	4.165404	
9.266	-2760.000000	0.283757	0.000000	-1477.500000	0.000000	4.224187	
9.278	-2775.000000	0.281970	0.000000	-1462.500000	0.000000	4.637496	
9.290	-2797.500000	0.280943	0.000000	-1447.500000	1.011394	4.477101	
9.301	-2805.000000	0.000000	0.000000	-1432.500000	0.000000	4.537521	
9.313	-2820.000000	0.000000	0.000000	-1417.500000	0.000000	4.997206	
9.325	-2835.000000	0.281341	0.000000	-1410.000000	0.000000	4.881041	
9.336	-2838.750000	0.000000	0.000000	-1398.750000	0.000000	4.839818	
9.348	-2846.250000	0.000000	0.000000	-1391.250000	0.000000	4.866381	
9.360	-2853.750000	0.000000	0.000000	-1387.500000	0.000000	5.365005	
9.372	-2857.500000	0.000000	0.000000	-1380.000000	1.010985	5.401910	
9.384	-2861.250000	0.000000	0.000000	-1376.250000	0.000000	5.845082	
9.395	-2861.250000	0.000000	0.000000	-1376.250000	0.000000	5.746606	
9.404	-2861.250000	0.000000	0.000000	-1376.250000	0.000000	5.707000	
9.416	-2861.250000	0.000000	0.000000	-1376.250000	0.000000	5.672625	
9.428	-2861.250000	0.000000	0.000000	-1376.250000	0.000000	5.616755	
9.440	-2861.250000	0.000000	0.000000	-1376.250000	0.000000	5.590585	
9.449	-2861.250000	0.000000	0.000000	-1376.250000	0.000000	5.565137	
9.461	-2861.250000	0.000000	0.000000	-1376.250000	0.000000	5.515851	
9.473	-2861.250000	0.000000	0.000000	-1376.250000	0.000000	5.489521	
9.485	-2861.250000	0.000000	0.000000	-1376.250000	0.000000	5.434114	
9.496	-2861.250000	0.000000	0.000000	-1376.250000	0.000000	5.404561	
9.508	-2861.250000	0.000000	0.000000	-1376.250000	0.000000	5.342337	
9.520	-2861.250000	0.000000	0.000000	-1376.250000	0.000000	5.307446	
9.532	-2861.250000	0.000000	0.000000	-1376.250000	0.000000	5.235320	
9.544	-2861.250000	0.000000	0.000000	-1376.250000	0.000000	5.195898	
9.555	-2861.250000	0.000000	0.000000	-1376.250000	0.000000	5.112143	
9.567	-2861.250000	0.000000	0.000000	-1376.250000	0.000000	5.067977	
9.579	-2861.250000	0.000000	0.000000	-1376.250000	0.000000	4.978933	
9.591	-2861.250000	0.000000	0.000000	-1376.250000	0.000000	4.931323	
9.603	-2861.250000	0.000000	0.000000	-1376.250000	0.000000	4.833353	
9.614	-2861.250000	0.000000	0.000000	-1376.250000	0.000000	4.786507	
9.626	-2861.250000	0.000000	0.000000	-1376.250000	0.000000	4.736037	
9.638	-2861.250000	0.000000	0.000000	-1376.250000	0.000000	4.634188	
9.650	-2861.250000	0.000000	0.000000	-1376.250000	0.000000	4.534580	
9.662	-2861.250000	0.000000	0.000000	-1376.250000	0.000000	4.483011	
9.674	-2861.250000	0.000000	0.000000	-1376.250000	0.000000	4.431162	
9.685	-2861.250000	0.000000	0.000000	-1376.250000	0.000000	4.327678	
9.697	-2861.250000	0.000000	0.000000	-1376.250000	0.000000	4.279349	
9.709	-2861.250000	0.000000	0.000000	-1376.250000	0.000000	4.176271	
9.721	-2861.250000	0.000000	0.000000	-1376.250000	0.000000	4.124840	
9.732	-2861.250000	0.000000	0.000000	-1376.250000	0.000000	4.025906	
9.744	-2857.500000	0.000000	0.000000	-1376.250000	0.000000	3.975257	
9.756	-2853.750000	0.000000	0.000000	-1380.000000	0.342680	3.875088	
9.767	-2846.250000	0.000000	0.000000	-1387.500000	0.000000	3.828820	
9.779	-2838.750000	0.000000	0.000000	-1398.750000	0.000000	3.731386	
9.788	-2827.500000	0.845223	0.000000	-1410.000000	0.000000	3.683105	
9.800	-2805.000000	0.000000	0.000000	-1432.500000	0.336518	3.634945	
9.812	-2775.000000	0.000000	0.000000	-1466.250000	0.000000	3.565158	
9.823	-2730.000000	0.562455	0.000000	-1511.250000	0.000000	3.708264	
9.835	-2658.750000	1.408420	0.000000	-1578.750000	0.000000	3.724135	
9.847	-2580.000000	1.121502	0.000000	-1657.500000	0.000000	3.639246	
9.859	-2467.500000	1.968991	0.728105	-1758.750000	0.000000	3.455860	
9.870	-2347.500000	0.838079	1.217770	-1890.000000	0.000000	3.356177	
9.882	-2250.000000	1.104546	3.113321	-1995.000000	0.000000	3.254601	
9.894	-2137.500000	1.952767	3.930924	-2058.750000	0.000000	3.008062	
9.905	-2051.250000	0.276908	5.051000	-2156.250000	0.000000	2.872326	
9.917	-1953.750000	0.837742	5.426807	-2253.750000	0.000000	2.588409	
9.929	-1856.250000	0.855819	5.754461	-2306.250000	0.000000	2.427077	
9.941	-1785.000000	1.406422	6.157657	-2388.750000	0.000000	2.075367	
9.952	-1717.500000	1.406137	6.424496	-2478.750000	0.000000	1.897587	
9.964	-1646.250000	1.436699	6.814775	-2523.750000	0.000000	1.475166	
9.976	-1601.250000	0.000000	6.774446	-2565.000000	0.000000	1.246040	
9.987	-1563.750000	0.563139	7.240906	-2606.250000	0.000000	0.785257	
9.999	-1530.000000	0.569376	7.310020	-2625.000000	0.000000	0.564281	
10.011	-1515.000000	0.000000	7.480601	-2640.000000	0.000000	0.203759	
10.022	-1515.000000	0.000000	7.202300	-2655.000000	0.000000	0.000000	
10.034	-1507.500000	0.000000	6.725246	-2658.750000	0.000000	0.000000	
10.046	-1507.500000	0.000000	6.535463	-2658.750000	0.000000	0.000000	
10.057	-1507.500000	0.000000	6.190990	-2655.000000	0.000000	0.000000	
10.069	-1526.250000	0.000000	6.076356	-2640.000000	1.012214	0.000000	
10.081	-1556.250000	0.000000	6.075797	-2621.250000	0.000000	0.000000	
10.092	-1575.000000	0.000000	5.837730	-2602.500000	0.000000	0.000000	
10.104	-1597.500000	0.000000	5.763620	-2583.750000	0.000000	0.000000	
10.116	-1631.250000	0.000000	5.869379	-2553.750000	1.011190	0.000000	
10.127	-1657.500000	0.281227	5.788375	-2531.250000	0.000000	0.000000	
10.139	-1683.750000	0.282889	5.887116	-2512.500000	1.018402	0.000000	
10.151	-1721.250000	0.000000	5.783134	-2478.750000	0.000000	0.000000	
10.162	-1743.750000	0.281513	5.619471	-2448.750000	0.000000	0.000000	
10.174	-1777.500000	0.000000	5.650250	-2430.000000	1.012829	0.000000	
10.186	-1807.500000	0.000000	5.464316	-2403.750000	0.000000	0.000000	
10.198	-1833.750000	0.281114	5.514349	-2370.000000	0.000000	0.000000	
10.209	-1863.750000	0.000000	5.584799	-2351.250000	0.000000	0.000000	
10.221	-1893.750000	0.000000	5.572488	-2325.000000	1.009351	0.000000	
10.233	-1923.750000	0.000000	5.428659	-2287.500000	0.675630	0.000000	
10.244	-1961.250000	0.000000	5.288060	-2257.500000	0.000000	0.000000	
10.256	-1998.750000	0.000000	5.126328	-2231.250000	0.679905	0.000000	
10.268	-2032.500000	0.000000	4.815769	-2190.000000	1.689418	0.000000	
10.280	-2073.750000	0.000000	4.654915	-2156.250000	0.000000	0.000000	
10.291	-2111.250000	0.000000	4.333704	-2141.250000	1.022779	0.000000	
10.303	-2148.750000	0.000000	4.181940	-2096.250000	0.686348	0.000000	
10.315	-2182.500000	0.000000	4.038713	-2066.250000	0.000000	0.000000	
10.326	-2208.750000	0.000000	3.994029	-2043.750000	0.000000	0.000000	
10.338	-2250.000000	0.283641	3.804769	-2006.250000	0.680738	0.000000	
10.350	-2283.750000	0.000000	3.613089	-1968.750000	0.999860	0.000000	
10.362	-2313.750000	0.000000	3.429769	-1942.500000	1.008537	0.000000	
10.373	-2355.000000	0.000000	3.362580	-1912.500000	0.000000	0.179219	
10.385	-2385.000000	0.000000	2.967599	-1882.500000	1.022989	0.430360	
10.397	-2422.500000	0.000000	2.766208	-1848.750000	0.675630	1.125049	
10.409	-2452.500000	0.282947	2.568222	-1815.000000	0.679073	0.916187	
10.421	-2478.750000	0.000000	2.223395	-1781.250000	1.014474	1.032646	
10.432	-2508.750000	0.000000	2.195653	-1755.000000	1.018402	1.190998	
10.442	-2531.250000	0.000000	1.925057	-1732.500000	0.000000	1.073258	
10.454	-2557.500000	0.000000	1.725301	-1695.000000	0.675493	1.704703	
10.466	-2583.750000	0.281456	1.518333	-1672.500000	1.013240	1.606773	
10.477	-2617.500000	0.000000	1.152234	-1646.250000	0.676042	2.445242	
10.489	-2651.250000	0.000000	0.971325	-1612.500000	0.000000	2.675659	
10.501	-2666.250000	0.282085	0.621708	-1590.000000	0.000000	3.214715	
10.513	-2703.750000	0.000000	0.464202	-1575.000000	0.998661	3.025086	
10.524	-2730.000000	0.000000	0.139320	-1545.000000	0.673581	2.775965	
10.533	-2741.250000	0.000000	0.014822	-1518.750000	1.028886	3.044678	
10.545	-2771.250000	0.000000	0.005727	-1500.000000	0.000000	3.231513	
10.557	-2793.750000	0.279754	0.000000	-1481.250000	0.000000	3.073187	
10.568	-2805.000000	0.280772	0.000000	-1455.000000	0.000000	3.493152	
10.580	-2835.000000	0.000000	0.000000	-1440.000000	0.000000	3.958366	
10.592	-2850.000000	0.000000	0.000000	-1421.250000	0.999460	4.324210	
10.604	-2861.250000	0.000000	0.000000	-1406.250000	0.000000	4.179928	
10.616	-2876.250000	0.000000	0.000000	-1395.000000	1.010372	4.565036	
10.628	-2883.750000	0.000000	0.000000	-1387.500000	1.016744	4.970158	
10.639	-2887.500000	0.000000	0.000000	-1380.000000	0.000000	4.942427	
10.651	-2891.250000	0.000000	0.000000	-1376.250000	0.000000	5.262973	
10.663	-2895.000000	0.000000	0.000000	-1372.500000	1.006708	5.174956	
10.675	-2895.000000	0.000000	0.000000	-1368.750000	0.000000	5.628459	
10.687	-2895.000000	0.000000	0.000000	-1368.750000	0.000000	5.543286	
10.699	-2895.000000	0.000000	0.000000	-1368.750000	0.000000	5.470605	
10.711	-2895.000000	0.000000	0.000000	-1368.750000	0.000000	5.354319	
10.722	-2895.000000	0.000000	0.000000	-1368.750000	0.000000	5.303909	
10.734	-2895.000000	0.000000	0.000000	-1368.750000	0.000000	5.217420	
10.746	-2895.000000	0.000000	0.000000	-1368.750000	0.000000	5.181733	
10.758	-2895.000000	0.000000	0.000000	-1368.750000	0.000000	5.111752	
10.770	-2895.000000	0.000000	0.000000	-1368.750000	0.000000	5.078868	
10.781	-2895.000000	0.000000	0.000000	-1368.750000	0.000000	5.016875	
10.793	-2895.000000	0.000000	0.000000	-1368.750000	0.000000	4.984762	
10.805	-2895.000000	0.000000	0.000000	-1368.750000	0.000000	4.918679	
10.817	-2895.000000	0.000000	0.000000	-1368.750000	0.000000	4.886662	
10.829	-2895.000000	0.000000	0.000000	-1368.750000	0.000000	4.814994	
10.840	-2895.000000	0.000000	0.000000	-1368.750000	0.000000	4.777292	
10.852	-2895.000000	0.000000	0.000000	-1368.750000	0.000000	4.701774	
10.864	-2895.000000	0.000000	0.000000	-1368.750000	0.000000	4.661559	
10.876	-2895.000000	0.000000	0.000000	-1368.750000	0.000000	4.577797	
10.887	-2895.000000	0.000000	0.000000	-1368.750000	0.000000	4.537048	
10.899	-2895.000000	0.000000	0.000000	-1368.750000	0.000000	4.493071	
10.910	-2895.000000	0.000000	0.000000	-1368.750000	0.000000	4.394660	
10.922	-2895.000000	0.000000	0.000000	-1368.750000	0.000000	4.343259	
10.934	-2895.000000	0.000000	0.000000	-1368.750000	0.000000	4.297574	
10.945	-2895.000000	0.000000	0.000000	-1368.750000	0.000000	4.208051	
10.957	-2895.000000	0.000000	0.000000	-1368.750000	0.000000	4.161542	
10.969	-2895.000000	0.000000	0.000000	-1368.750000	0.000000	4.068537	
10.981	-2895.000000	0.000000	0.000000	-1368.750000	0.000000	4.024866	
10.993	-2895.000000	0.000000	0.000000	-1368.750000	0.000000	3.931212	
11.004	-2895.000000	0.000000	0.000000	-1368.750000	0.000000	3.884426	
11.016	-2895.000000	0.000000	0.000000	-1368.750000	0.000000	3.794711	
11.028	-2895.000000	0.000000	0.000000	-1368.750000	0.000000	3.749011	
11.040	-2895.000000	0.000000	0.000000	-1368.750000	0.000000	3.659421	
11.051	-2895.000000	0.000000	0.000000	-1368.750000	0.000000	3.618342	
11.063	-2895.000000	0.000000	0.000000	-1368.750000	0.000000	3.532248	
11.075	-2895.000000	0.000000	0.000000	-1368.750000	0.000000	3.490079	
11.087	-2895.000000	0.000000	0.000000	-1368.750000	0.000000	3.410926	
11.098	-2895.000000	0.000000	0.000000	-1368.750000	0.000000	3.371341	
11.110	-2895.000000	0.000000	0.000000	-1368.750000	0.000000	3.294193	
11.122	-2887.500000	0.000000	0.000000	-1372.500000	0.000000	3.258945	
11.134	-2883.750000	0.000000	0.000000	-1380.000000	0.000000	3.222193	
11.145	-2872.500000	0.000000	0.000000	-1391.250000	0.000000	3.149673	
11.157	-2857.500000	0.000000	0.000000	-1410.000000	0.000000	3.113693	
11.169	-2838.750000	0.841126	0.000000	-1432.500000	0.000000	3.044119	
11.181	-2805.000000	0.563826	0.000000	-1462.500000	0.000000	3.045706	
11.192	-2752.500000	1.395675	0.000000	-1511.250000	0.000000	3.313825	
11.201	-2703.750000	1.142736	0.036647	-1563.750000	0.000000	3.247034	
11.213	-2625.000000	1.123090	1.410768	-1642.500000	0.000000	3.176913	
11.225	-2520.000000	0.843682	1.879412	-1736.250000	0.000000	3.020768	
11.236	-2400.000000	0.843682	2.201034	-1863.750000	0.000000	2.940778	
11.248	-2291.250000	1.663437	3.310994	-1983.750000	0.000000	2.747136	
11.260	-2160.000000	1.688733	3.630827	-2073.750000	0.000000	2.634983	
11.271	-2036.250000	0.831885	5.126085	-2190.000000	0.000000	2.385762	
11.283	-1935.000000	0.843682	5.863077	-2295.000000	0.000000	2.239248	
11.295	-1818.750000	0.841636	6.816041	-2381.250000	0.000000	1.908494	
11.306	-1721.250000	1.133174	7.365757	-2482.500000	0.000000	1.737769	
11.318	-1642.500000	1.124454	7.823394	-2572.500000	0.000000	1.339267	
11.329	-1548.750000	1.125822	8.093741	-2632.500000	0.000000	1.120967	
11.341	-1477.500000	0.562683	8.561841	-2696.250000	0.000000	0.892020	
11.353	-1425.000000	0.558270	8.383889	-2756.250000	0.000000	0.433496	
11.365	-1368.750000	0.281684	8.349769	-2775.000000	0.000000	0.186194	
11.376	-1335.000000	0.841126	8.381236	-2808.750000	0.000000	0.000000	
11.388	-1316.250000	0.845738	8.553353	-2846.250000	0.338295	0.000000	
11.400	-1293.750000	0.000000	8.397458	-2853.750000	0.000000	0.000000	
11.411	-1290.000000	0.000000	8.499460	-2853.750000	0.000000	0.000000	
11.423	-1290.000000	0.000000	7.948257	-2853.750000	0.000000	0.000000	
11.435	-1290.000000	0.000000	7.711824	-2853.750000	0.000000	0.000000	
11.446	-1297.500000	0.000000	7.307802	-2850.000000	0.000000	0.000000	
11.458	-1323.750000	0.000000	7.145640	-2831.250000	0.000000	0.000000	
11.470	-1346.250000	0.281170	7.016530	-2816.250000	0.000000	0.000000	
11.481	-1361.250000	0.279641	7.038826	-2797.500000	0.000000	0.000000	
11.493	-1391.250000	0.000000	7.062244	-2771.250000	0.000000	0.000000	
11.505	-1410.000000	0.277018	6.948123	-2760.000000	0.997266	0.000000	
11.517	-1425.000000	0.000000	6.957789	-2748.750000	0.000000	0.000000	
11.528	-1451.250000	0.000000	6.862694	-2737.500000	0.000000	0.000000	
11.540	-1466.250000	0.000000	6.765922	-2722.500000	1.010781	0.000000	
11.552	-1485.000000	0.000000	6.686194	-2703.750000	0.000000	0.000000	
11.563	-1503.750000	0.281284	6.693606	-2692.500000	1.012624	0.000000	
11.575	-1526.250000	0.000000	6.636746	-2681.250000	0.000000	0.000000	
11.587	-1541.250000	0.000000	6.646364	-2662.500000	1.061674	0.000000	
11.599	-1563.750000	0.000000	6.378682	-2647.500000	1.012214	0.000000	
11.610	-1590.000000	0.000000	6.282284	-2628.750000	1.057406	0.000000	
11.622	-1608.750000	0.279754	6.347135	-2602.500000	1.007114	0.000000	
11.634	-1638.750000	0.000000	6.339068	-2587.500000	0.000000	0.000000	
11.646	-1665.000000	0.281684	6.052613	-2565.000000	1.014062	0.000000	
11.658	-1691.250000	0.000000	5.923357	-2538.750000	0.000000	0.000000	
11.669	-1721.250000	0.000000	5.656758	-2520.000000	0.889674	0.000000	
11.681	-1747.500000	0.278743	5.527701	-2490.000000	0.668983	0.000000	
11.693	-1781.250000	0.000000	5.431151	-2456.250000	0.000000	0.000000	
11.705	-1815.000000	0.000000	5.457294	-2433.750000	0.000000	0.000000	
11.716	-1852.500000	0.000000	5.311351	-2403.750000	0.676316	0.000000	
11.728	-1878.750000	0.000000	5.051082	-2362.500000	0.683391	0.000000	
11.740	-1916.250000	0.000000	5.036034	-2336.250000	0.000000	0.000000	
11.751	-1961.250000	0.000000	4.726215	-2306.250000	0.677141	0.000000	
11.763	-1987.500000	0.282947	4.602118	-2261.250000	0.679073	0.000000	
11.775	-2025.000000	0.000000	4.574843	-2235.000000	0.000000	0.000000	
11.787	-2070.000000	0.000000	4.400218	-2208.750000	0.700490	0.000000	
11.798	-2096.250000	0.281057	4.087287	-2163.750000	0.674536	0.059083	
11.810	-2141.250000	0.000000	4.057496	-2141.250000	1.047432	0.359517	
11.822	-2182.500000	0.000000	3.698612	-2118.750000	0.682272	0.243408	
11.834	-2201.250000	0.000000	3.520607	-2077.500000	0.675493	0.842473	
11.845	-2235.000000	0.000000	3.356313	-2051.250000	1.012009	1.037884	
11.857	-2265.000000	0.000000	3.011711	-2036.250000	0.000000	0.965411	
11.869	-2276.250000	0.000000	2.842253	-2006.250000	0.674809	0.861822	
11.881	-2310.000000	0.000000	2.519742	-1983.750000	0.000000	1.119684	
11.892	-2340.000000	0.000000	2.356029	-1965.000000	1.013651	1.395106	
11.904	-2355.000000	0.000000	2.064801	-1935.000000	0.000000	2.205582	
11.916	-2385.000000	0.000000	2.047602	-1916.250000	0.000000	2.415352	
11.928	-2411.250000	0.000000	1.718147	-1905.000000	0.000000	2.943136	
11.937	-2422.500000	0.281000	1.557229	-1886.250000	0.000000	2.805542	
11.949	-2441.250000	0.281513	1.399460	-1863.750000	0.000000	3.177341	
11.960	-2463.750000	0.000000	1.098796	-1845.000000	0.982174	3.198434	
11.972	-2478.750000	0.281456	0.979682	-1826.250000	0.000000	3.595597	
11.984	-2501.250000	0.000000	0.976651	-1796.250000	1.022152	4.360468	
11.996	-2523.750000	0.000000	0.813266	-1777.500000	1.016951	4.589458	
12.005	-2546.250000	0.000000	0.684057	-1762.500000	1.019441	4.356064	
12.017	-2568.750000	0.000000	0.492559	-1725.000000	0.667776	4.560019	
12.029	-2595.000000	0.281057	0.363253	-1695.000000	1.011804	4.772016	
12.040	-2628.750000	0.000000	0.174998	-1683.750000	0.000000	5.479740	
12.052	-2643.750000	0.000000	0.049711	-1657.500000	0.996868	5.760970	
12.064	-2658.750000	0.000000	0.039910	-1631.250000	0.000000	5.744913	
12.076	-2681.250000	0.281856	0.000000	-1620.000000	1.014680	6.114621	
12.088	-2700.000000	0.000000	0.000000	-1608.750000	0.000000	6.116430	
12.100	-2707.500000	0.000000	0.000000	-1590.000000	0.000000	5.987255	
12.112	-2730.000000	0.000000	0.000000	-1586.250000	0.000000	6.026093	
12.123	-2745.000000	0.284105	0.000000	-1575.000000	0.000000	5.808853	
12.135	-2748.750000	0.281627	0.000000	-1556.250000	0.000000	5.983290	
12.147	-2763.750000	0.000000	0.000000	-1548.750000	0.000000	5.788885	
12.159	-2767.500000	0.000000	0.000000	-1545.000000	0.000000	5.459949	
12.171	-2775.000000	0.000000	0.000000	-1530.000000	0.000000	5.312765	
12.182	-2786.250000	0.000000	0.000000	-1522.500000	0.000000	5.180367	
12.194	-2790.000000	0.000000	0.000000	-1515.000000	1.045679	5.037000	
12.206	-2801.250000	0.000000	0.000000	-1507.500000	0.000000	5.536983	
12.218	-2808.750000	0.279867	0.000000	-1496.250000	1.007520	5.753295	
12.230	-2812.500000	0.281513	0.000000	-1492.500000	0.000000	5.627102	
12.241	-2820.000000	0.000000	0.000000	-1488.750000	0.000000	5.394584	
12.253	-2820.000000	0.000000	0.000000	-1485.000000	0.000000	5.295177	
12.265	-2823.750000	0.000000	0.000000	-1481.250000	0.000000	5.131250	
12.277	-2831.250000	0.000000	0.000000	-1477.500000	0.000000	5.059537	
12.289	-2831.250000	0.000000	0.000000	-1473.750000	0.000000	4.937997	
12.300	-2835.000000	0.000000	0.000000	-1473.750000	0.000000	4.890501	
12.312	-2838.750000	0.000000	0.000000	-1470.000000	0.000000	4.801982	
12.324	-2838.750000	0.000000	0.000000	-1470.000000	0.000000	4.761820	
12.336	-2838.750000	0.000000	0.000000	-1466.250000	0.000000	4.687035	
12.347	-2842.500000	0.000000	0.000000	-1466.250000	0.000000	4.649319	
12.359	-2842.500000	0.000000	0.000000	-1466.250000	0.000000	4.575176	
12.371	-2842.500000	0.000000	0.000000	-1462.500000	0.000000	4.539793	
12.383	-2842.500000	0.000000	0.000000	-1462.500000	0.000000	4.461843	
12.394	-2846.250000	0.000000	0.000000	-1462.500000	0.000000	4.421442	
12.406	-2846.250000	0.000000	0.000000	-1462.500000	0.000000	4.379445	
12.418	-2846.250000	0.000000	0.000000	-1462.500000	0.000000	4.294762	
12.430	-2846.250000	0.000000	0.000000	-1462.500000	0.000000	4.249415	
12.441	-2846.250000	0.000000	0.000000	-1462.500000	0.000000	4.154349	
12.453	-2846.250000	0.000000	0.000000	-1462.500000	0.000000	4.108030	
12.465	-2846.250000	0.000000	0.000000	-1462.500000	0.000000	4.007052	
12.477	-2846.250000	0.000000	0.000000	-1462.500000	0.000000	3.955489	
12.488	-2846.250000	0.000000	0.000000	-1462.500000	0.000000	3.854053	
12.500	-2846.250000	0.000000	0.000000	-1462.500000	0.000000	3.801292	
12.512	-2846.250000	0.000000	0.000000	-1462.500000	0.000000	3.691112	
12.524	-2846.250000	0.000000	0.000000	-1462.500000	0.000000	3.637149	
12.535	-2846.250000	0.000000	0.000000	-1462.500000	0.000000	3.587043	
12.547	-2846.250000	0.000000	0.000000	-1462.500000	0.000000	3.479526	
12.559	-2846.250000	0.000000	0.000000	-1462.500000	0.000000	3.425877	
12.570	-2846.250000	0.000000	0.000000	-1462.500000	0.000000	3.323251	
12.582	-2846.250000	0.000000	0.000000	-1462.500000	0.000000	3.270670	
12.594	-2846.250000	0.000000	0.000000	-1462.500000	0.000000	3.166377	
12.605	-2846.250000	0.000000	0.000000	-1462.500000	0.000000	3.115100	
12.617	-2846.250000	0.000000	0.000000	-1462.500000	0.000000	3.017285	
12.629	-2827.500000	0.842999	0.000000	-1470.000000	0.337200	2.964376	
12.640	-2808.750000	0.843853	0.000000	-1492.500000	0.000000	2.866354	
12.652	-2778.750000	0.563597	0.000000	-1526.250000	0.000000	2.855560	
12.664	-2733.750000	0.589443	0.000000	-1571.250000	0.000000	2.966495	
12.676	-2666.250000	1.125822	0.105953	-1635.000000	0.000000	2.837866	
12.687	-2572.500000	0.869761	0.903046	-1717.500000	0.000000	2.770918	
12.699	-2463.750000	1.972188	1.401184	-1841.250000	0.000000	2.624875	
12.711	-2362.500000	0.842658	2.569293	-1953.750000	0.000000	2.539194	
12.722	-2235.000000	1.744258	3.004804	-2040.000000	0.000000	2.334080	
12.734	-2111.250000	1.968193	3.936933	-2156.250000	0.000000	2.222386	
12.746	-1991.250000	1.700456	4.855870	-2280.000000	0.000000	1.949145	
12.758	-1867.500000	1.682253	5.135269	-2370.000000	0.000000	1.791197	
12.769	-1743.750000	1.966600	6.551102	-2490.000000	0.000000	1.443035	
12.781	-1646.250000	0.844538	7.116382	-2606.250000	0.000000	1.239029	
12.793	-1526.250000	1.689761	7.459865	-2685.000000	0.000000	0.772618	
12.804	-1421.250000	1.124682	8.128597	-2767.500000	0.000000	0.535150	
12.816	-1346.250000	0.280375	9.537004	-2842.500000	0.000000	0.000087	
12.828	-1275.000000	1.403294	9.673034	-2902.500000	0.000000	0.000000	
12.839	-1222.500000	0.561658	9.174236	-2947.500000	0.000000	0.000000	
12.851	-1203.750000	0.000000	9.109952	-2988.750000	0.000000	0.000000	
12.863	-1177.500000	0.843511	8.714844	-3003.750000	0.000000	0.000000	
12.874	-1170.000000	0.000000	8.768328	-3003.750000	0.000000	0.000000	
12.886	-1170.000000	0.000000	8.427635	-3003.750000	0.000000	0.000000	
12.898	-1196.250000	0.000000	7.850472	-2992.500000	1.010781	0.000000	
12.910	-1241.250000	0.000000	7.591403	-2955.000000	0.661543	0.000000	
12.921	-1275.000000	0.281170	7.141780	-2917.500000	1.012214	0.000000	
12.933	-1308.750000	0.000000	6.947062	-2872.500000	1.690104	0.000000	
12.945	-1376.250000	0.000000	6.612340	-2827.500000	0.658146	0.000000	
12.956	-1440.000000	0.000000	6.453775	-2778.750000	0.676866	0.000000	
12.968	-1485.000000	0.000000	6.169277	-2730.000000	0.693491	0.000000	
12.980	-1563.750000	0.000000	6.029349	-2692.500000	0.675493	0.000000	
12.991	-1638.750000	0.000000	5.757779	-2625.000000	1.387272	0.000000	
13.003	-1691.250000	0.000000	5.624094	-2561.250000	1.723325	0.000000	
13.014	-1766.250000	0.000000	5.499660	-2516.250000	0.675356	0.000000	
13.026	-1837.500000	0.000000	5.234386	-2456.250000	1.737707	0.000000	
13.038	-1890.000000	0.000000	5.100411	-2385.000000	1.676159	0.547001	
13.049	-1957.500000	0.000000	4.833063	-2340.000000	0.000000	0.648560	
13.061	-2025.000000	0.000000	4.692450	-2291.250000	0.336723	0.640800	
13.073	-2085.000000	0.000000	4.400103	-2212.500000	0.339122	0.436757	
13.085	-2148.750000	0.000000	4.259693	-2156.250000	0.676042	0.281416	
13.096	-2227.500000	0.000000	3.950057	-2122.500000	0.661675	0.290761	
13.108	-2272.500000	0.000000	3.790946	-2055.000000	1.355384	0.526438	
13.120	-2328.750000	0.000000	3.470180	-1991.250000	0.687623	0.495335	
13.131	-2388.750000	0.000000	3.299418	-1961.250000	1.012009	0.817485	
13.143	-2426.250000	0.000000	2.946972	-1920.000000	0.677692	0.923114	
13.155	-2463.750000	0.000000	2.776501	-1875.000000	1.037645	1.170704	
13.166	-2505.000000	0.000000	2.593203	-1845.000000	0.676042	1.304856	
13.178	-2542.500000	0.000000	2.221809	-1800.000000	0.689616	1.189597	
13.190	-2580.000000	0.000000	2.032859	-1755.000000	0.000000	1.340212	
13.201	-2613.750000	0.000000	1.666609	-1728.750000	1.012009	1.599241	
13.213	-2640.000000	0.000000	1.478024	-1706.250000	0.000000	1.894668	
13.225	-2651.250000	0.000000	1.103669	-1683.750000	0.000000	1.912542	
13.237	-2662.500000	0.000000	0.930670	-1672.500000	1.011599	1.854871	
13.248	-2681.250000	0.000000	0.565255	-1665.000000	0.987413	2.689000	
13.260	-2688.750000	0.281170	0.386116	-1650.000000	0.000000	3.023243	
13.272	-2696.250000	0.000000	0.045288	-1638.750000	0.000000	2.836844	
13.284	-2707.500000	0.000000	0.000000	-1631.250000	0.000000	2.544211	
13.295	-2715.000000	0.000000	0.000000	-1620.000000	1.032073	2.424108	
13.307	-2722.500000	0.000000	0.000000	-1612.500000	0.000000	2.239324	
13.319	-2726.250000	0.000000	0.000000	-1612.500000	0.000000	2.170993	
13.331	-2726.250000	0.000000	0.000000	-1612.500000	0.000000	2.077505	
13.342	-2726.250000	0.000000	0.000000	-1608.750000	0.000000	2.047071	
13.354	-2730.000000	0.000000	0.000000	-1608.750000	0.000000	2.015886	
13.366	-2730.000000	0.000000	0.000000	-1608.750000	0.000000	2.011478	
13.378	-2730.000000	0.000000	0.000000	-1608.750000	0.000000	2.013960	
13.390	-2730.000000	0.000000	0.000000	-1608.750000	0.000000	2.018923	
13.401	-2730.000000	0.000000	0.000000	-1608.750000	0.000000	2.033162	
13.413	-2730.000000	0.000000	0.000000	-1608.750000	0.000000	2.041385	
13.425	-2730.000000	0.000000	0.000000	-1608.750000	0.000000	2.057410	
13.437	-2730.000000	0.000000	0.000000	-1608.750000	0.000000	2.064578	
13.448	-2730.000000	0.000000	0.000000	-1608.750000	0.000000	2.076385	
13.460	-2730.000000	0.000000	0.000000	-1608.750000	0.000000	2.080251	
13.472	-2730.000000	0.000000	0.000000	-1608.750000	0.000000	2.082788	
13.484	-2730.000000	0.000000	0.000000	-1608.750000	0.000000	2.082757	
13.495	-2730.000000	0.000000	0.000000	-1608.750000	0.000000	2.080357	
13.507	-2730.000000	0.000000	0.000000	-1608.750000	0.000000	2.069981	
13.519	-2730.000000	0.000000	0.000000	-1608.750000	0.000000	2.061516	
13.530	-2730.000000	0.000000	0.000000	-1608.750000	0.000000	2.039243	
13.542	-2730.000000	0.000000	0.000000	-1608.750000	0.000000	2.025318	
13.554	-2730.000000	0.000000	0.000000	-1608.750000	0.000000	1.993503	
13.566	-2730.000000	0.000000	0.000000	-1608.750000	0.000000	1.975287	
13.578	-2730.000000	0.000000	0.000000	-1608.750000	0.000000	1.934176	
13.589	-2733.750000	0.000000	0.000000	-1608.750000	0.000000	1.912868	
13.601	-2733.750000	0.000000	0.000000	-1605.000000	0.000000	1.864644	
13.613	-2733.750000	0.000000	0.000000	-1605.000000	0.000000	1.838993	
13.625	-2733.750000	0.000000	0.000000	-1605.000000	0.000000	1.787076	
13.636	-2737.500000	0.000000	0.000000	-1605.000000	0.000000	1.759690	
13.648	-2737.500000	0.000000	0.000000	-1601.250000	0.000000	1.729293	
13.660	-2737.500000	0.000000	0.000000	-1601.250000	0.000000	1.672415	
13.669	-2737.500000	0.000000	0.000000	-1601.250000	0.000000	1.642169	
13.681	-2737.500000	0.000000	0.000000	-1601.250000	0.000000	1.611312	
13.689	-2737.500000	0.000000	0.000000	-1601.250000	0.000000	1.549192	
13.701	-2737.500000	0.000000	0.000000	-1601.250000	0.000000	1.519653	
13.713	-2737.500000	0.000000	0.000000	-1601.250000	0.000000	1.457633	
13.725	-2737.500000	0.000000	0.000000	-1601.250000	0.000000	1.427212	
13.736	-2737.500000	0.000000	0.000000	-1601.250000	0.000000	1.396705	
13.748	-2737.500000	0.000000	0.000000	-1601.250000	0.000000	1.338944	
13.760	-2737.500000	0.000000	0.000000	-1601.250000	0.000000	1.309503	
13.771	-2737.500000	0.000000	0.000000	-1601.250000	0.000000	1.254035	
13.783	-2737.500000	0.000000	0.000000	-1601.250000	0.000000	1.226274	
13.795	-2737.500000	0.000000	0.000000	-1601.250000	0.000000	1.171666	
13.806	-2737.500000	0.000000	0.000000	-1601.250000	0.000000	1.145230	
13.818	-2737.500000	0.000000	0.000000	-1601.250000	0.000000	1.096167	
13.830	-2737.500000	0.000000	0.000000	-1601.250000	0.000000	1.071654	
13.842	-2737.500000	0.000000	0.000000	-1601.250000	0.000000	1.027143	
13.853	-2737.500000	0.000000	0.000000	-1601.250000	0.000000	1.005687	
13.865	-2737.500000	0.000000	0.000000	-1601.250000	0.000000	0.964674	
13.877	-2737.500000	0.000000	0.000000	-1601.250000	0.000000	0.945371	
13.888	-2737.500000	0.000000	0.000000	-1601.250000	0.000000	0.927825	
13.900	-2737.500000	0.000000	0.000000	-1601.250000	0.000000	0.892836	
13.912	-2737.500000	0.000000	0.000000	-1601.250000	0.000000	0.876768	
13.923	-2737.500000	0.000000	0.000000	-1601.250000	0.000000	0.847231	
13.935	-2737.500000	0.000000	0.000000	-1601.250000	0.000000	0.833104	
13.947	-2737.500000	0.000000	0.000000	-1601.250000	0.000000	0.807204	
13.958	-2737.500000	0.000000	0.000000	-1601.250000	0.000000	0.795741	
13.970	-2737.500000	0.000000	0.000000	-1601.250000	0.000000	0.773251	
13.982	-2737.500000	0.000000	0.000000	-1601.250000	0.000000	0.762962	
13.993	-2737.500000	0.000000	0.000000	-1601.250000	0.000000	0.743595	
14.005	-2737.500000	0.000000	0.000000	-1601.250000	0.000000	0.733992	
14.017	-2737.500000	0.000000	0.000000	-1601.250000	0.000000	0.723381	
14.028	-2737.500000	0.000000	0.000000	-1601.250000	0.000000	0.705285	
14.040	-2741.250000	0.000000	0.000000	-1601.250000	0.000000	0.696929	
14.051	-2741.250000	0.000000	0.000000	-1601.250000	0.000000	0.680505	
14.063	-2741.250000	0.000000	0.000000	-1601.250000	0.000000	0.671710	
14.075	-2741.250000	0.000000	0.000000	-1601.250000	0.000000	0.665612	
