8.698	1.076500	0.000000	2.360128	-858993460	1.004050	0.000000	0.000000	-858993460	
8.710	1.076500	0.000000	2.359693	-858993460	1.004050	0.000000	0.000000	-858993460	
8.722	1.076500	0.000000	2.359379	-858993460	1.004050	0.000000	0.000000	-858993460	
8.734	1.076500	0.000000	2.359254	-858993460	1.004050	0.000000	0.000000	-858993460	
8.746	1.076500	0.000000	2.358992	-858993460	1.004050	0.000000	0.000000	-858993460	
8.757	1.076500	0.000000	2.358448	-858993460	1.004050	0.000000	0.000000	-858993460	
8.769	1.076500	0.000000	2.357490	-858993460	1.004050	0.000000	0.000000	-858993460	
8.781	1.076500	0.000000	2.356520	-858993460	1.004050	0.000000	0.000000	-858993460	
8.792	1.076500	0.000000	2.356520	-858993460	1.004050	0.000000	0.000000	-858993460	
8.804	1.076500	0.000000	2.355666	-858993460	1.004050	0.000000	0.000000	-858993460	
8.816	1.076500	0.000000	2.354859	-858993460	1.004050	0.000000	0.000000	-858993460	
8.828	1.076500	0.000000	2.354157	-858993460	1.004050	0.000000	0.000000	-858993460	
8.839	1.076500	0.000000	2.353682	-858993460	1.004050	0.000000	0.000000	-858993460	
8.851	1.076500	0.000000	2.353062	-858993460	1.004050	0.000000	0.000000	-858993460	
8.863	1.076500	0.000000	2.352247	-858993460	1.004050	0.000000	0.000000	-858993460	
8.874	1.076500	0.000000	2.351804	-858993460	1.004050	0.000000	0.000000	-858993460	
8.886	1.076500	0.000000	2.351797	-858993460	1.004050	0.000000	0.000000	-858993460	
8.898	1.076500	0.000000	2.352865	-858993460	1.004050	0.000000	0.000000	-858993460	
8.910	1.076500	0.000000	2.354239	-858993460	1.004050	0.000000	0.000000	-858993460	
8.922	1.076500	0.000000	2.356208	-858993460	1.004050	0.000000	0.000000	-858993460	
8.934	1.076500	0.000000	2.358710	-858993460	1.004050	0.000000	0.000000	-858993460	
8.945	1.076500	0.000000	2.361541	-858993460	1.004050	0.000000	0.000000	-858993460	
8.957	1.076500	0.000000	2.365350	-858993460	1.004050	0.000000	0.000000	-858993460	
8.969	1.076500	0.000000	2.368975	-858993460	1.004050	0.000000	0.000000	-858993460	
8.981	1.076500	0.000000	2.372751	-858993460	1.004050	0.000000	0.000000	-858993460	
8.992	1.076500	0.000000	2.377146	-858993460	1.004050	0.000000	0.000000	-858993460	
9.004	1.076500	0.000000	2.381834	-858993460	1.004050	0.000000	0.000000	-858993460	
9.016	1.076500	0.000000	2.386150	-858993460	1.004050	0.000000	0.000000	-858993460	
9.028	1.076500	0.000000	2.389827	-858993460	1.004050	0.000000	0.000000	-858993460	
9.040	1.076500	0.000000	2.393478	-858993460	1.004050	0.000000	0.000000	-858993460	
9.051	1.076500	0.000000	2.396802	-858993460	1.004050	0.000000	0.000000	-858993460	
9.063	1.076500	0.000000	2.400180	-858993460	1.004050	0.000000	0.000000	-858993460	
9.075	1.076500	0.000000	2.402243	-858993460	1.004050	0.000000	0.000000	-858993460	
9.087	1.076500	0.000000	2.403633	-858993460	1.004050	0.000000	0.000000	-858993460	
9.096	1.076500	0.000000	2.404425	-858993460	1.004050	0.000000	0.000000	-858993460	
9.107	1.076500	0.000000	2.404636	-858993460	1.004050	0.000000	0.000000	-858993460	
9.119	1.076500	0.000000	2.404451	-858993460	1.004050	0.000000	0.000000	-858993460	
9.131	1.076500	0.000000	2.404192	-858993460	1.004050	0.000000	0.000000	-858993460	
9.143	1.076500	0.000000	2.403732	-858993460	1.004050	0.000000	0.000000	-858993460	
9.154	1.076500	0.000000	2.403186	-858993460	1.004050	0.000000	0.000000	-858993460	
9.166	1.076500	0.000000	2.402809	-858993460	1.004050	0.000000	0.000000	-858993460	
9.178	1.076500	0.000000	2.402639	-858993460	1.004050	0.000000	0.000000	-858993460	
9.190	1.076500	0.000000	2.402710	-858993460	1.004050	0.000000	0.000000	-858993460	
9.201	1.076500	0.000000	2.402856	-858993460	1.004050	0.000000	0.000000	-858993460	
9.213	1.076500	0.000000	2.403085	-858993460	1.004050	0.000000	0.000000	-858993460	
9.225	1.076500	0.000000	2.403205	-858993460	1.004050	0.000000	0.000000	-858993460	
9.237	1.076500	0.000000	2.403093	-858993460	1.004050	0.000000	0.000000	-858993460	
9.248	1.076500	0.000000	2.402766	-858993460	1.004050	0.000000	0.000000	-858993460	
9.260	1.076500	0.000000	2.402344	-858993460	1.004050	0.000000	0.000000	-858993460	
9.272	1.076500	0.000000	2.401852	-858993460	1.004050	0.000000	0.000000	-858993460	
9.284	1.076500	0.000000	2.401271	-858993460	1.004050	0.000000	0.000000	-858993460	
9.296	1.076500	0.000000	2.401572	-858993460	1.004050	0.000000	0.000000	-858993460	
9.308	1.076500	0.000000	2.402291	-858993460	1.004050	0.000000	0.000000	-858993460	
9.320	1.076500	0.000000	2.403396	-858993460	1.004050	0.000000	0.000000	-858993460	
9.331	1.076500	0.000000	2.404711	-858993460	1.004050	0.000000	0.000000	-858993460	
9.343	1.076500	0.000000	2.406486	-858993460	1.004050	0.000000	0.000000	-858993460	
9.355	1.076500	0.000000	2.408547	-858993460	1.004050	0.000000	0.000000	-858993460	
9.367	1.076500	0.000000	2.410511	-858993460	1.004050	0.000000	0.000000	-858993460	
9.378	1.076500	0.000000	2.412499	-858993460	1.004050	0.000000	0.000000	-858993460	
9.390	1.076500	0.000000	2.414834	-858993460	1.004050	0.000000	0.000000	-858993460	
9.401	1.076500	0.000000	2.414834	-858993460	1.004050	0.000000	0.000000	-858993460	
9.413	1.076500	0.000000	2.416101	-858993460	1.004050	0.000000	0.000000	-858993460	
9.425	1.076500	0.000000	2.416996	-858993460	1.004050	0.000000	0.000000	-858993460	
9.437	1.076500	0.000000	2.416938	-858993460	1.004050	0.000000	0.000000	-858993460	
9.449	1.076500	0.000000	2.416620	-858993460	1.004050	0.000000	0.000000	-858993460	
9.460	1.076500	0.000000	2.416181	-858993460	1.004050	0.000000	0.000000	-858993460	
9.472	1.077062	0.012724	2.415690	-858993460	1.003375	0.000000	0.000000	-858993460	
9.484	1.086063	0.449657	2.426592	-858993460	0.997300	0.000000	0.000000	-858993460	
9.496	1.097875	0.922777	2.640966	-858993460	0.985150	0.000000	0.000000	-858993460	
9.507	1.099563	0.711328	3.151535	-858993460	0.973000	0.000000	0.000000	-858993460	
9.519	1.100688	0.265152	3.996758	-858993460	0.966250	0.000000	0.000000	-858993460	
9.531	1.100125	0.018346	4.750072	-858993460	0.961525	0.000000	0.000000	-858993460	
9.543	1.100125	0.000000	4.979274	-858993460	0.957475	0.000000	0.000000	-858993460	
9.554	1.100125	0.000000	4.814829	-858993460	0.956125	0.000000	0.000000	-858993460	
9.566	1.100125	0.000000	4.655067	-858993460	0.956125	0.000000	0.000000	-858993460	
9.578	1.096750	0.000000	4.517452	-858993460	0.958150	0.077760	0.002935	-858993460	
9.590	1.090000	0.000000	4.386106	-858993460	0.964900	0.313379	0.050231	-858993460	
9.602	1.084937	0.000000	4.266083	-858993460	0.974350	0.798506	0.175335	-858993460	
9.614	1.075938	0.000000	4.135746	-858993460	0.981100	0.942153	0.275031	-858993460	
9.626	1.066375	0.000000	4.020150	-858993460	0.985825	0.584818	1.134338	-858993460	
9.637	1.059062	0.000000	3.905463	-858993460	0.983800	0.069576	1.882211	-858993460	
9.649	1.050063	0.000000	3.785111	-858993460	0.979750	0.000000	2.075281	-858993460	
9.661	1.042750	0.000000	3.669169	-858993460	0.981775	0.000000	1.809196	-858993460	
9.673	1.038813	0.000000	3.530555	-858993460	0.995275	0.651571	1.581120	-858993460	
9.685	1.035437	0.000000	3.391231	-858993460	1.006750	1.330378	1.744628	-858993460	
9.696	1.033188	0.000000	3.243719	-858993460	1.003375	0.747158	2.530004	-858993460	
9.708	1.033188	0.000000	3.087682	-858993460	0.991900	0.000000	3.386392	-858993460	
9.720	1.033750	0.000000	2.931645	-858993460	0.978400	0.000000	3.882840	-858993460	
9.732	1.039937	0.381652	2.777665	-858993460	0.968275	0.000000	3.397270	-858993460	
9.744	1.051188	0.897111	2.805202	-858993460	0.967600	0.000000	2.828623	-858993460	
9.756	1.059625	1.175278	3.132438	-858993460	0.964225	0.000000	2.335295	-858993460	
9.767	1.068625	0.879233	4.028706	-858993460	0.951400	0.000000	1.889855	-858993460	
9.776	1.073688	0.714566	4.857104	-858993460	0.941275	0.000000	1.501559	-858993460	
9.788	1.079313	0.593144	5.476488	-858993460	0.936550	0.000000	1.123618	-858993460	
9.800	1.090562	0.692717	5.895796	-858993460	0.933850	0.000000	0.775331	-858993460	
9.812	1.097312	0.759257	6.119715	-858993460	0.931150	0.000000	0.421344	-858993460	
9.823	1.099000	0.506010	6.421817	-858993460	0.931150	0.000000	0.082576	-858993460	
9.835	1.100125	0.178688	6.721862	-858993460	0.931150	0.000000	0.000000	-858993460	
9.847	1.100125	0.056885	6.667432	-858993460	0.932500	0.045202	0.016934	-858993460	
9.859	1.095062	0.000000	6.275266	-858993460	0.937225	0.202547	0.050680	-858993460	
9.870	1.088313	0.000000	5.832466	-858993460	0.946000	0.506325	0.124915	-858993460	
9.882	1.080438	0.000000	5.439690	-858993460	0.957475	0.808100	0.208857	-858993460	
9.894	1.068625	0.000000	5.063747	-858993460	0.970300	0.977207	0.266271	-858993460	
9.906	1.056813	0.000000	4.716011	-858993460	0.986500	1.193222	0.303281	-858993460	
9.918	1.046125	0.000000	4.387609	-858993460	0.999325	1.239498	0.983827	-858993460	
9.929	1.032625	0.000000	4.074084	-858993460	0.998650	0.748631	1.854927	-858993460	
9.941	1.019125	0.000000	3.714478	-858993460	0.996625	0.137576	2.777081	-858993460	
9.953	1.010125	0.000000	3.421563	-858993460	1.000000	0.183038	3.062802	-858993460	
9.965	1.005062	0.000000	3.076632	-858993460	1.011475	0.699023	2.753338	-858993460	
9.974	1.003375	0.000000	2.725909	-858993460	1.024300	1.183607	2.515020	-858993460	
9.985	1.003375	0.000000	2.451908	-858993460	1.029025	0.995284	2.932534	-858993460	
9.997	1.003375	0.000000	2.162272	-858993460	1.019575	0.048296	3.669132	-858993460	
10.009	1.011250	0.288839	1.909281	-858993460	1.003375	0.000000	3.925323	-858993460	
10.021	1.023625	0.800425	1.765637	-858993460	0.995275	0.000000	3.672962	-858993460	
10.033	1.034875	0.992763	1.835218	-858993460	0.990550	0.000000	3.104429	-858993460	
10.045	1.050063	1.619071	3.270437	-858993460	0.976375	0.000000	2.102205	-858993460	
10.057	1.059062	1.527316	4.335708	-858993460	0.958150	0.000000	1.632815	-858993460	
10.070	1.070875	0.986914	5.768290	-858993460	0.941275	0.000000	1.183065	-858993460	
10.082	1.082125	1.157177	6.764100	-858993460	0.931825	0.000000	0.770498	-858993460	
10.093	1.096750	1.362476	7.679933	-858993460	0.923725	0.000000	0.356693	-858993460	
10.105	1.108000	1.211813	8.268451	-858993460	0.921025	0.000000	0.000000	-858993460	
10.117	1.112500	0.768937	8.963202	-858993460	0.921025	0.000000	0.000000	-858993460	
10.129	1.116438	0.413432	9.684856	-858993460	0.919675	0.000000	0.000000	-858993460	
10.138	1.116438	0.235874	9.684856	-858993460	0.919000	0.000000	0.000000	-858993460	
10.150	1.112500	0.000000	8.999366	-858993460	0.919675	0.000000	0.000000	-858993460	
10.161	1.102937	0.000000	8.411357	-858993460	0.925075	0.191052	0.047152	-858993460	
10.173	1.092813	0.000000	7.670900	-858993460	0.939925	0.719801	0.175484	-858993460	
10.185	1.078187	0.000000	6.999722	-858993460	0.955450	1.169118	0.303654	-858993460	
10.196	1.061313	0.000000	6.413060	-858993460	0.967600	1.236031	0.374274	-858993460	
10.208	1.046687	0.000000	5.840211	-858993460	0.987850	1.360954	0.377774	-858993460	
10.220	1.028687	0.000000	5.305144	-858993460	1.012825	1.756132	0.947934	-858993460	
10.232	1.006188	0.000000	4.800263	-858993460	1.018225	1.361674	2.063601	-858993460	
10.244	0.991000	0.000000	3.887162	-858993460	1.010800	0.293019	4.025391	-858993460	
10.255	0.978063	0.000000	3.446484	-858993460	1.013500	0.000000	4.006490	-858993460	
10.267	0.967375	0.000000	3.046386	-858993460	1.032400	0.660794	3.455436	-858993460	
10.276	0.962313	0.000000	2.646631	-858993460	1.054675	1.549355	3.195129	-858993460	
10.288	0.961750	0.000000	2.265148	-858993460	1.064800	1.558966	3.699186	-858993460	
10.300	0.961750	0.000000	1.898444	-858993460	1.057375	0.508229	4.541651	-858993460	
10.310	0.962875	0.011646	1.565256	-858993460	1.047925	0.000000	5.021230	-858993460	
10.321	0.972438	0.428870	1.253206	-858993460	1.039150	0.000000	4.638058	-858993460	
10.333	0.991000	1.178499	1.142390	-858993460	1.033750	0.000000	3.895194	-858993460	
10.345	1.008438	1.451167	1.388517	-858993460	1.020250	0.000000	3.183828	-858993460	
10.354	1.020250	1.451498	2.339633	-858993460	1.005400	0.000000	2.531873	-858993460	
10.366	1.030938	1.099099	3.493060	-858993460	0.987850	0.000000	1.930660	-858993460	
10.378	1.048938	1.569530	4.957645	-858993460	0.969625	0.000000	1.171256	-858993460	
10.389	1.070313	1.895447	6.198290	-858993460	0.946675	0.000000	0.490541	-858993460	
10.401	1.081563	1.788700	6.198290	-858993460	0.933850	0.000000	0.490541	-858993460	
10.413	1.103500	2.012919	7.647338	-858993460	0.924400	0.000000	0.000000	-858993460	
10.425	1.119812	1.791805	9.798573	-858993460	0.913600	0.000000	0.000000	-858993460	
10.437	1.126000	1.261805	10.636325	-858993460	0.904825	0.000000	0.000000	-858993460	
10.448	1.134438	0.684241	11.391339	-858993460	0.896050	0.000000	0.000000	-858993460	
10.460	1.136125	0.477537	11.740878	-858993460	0.892000	0.000000	0.000000	-858993460	
10.472	1.133875	0.102861	10.460582	-858993460	0.892675	0.000000	0.000000	-858993460	
10.484	1.128250	0.000000	9.507948	-858993460	0.896725	0.123089	0.016970	-858993460	
10.496	1.118688	0.000000	8.434694	-858993460	0.908200	0.560819	0.138386	-858993460	
10.507	1.104625	0.000000	7.292309	-858993460	0.923725	1.179869	0.299643	-858993460	
10.519	1.091125	0.000000	6.111411	-858993460	0.935875	1.366720	0.423634	-858993460	
10.531	1.075375	0.000000	4.997032	-858993460	0.951400	1.468148	0.440444	-858993460	
10.543	1.057938	0.000000	4.997032	-858993460	0.975025	1.995097	0.440444	-858993460	
10.552	1.048375	0.000000	3.945677	-858993460	0.993250	2.448270	1.477439	-858993460	
10.564	1.035437	0.000000	3.161489	-858993460	0.989200	1.325078	3.328740	-858993460	
10.576	1.021937	0.000000	1.863086	-858993460	0.964900	0.000000	5.677948	-858993460	
10.585	1.016312	0.000000	1.863086	-858993460	0.963550	0.000000	5.677948	-858993460	
10.597	1.018563	0.000000	0.731320	-858993460	0.988525	0.393080	4.100679	-858993460	
10.607	1.023062	0.086861	0.731320	-858993460	0.998650	1.112137	4.100679	-858993460	
10.619	1.036000	0.516434	0.147248	-858993460	0.990550	0.462804	3.586287	-858993460	
10.631	1.060187	1.527657	0.341228	-858993460	0.981100	0.000000	3.671766	-858993460	
10.643	1.078187	1.893263	0.942987	-858993460	0.958825	0.000000	2.863342	-858993460	
10.652	1.084375	1.580103	2.270769	-858993460	0.942625	0.000000	2.157206	-858993460	
10.664	1.090000	1.033589	3.926305	-858993460	0.929800	0.000000	1.471632	-858993460	
10.676	1.100125	0.788895	4.792385	-858993460	0.916975	0.000000	0.833568	-858993460	
10.688	1.125437	1.342765	5.289917	-858993460	0.899425	0.000000	0.270621	-858993460	
10.700	1.146250	1.772633	5.553115	-858993460	0.886600	0.000000	0.000000	-858993460	
10.711	1.155813	1.529246	6.280512	-858993460	0.877825	0.000000	0.000000	-858993460	
10.723	1.164813	0.956041	8.171267	-858993460	0.865675	0.000000	0.000000	-858993460	
10.735	1.175500	0.805182	8.595105	-858993460	0.852850	0.000000	0.000000	-858993460	
10.747	1.177750	0.607879	8.567756	-858993460	0.848800	0.000000	0.000000	-858993460	
10.756	1.177750	0.336214	8.390592	-858993460	0.848800	0.000000	0.000000	-858993460	
10.767	1.173250	0.000000	8.390592	-858993460	0.851500	0.044599	0.000000	-858993460	
10.779	1.161438	0.000000	7.899415	-858993460	0.860275	0.472966	0.013380	-858993460	
10.791	1.147375	0.000000	7.160320	-858993460	0.875125	0.704216	0.141890	-858993460	
10.803	1.133875	0.000000	6.313377	-858993460	0.892675	1.636894	0.211265	-858993460	
10.815	1.117563	0.000000	5.530515	-858993460	0.910225	2.013885	0.491068	-858993460	
10.827	1.097875	0.000000	4.856535	-858993460	0.928450	1.920782	0.604165	-858993460	
10.839	1.080438	0.000000	4.242216	-858993460	0.950725	2.095279	0.855902	-858993460	
10.850	1.062438	0.000000	3.652992	-858993460	0.956125	1.502153	2.928982	-858993460	
10.862	1.047250	0.000000	3.130348	-858993460	0.935875	0.100041	4.502647	-858993460	
10.874	1.034875	0.000000	2.608272	-858993460	0.937225	0.000000	5.506197	-858993460	
10.885	1.030938	0.000000	2.007914	-858993460	0.958825	0.901619	4.909261	-858993460	
10.897	1.032063	0.000000	1.506436	-858993460	0.965575	1.361977	4.409337	-858993460	
10.909	1.036000	0.182248	1.139744	-858993460	0.961525	0.000000	4.670406	-858993460	
10.921	1.051188	0.779453	1.139744	-858993460	0.955450	0.000000	4.670406	-858993460	
10.932	1.070313	1.384957	1.534223	-858993460	0.932500	0.000000	4.079262	-858993460	
10.944	1.083812	1.397017	2.555634	-858993460	0.912925	0.000000	3.213295	-858993460	
10.956	1.095062	1.153090	3.802197	-858993460	0.908200	0.000000	2.403433	-858993460	
10.967	1.111375	1.153542	4.830514	-858993460	0.889975	0.000000	1.681045	-858993460	
10.979	1.130500	1.444927	5.647238	-858993460	0.865675	0.000000	0.969575	-858993460	
10.991	1.148500	1.556129	6.509914	-858993460	0.855550	0.000000	0.290944	-858993460	
11.003	1.164250	1.471789	7.495070	-858993460	0.855550	0.000000	0.000000	-858993460	
11.015	1.177750	1.320492	8.523574	-858993460	0.854200	0.000000	0.000000	-858993460	
11.026	1.187875	1.058806	10.108338	-858993460	0.846775	0.000000	0.000000	-858993460	
11.038	1.188437	0.582351	10.527851	-858993460	0.836650	0.000000	0.000000	-858993460	
11.050	1.188437	0.140799	10.534155	-858993460	0.835300	0.000000	0.000000	-858993460	
11.062	1.182250	0.000000	10.118346	-858993460	0.840025	0.011899	0.000000	-858993460	
11.074	1.169312	0.000000	9.424896	-858993460	0.852175	0.608197	0.104752	-858993460	
11.083	1.157500	0.000000	8.703120	-858993460	0.863650	0.991722	0.249059	-858993460	
11.093	1.142875	0.000000	7.955059	-858993460	0.877150	1.422434	0.389303	-858993460	
11.105	1.122625	0.000000	7.254645	-858993460	0.895375	1.733347	0.488893	-858993460	
11.117	1.098438	0.000000	6.622460	-858993460	0.917650	2.249527	0.610303	-858993460	
11.128	1.074250	0.000000	6.112516	-858993460	0.946000	2.680297	0.779588	-858993460	
11.140	1.051750	0.000000	5.547484	-858993460	0.973000	3.120333	3.471494	-858993460	
11.152	1.023625	0.000000	5.547484	-858993460	0.983800	2.443115	3.471494	-858993460	
11.164	0.996063	0.000000	4.942177	-858993460	0.959500	0.087925	6.149574	-858993460	
11.175	0.978625	0.000000	4.399905	-858993460	0.962200	0.000000	7.363634	-858993460	
11.187	0.964562	0.000000	3.834483	-858993460	1.003375	1.027541	6.537778	-858993460	
11.199	0.957250	0.000000	3.477164	-858993460	1.020250	2.744381	6.138970	-858993460	
11.210	0.952750	0.000000	3.100920	-858993460	1.018900	1.979472	6.534577	-858993460	
11.222	0.951063	0.000000	3.100920	-858993460	1.022275	0.243724	6.534577	-858993460	
11.234	0.954437	0.000000	2.558304	-858993460	1.020925	0.000000	8.332949	-858993460	
11.245	0.970187	0.855312	2.258476	-858993460	1.008775	0.000000	7.608901	-858993460	
11.257	0.984250	1.305673	2.348032	-858993460	0.991900	0.000000	6.124746	-858993460	
11.269	0.998875	1.275635	2.857724	-858993460	0.982450	0.000000	4.885770	-858993460	
11.281	1.015750	1.256178	4.979612	-858993460	0.966925	0.000000	2.621254	-858993460	
11.293	1.030938	1.341502	6.003331	-858993460	0.948700	0.000000	1.687490	-858993460	
11.304	1.050625	1.480941	6.919629	-858993460	0.938575	0.000000	0.793877	-858993460	
11.316	1.073688	1.697423	7.957106	-858993460	0.937225	0.000000	0.000000	-858993460	
11.328	1.091688	1.725931	9.038575	-858993460	0.937225	0.000000	0.000000	-858993460	
11.339	1.105188	1.463519	10.135368	-858993460	0.931825	0.000000	0.000000	-858993460	
11.351	1.113625	1.050384	11.193126	-858993460	0.917650	0.000000	0.000000	-858993460	
11.363	1.118688	0.647935	11.894790	-858993460	0.904825	0.000000	0.000000	-858993460	
11.375	1.119812	0.319082	12.000177	-858993460	0.902800	0.000000	0.000000	-858993460	
11.386	1.119250	0.114252	11.565207	-858993460	0.905500	0.000000	0.000000	-858993460	
11.398	1.111938	0.000000	10.802309	-858993460	0.911575	0.304376	0.067887	-858993460	
11.410	1.100125	0.000000	9.990483	-858993460	0.923050	0.645811	0.149487	-858993460	
11.419	1.092813	0.000000	9.206933	-858993460	0.932500	0.895059	0.244385	-858993460	
11.431	1.076500	0.000000	8.382084	-858993460	0.946675	1.071067	0.311722	-858993460	
11.443	1.056813	0.000000	7.723375	-858993460	0.964225	1.295857	0.358344	-858993460	
11.455	1.040500	0.000000	7.078914	-858993460	0.985825	1.587076	0.428540	-858993460	
11.466	1.017437	0.000000	6.476357	-858993460	1.011475	1.945452	0.533700	-858993460	
11.478	0.993813	0.000000	5.907383	-858993460	1.035775	2.103247	0.600568	-858993460	
11.490	0.974688	0.000000	5.391193	-858993460	1.054675	1.845048	1.623152	-858993460	
11.502	0.952187	0.000000	4.379457	-858993460	1.052650	0.990921	4.170043	-858993460	
11.513	0.931375	0.000000	3.908002	-858993460	1.047925	0.046875	4.346029	-858993460	
11.525	0.917313	0.000000	3.470288	-858993460	1.069525	0.473436	3.865443	-858993460	
11.537	0.908312	0.000000	3.022724	-858993460	1.108000	2.036290	3.436588	-858993460	
11.549	0.901000	0.000000	2.591716	-858993460	1.121500	2.204912	3.850571	-858993460	
11.561	0.897625	0.000000	2.199399	-858993460	1.114075	0.742391	5.006654	-858993460	
11.573	0.898188	0.000000	1.806797	-858993460	1.106650	0.000000	5.826374	-858993460	
11.584	0.901563	0.008385	1.394040	-858993460	1.105300	0.000000	5.387738	-858993460	
11.596	0.914500	0.768419	0.976252	-858993460	1.103275	0.000000	4.032192	-858993460	
11.608	0.933625	1.474603	0.944446	-858993460	1.099225	0.000000	2.854600	-858993460	
11.620	0.952750	1.779821	1.691452	-858993460	1.093150	0.000000	1.660640	-858993460	
11.632	0.963437	1.779198	3.304495	-858993460	1.087075	0.000000	0.596848	-858993460	
11.644	0.970187	1.126432	4.765351	-858993460	1.075600	0.000000	0.000000	-858993460	
11.656	0.966250	0.209098	5.944736	-858993460	1.075600	0.000000	0.000000	-858993460	
11.668	0.964000	0.000000	6.400662	-858993460	1.076275	0.000000	0.000000	-858993460	
11.680	0.956125	0.000000	6.000015	-858993460	1.081675	0.321115	0.000000	-858993460	
11.690	0.952750	0.000000	5.172058	-858993460	1.093150	0.883232	0.096335	-858993460	
11.702	0.949938	0.000000	4.387780	-858993460	1.105975	1.358466	0.407540	-858993460	
11.711	0.943187	0.000000	3.642321	-858993460	1.112050	1.369386	0.407540	-858993460	
11.723	0.935875	0.000000	2.297081	-858993460	1.120150	1.129838	0.338952	-858993460	
11.735	0.934750	0.000000	1.659964	-858993460	1.137700	1.597339	1.013915	-858993460	
11.747	0.934187	0.000000	1.056415	-858993460	1.146475	1.431013	1.856346	-858993460	
11.759	0.933625	0.000000	0.510464	-858993460	1.132975	0.247314	2.780318	-858993460	
11.771	0.937000	0.084154	0.002820	-858993460	1.112725	0.000000	3.145482	-858993460	
11.782	0.948250	0.505800	0.050428	-858993460	1.110700	0.000000	2.680975	-858993460	
11.794	0.961187	0.899791	0.163016	-858993460	1.116100	0.000000	2.033379	-858993460	
11.806	0.970187	0.956715	0.269937	-858993460	1.114075	0.190471	1.464878	-858993460	
11.818	0.982562	0.966983	0.342424	-858993460	1.104625	0.000000	0.656296	-858993460	
11.830	1.003937	1.419319	0.871843	-858993460	1.087750	0.000000	0.263378	-858993460	
11.841	1.021375	1.709308	1.626422	-858993460	1.070200	0.000000	0.000000	-858993460	
11.854	1.026438	1.268262	2.587912	-858993460	1.054675	0.000000	0.000000	-858993460	
11.866	1.036562	0.721948	3.548689	-858993460	1.031050	0.000000	0.000000	-858993460	
11.877	1.053437	0.987938	4.131321	-858993460	1.005400	0.000000	0.000000	-858993460	
11.889	1.070313	1.380825	4.224407	-858993460	0.980425	0.000000	0.000000	-858993460	
11.901	1.076500	1.061809	4.436567	-858993460	0.969625	0.000000	0.000000	-858993460	
11.913	1.070875	0.227181	5.215350	-858993460	0.973000	0.000000	0.000000	-858993460	
11.925	1.064687	0.000000	4.939013	-858993460	0.977725	0.179521	0.003398	-858993460	
11.937	1.063000	0.000000	4.167416	-858993460	0.982450	0.417811	0.118334	-858993460	
11.948	1.061875	0.000000	3.242417	-858993460	0.988525	0.462256	0.128582	-858993460	
11.960	1.061313	0.000000	2.396733	-858993460	0.997975	0.608474	0.165591	-858993460	
11.972	1.061875	0.000000	1.620134	-858993460	1.007425	0.754128	0.195977	-858993460	
11.984	1.063000	0.037137	0.942020	-858993460	1.012150	0.630266	0.212804	-858993460	
11.995	1.068625	0.252981	0.298780	-858993460	1.013500	0.371841	0.535560	-858993460	
12.007	1.078187	0.553037	0.143463	-858993460	1.011475	0.034586	1.061014	-858993460	
12.019	1.082687	0.601008	0.185727	-858993460	1.002700	0.000000	0.926287	-858993460	
12.031	1.084375	0.346940	0.137856	-858993460	0.995950	0.000000	0.613400	-858993460	
12.043	1.095062	0.487709	0.101282	-858993460	0.995275	0.000000	0.337709	-858993460	
12.054	1.113063	1.031504	0.199767	-858993460	0.991225	0.000000	0.065599	-858993460	
12.066	1.124875	1.228238	0.329125	-858993460	0.980425	0.000000	0.000000	-858993460	
12.078	1.128813	0.796598	0.731034	-858993460	0.965575	0.000000	0.000000	-858993460	
12.087	1.126562	0.280880	1.504691	-858993460	0.960850	0.000000	0.000000	-858993460	
12.099	1.116438	0.000000	1.983348	-858993460	0.962200	0.000000	0.000000	-858993460	
12.110	1.109125	0.000000	1.958531	-858993460	0.962875	0.000000	0.000000	-858993460	
12.122	1.116438	0.000000	1.075431	-858993460	0.962875	0.045833	0.013750	-858993460	
12.134	1.123750	0.468142	0.804821	-858993460	0.962875	0.000000	0.000000	-858993460	
12.145	1.124313	0.440863	0.644226	-858993460	0.962875	0.000000	0.000000	-858993460	
12.157	1.127687	0.234365	0.847176	-858993460	0.962875	0.000000	0.000000	-858993460	
12.169	1.129375	0.168785	1.006154	-858993460	0.962200	0.000000	0.000000	-858993460	
12.181	1.129375	0.131444	1.009197	-858993460	0.960175	0.000000	0.000000	-858993460	
12.193	1.129938	0.046990	0.930169	-858993460	0.958825	0.000000	0.000000	-858993460	
12.204	1.132187	0.103293	0.842779	-858993460	0.958150	0.000000	0.000000	-858993460	
12.216	1.135000	0.188203	0.730331	-858993460	0.957475	0.000000	0.000000	-858993460	
12.228	1.136125	0.188266	0.692768	-858993460	0.956125	0.000000	0.000000	-858993460	
12.240	1.136688	0.112740	0.798271	-858993460	0.954775	0.000000	0.000000	-858993460	
12.251	1.136688	0.009420	0.879700	-858993460	0.954100	0.000000	0.000000	-858993460	
12.263	1.136688	0.018794	0.904312	-858993460	0.953425	0.000000	0.000000	-858993460	
12.275	1.136688	0.000000	0.880557	-858993460	0.952750	0.000000	0.000000	-858993460	
12.287	1.137250	0.018705	0.843823	-858993460	0.952075	0.000000	0.000000	-858993460	
12.298	1.137812	0.037303	0.830118	-858993460	0.952075	0.000000	0.000000	-858993460	
12.310	1.137812	0.037303	0.861463	-858993460	0.952075	0.000000	0.000000	-858993460	
12.322	1.137812	0.000000	0.909389	-858993460	0.952075	0.000000	0.000000	-858993460	
12.334	1.137812	0.000000	0.994842	-858993460	0.952075	0.000000	0.000000	-858993460	
12.346	1.137812	0.000000	1.030335	-858993460	0.952075	0.000000	0.000000	-858993460	
12.354	1.137812	0.000000	1.073703	-858993460	0.951400	0.000000	0.000000	-858993460	
12.366	1.137812	0.000000	1.127885	-858993460	0.951400	0.000000	0.000000	-858993460	
12.378	1.137812	0.000000	1.189530	-858993460	0.951400	0.000000	0.000000	-858993460	
12.390	1.137812	0.000000	1.257679	-858993460	0.951400	0.000000	0.000000	-858993460	
12.402	1.136688	0.000000	1.331507	-858993460	0.951400	0.000000	0.000000	-858993460	
12.413	1.136688	0.000000	1.406095	-858993460	0.951400	0.000000	0.000000	-858993460	
12.425	1.136125	0.000000	1.487854	-858993460	0.951400	0.000000	0.000000	-858993460	
12.437	1.135563	0.000000	1.572536	-858993460	0.951400	0.000000	0.000000	-858993460	
12.449	1.135000	0.000000	1.742853	-858993460	0.950725	0.000000	0.000000	-858993460	
12.460	1.134438	0.000000	1.830932	-858993460	0.950725	0.000000	0.000000	-858993460	
12.472	1.133312	0.000000	1.918989	-858993460	0.950725	0.000000	0.000000	-858993460	
12.484	1.132750	0.000000	2.002363	-858993460	0.950725	0.000000	0.000000	-858993460	
12.496	1.131625	0.000000	2.089329	-858993460	0.950050	0.000000	0.000000	-858993460	
12.507	1.131063	0.000000	2.175126	-858993460	0.950050	0.000000	0.000000	-858993460	
12.519	1.129938	0.000000	2.255320	-858993460	0.949375	0.000000	0.000000	-858993460	
12.531	1.129375	0.000000	2.337722	-858993460	0.949375	0.000000	0.000000	-858993460	
12.542	1.128813	0.000000	2.418085	-858993460	0.949375	0.011258	0.000000	-858993460	
12.554	1.128250	0.000000	2.567039	-858993460	0.949375	0.000000	0.000000	-858993460	
12.566	1.127125	0.000000	2.638698	-858993460	0.949375	0.000000	0.000000	-858993460	
12.578	1.126000	0.000000	2.713516	-858993460	0.949375	0.000000	0.000000	-858993460	
12.590	1.124875	0.000000	2.778515	-858993460	0.949375	0.000000	0.000000	-858993460	
12.602	1.123750	0.000000	2.840265	-858993460	0.949375	0.000000	0.000000	-858993460	
12.614	1.122063	0.000000	2.899011	-858993460	0.949375	0.000000	0.000000	-858993460	
12.626	1.120375	0.000000	2.951975	-858993460	0.949375	0.000000	0.000000	-858993460	
12.637	1.118688	0.000000	3.004325	-858993460	0.949375	0.000000	0.000000	-858993460	
12.649	1.116438	0.000000	3.096862	-858993460	0.950050	0.022559	0.006768	-858993460	
12.661	1.114187	0.000000	3.139287	-858993460	0.952075	0.089551	0.020153	-858993460	
12.673	1.111375	0.000000	3.178199	-858993460	0.953425	0.134576	0.033630	-858993460	
12.684	1.109687	0.000000	3.213781	-858993460	0.954775	0.134368	0.040300	-858993460	
12.696	1.107437	0.000000	3.244399	-858993460	0.957475	0.155907	0.040235	-858993460	
12.708	1.104063	0.000000	3.273338	-858993460	0.960175	0.201188	0.050112	-858993460	
12.720	1.101250	0.000000	3.297990	-858993460	0.962200	0.190016	0.057012	-858993460	
12.731	1.099000	0.000000	3.317085	-858993460	0.965575	0.237144	0.057264	-858993460	
12.743	1.095062	0.000000	3.333244	-858993460	0.969625	0.270572	0.067724	-858993460	
12.755	1.091688	0.000000	3.350891	-858993460	0.973000	0.327779	0.088210	-858993460	
12.767	1.089437	0.000000	3.349807	-858993460	0.975025	0.270400	0.091197	-858993460	
12.778	1.085500	0.000000	3.341749	-858993460	0.979075	0.278473	0.070139	-858993460	
12.790	1.081563	0.000000	3.325176	-858993460	0.983800	0.346023	0.086854	-858993460	
12.802	1.079313	0.000000	3.299061	-858993460	0.986500	0.303731	0.100441	-858993460	
12.814	1.078187	0.000000	3.264476	-858993460	0.987850	0.225060	0.087775	-858993460	
12.825	1.076500	0.000000	3.218024	-858993460	0.989200	0.124419	0.150480	-858993460	
12.837	1.076500	0.000000	3.161213	-858993460	0.989875	0.090774	0.294773	-858993460	
12.849	1.076500	0.000000	3.021874	-858993460	0.989875	0.045203	0.379439	-858993460	
12.861	1.076500	0.000000	2.938876	-858993460	0.989875	0.000000	0.337110	-858993460	
12.872	1.076500	0.000000	2.854944	-858993460	0.989875	0.000000	0.286510	-858993460	
12.884	1.077625	0.037480	2.765917	-858993460	0.989875	0.000000	0.232121	-858993460	
12.896	1.078750	0.074109	2.682668	-858993460	0.989875	0.000000	0.187299	-858993460	
12.908	1.079313	0.073832	2.636647	-858993460	0.989875	0.000000	0.150387	-858993460	
12.919	1.080438	0.073830	2.618388	-858993460	0.989875	0.000000	0.121712	-858993460	
12.931	1.081000	0.073893	2.597985	-858993460	0.989875	0.000000	0.096417	-858993460	
12.943	1.082125	0.084153	2.576453	-858993460	0.989875	0.000000	0.074956	-858993460	
12.955	1.082687	0.047204	2.544204	-858993460	0.989875	0.000000	0.041036	-858993460	
12.964	1.083250	0.075867	2.544204	-858993460	0.989875	0.000000	0.041036	-858993460	
12.975	1.083812	0.056445	2.510001	-858993460	0.989875	0.000000	0.012805	-858993460	
12.987	1.084937	0.075113	2.486165	-858993460	0.989875	0.000000	0.000605	-858993460	
12.999	1.085500	0.074615	2.456140	-858993460	0.989875	0.000000	0.000000	-858993460	
13.011	1.086063	0.055646	2.448430	-858993460	0.989875	0.000000	0.000000	-858993460	
13.022	1.086625	0.055892	2.442836	-858993460	0.989875	0.000000	0.000000	-858993460	
13.034	1.086625	0.037136	2.409865	-858993460	0.989875	0.000000	0.000000	-858993460	
13.046	1.087188	0.018547	2.391974	-858993460	0.989875	0.000000	0.000000	-858993460	
13.058	1.087750	0.037906	2.352200	-858993460	0.989200	0.000000	0.000000	-858993460	
13.069	1.087750	0.009829	2.288112	-858993460	0.989200	0.000000	0.000000	-858993460	
13.081	1.088313	0.038171	2.269870	-858993460	0.989200	0.000000	0.000000	-858993460	
13.093	1.088875	0.037562	2.241261	-858993460	0.989200	0.000000	0.000000	-858993460	
13.105	1.089437	0.037404	2.236958	-858993460	0.988525	0.000000	0.000000	-858993460	
13.116	1.090000	0.037129	2.233346	-858993460	0.987850	0.000000	0.000000	-858993460	
13.128	1.090562	0.056076	2.224064	-858993460	0.987850	0.000000	0.000000	-858993460	
13.140	1.091125	0.056037	2.226547	-858993460	0.987175	0.000000	0.000000	-858993460	
13.152	1.091688	0.056386	2.236001	-858993460	0.987175	0.000000	0.000000	-858993460	
13.163	1.092250	0.056127	2.248742	-858993460	0.986500	0.000000	0.000000	-858993460	
13.175	1.092813	0.056245	2.266651	-858993460	0.985150	0.000000	0.000000	-858993460	
13.187	1.093375	0.055707	2.302978	-858993460	0.984475	0.000000	0.000000	-858993460	
13.199	1.093375	0.037019	2.317076	-858993460	0.983125	0.000000	0.000000	-858993460	
13.210	1.093375	0.018286	2.357307	-858993460	0.982450	0.000000	0.000000	-858993460	
13.222	1.093938	0.018352	2.375971	-858993460	0.981775	0.000000	0.000000	-858993460	
13.234	1.093938	0.018352	2.372221	-858993460	0.981775	0.000000	0.000000	-858993460	
13.246	1.094500	0.018868	2.376763	-858993460	0.981100	0.000000	0.000000	-858993460	
13.257	1.094500	0.018868	2.385190	-858993460	0.981100	0.000000	0.000000	-858993460	
13.269	1.094500	0.000000	2.420249	-858993460	0.981100	0.011267	0.003380	-858993460	
13.281	1.094500	0.000000	2.421441	-858993460	0.981100	0.000000	0.000000	-858993460	
13.293	1.094500	0.000000	2.411811	-858993460	0.981100	0.000000	0.000000	-858993460	
13.305	1.094500	0.000000	2.404055	-858993460	0.981100	0.000000	0.000000	-858993460	
13.316	1.094500	0.000000	2.398691	-858993460	0.981100	0.000000	0.000000	-858993460	
13.328	1.094500	0.000000	2.395438	-858993460	0.981100	0.000000	0.000000	-858993460	
13.340	1.094500	0.000000	2.394029	-858993460	0.981100	0.000000	0.000000	-858993460	
13.352	1.094500	0.000000	2.394629	-858993460	0.981100	0.000000	0.000000	-858993460	
13.363	1.094500	0.000000	2.396991	-858993460	0.981100	0.000000	0.000000	-858993460	
13.375	1.094500	0.000000	2.405720	-858993460	0.981100	0.000000	0.000000	-858993460	
13.387	1.094500	0.000000	2.411456	-858993460	0.981100	0.000000	0.000000	-858993460	
13.399	1.094500	0.000000	2.418014	-858993460	0.981100	0.000000	0.000000	-858993460	
13.411	1.094500	0.000000	2.424999	-858993460	0.981100	0.000000	0.000000	-858993460	
13.422	1.094500	0.000000	2.432639	-858993460	0.981100	0.000000	0.000000	-858993460	
13.434	1.094500	0.000000	2.440690	-858993460	0.981100	0.000000	0.000000	-858993460	
13.446	1.094500	0.000000	2.448421	-858993460	0.981100	0.000000	0.000000	-858993460	
13.458	1.094500	0.000000	2.456844	-858993460	0.981100	0.000000	0.000000	-858993460	
13.469	1.094500	0.000000	2.474535	-858993460	0.981100	0.000000	0.000000	-858993460	
13.481	1.094500	0.000000	2.483391	-858993460	0.981100	0.000000	0.000000	-858993460	
13.493	1.094500	0.000000	2.493146	-858993460	0.981100	0.000000	0.000000	-858993460	
13.504	1.094500	0.000000	2.503273	-858993460	0.981100	0.000000	0.000000	-858993460	
13.516	1.094500	0.000000	2.513196	-858993460	0.981100	0.000000	0.000000	-858993460	
13.528	1.094500	0.000000	2.524200	-858993460	0.981100	0.000000	0.000000	-858993460	
13.540	1.094500	0.000000	2.535537	-858993460	0.981100	0.000000	0.000000	-858993460	
13.551	1.094500	0.000000	2.546191	-858993460	0.981100	0.000000	0.000000	-858993460	
13.563	1.094500	0.000000	2.557129	-858993460	0.981100	0.000000	0.000000	-858993460	
13.575	1.094500	0.000000	2.577981	-858993460	0.981100	0.000000	0.000000	-858993460	
13.587	1.094500	0.000000	2.587198	-858993460	0.981100	0.000000	0.000000	-858993460	
13.598	1.094500	0.000000	2.596837	-858993460	0.981100	0.000000	0.000000	-858993460	
13.610	1.094500	0.000000	2.606370	-858993460	0.981100	0.000000	0.000000	-858993460	
13.622	1.094500	0.000000	2.615871	-858993460	0.981100	0.000000	0.000000	-858993460	
13.634	1.094500	0.000000	2.625060	-858993460	0.981100	0.000000	0.000000	-858993460	
13.645	1.094500	0.000000	2.635054	-858993460	0.981100	0.000000	0.000000	-858993460	
13.657	1.094500	0.000000	2.645456	-858993460	0.981100	0.000000	0.000000	-858993460	
13.669	1.094500	0.000000	2.666728	-858993460	0.981100	0.000000	0.000000	-858993460	
13.681	1.094500	0.000000	2.678045	-858993460	0.981100	0.000000	0.000000	-858993460	
13.692	1.094500	0.000000	2.689054	-858993460	0.981100	0.000000	0.000000	-858993460	
13.704	1.094500	0.000000	2.701012	-858993460	0.981100	0.000000	0.000000	-858993460	
13.716	1.093938	0.000000	2.713187	-858993460	0.981100	0.000000	0.000000	-858993460	
13.728	1.093938	0.000000	2.725307	-858993460	0.981100	0.000000	0.000000	-858993460	
13.739	1.093938	0.000000	2.736716	-858993460	0.981100	0.000000	0.000000	-858993460	
13.751	1.093938	0.000000	2.748609	-858993460	0.981100	0.000000	0.000000	-858993460	
13.763	1.093375	0.000000	2.771056	-858993460	0.981100	0.000000	0.000000	-858993460	
13.773	1.093375	0.000000	2.771056	-858993460	0.980425	0.000000	0.000000	-858993460	
13.785	1.099563	0.206640	2.782276	-858993460	0.975025	0.000000	0.000000	-858993460	
13.796	1.110250	0.581143	3.028445	-858993460	0.962875	0.000000	0.000000	-858993460	
13.808	1.112500	0.571934	3.425797	-858993460	0.952075	0.000000	0.000000	-858993460	
13.820	1.114750	0.345660	4.015554	-858993460	0.946000	0.000000	0.000000	-858993460	
13.831	1.116438	0.149741	4.491818	-858993460	0.941950	0.000000	0.000000	-858993460	
13.843	1.116438	0.112342	4.715623	-858993460	0.938575	0.000000	0.000000	-858993460	
13.855	1.116438	0.000000	4.759312	-858993460	0.936550	0.000000	0.000000	-858993460	
13.867	1.114187	0.000000	4.723593	-858993460	0.936550	0.000000	0.000000	-858993460	
13.879	1.109125	0.000000	4.650130	-858993460	0.937900	0.022188	0.000000	-858993460	
13.890	1.104625	0.000000	4.495782	-858993460	0.944650	0.281518	0.077811	-858993460	
13.902	1.097312	0.000000	4.432442	-858993460	0.954100	0.574273	0.155381	-858993460	
13.914	1.088313	0.000000	4.375279	-858993460	0.962200	0.719929	0.219650	-858993460	
13.925	1.079313	0.000000	4.323941	-858993460	0.970300	0.719836	0.215975	-858993460	
13.937	1.068625	0.000000	4.266192	-858993460	0.982450	0.810653	0.577355	-858993460	
13.949	1.057375	0.000000	4.201542	-858993460	0.988525	0.754068	1.154972	-858993460	
13.960	1.047250	0.000000	4.131959	-858993460	0.987850	0.416957	1.716774	-858993460	
13.972	1.036562	0.000000	4.048044	-858993460	0.987850	0.034189	2.088344	-858993460	
13.984	1.028125	0.000000	3.952148	-858993460	0.991225	0.101767	2.064337	-858993460	
13.996	1.021375	0.000000	3.728359	-858993460	1.005400	0.617406	1.560239	-858993460	
14.007	1.016875	0.000000	3.595190	-858993460	1.020250	1.101021	1.725892	-858993460	
14.019	1.014625	0.000000	3.450244	-858993460	1.020250	0.752451	2.195739	-858993460	
14.031	1.011250	0.000000	3.302239	-858993460	1.015525	0.044838	2.673823	-858993460	
14.043	1.010687	0.000000	3.137568	-858993460	1.009450	0.000000	2.678041	-858993460	
14.054	1.012375	0.000000	2.963444	-858993460	1.010125	0.000000	2.198476	-858993460	
14.066	1.019688	0.318316	2.793321	-858993460	1.012825	0.034148	1.712317	-858993460	
14.078	1.025875	0.496636	2.723539	-858993460	1.013500	0.135364	1.275182	-858993460	
14.089	1.030938	0.543712	3.098207	-858993460	1.013500	0.068065	0.626288	-858993460	
14.101	1.038250	0.506280	3.431932	-858993460	1.013500	0.000000	0.317776	-858993460	
14.113	1.041625	0.459950	3.759134	-858993460	1.012825	0.000000	0.000000	-858993460	
14.124	1.045563	0.392809	4.011070	-858993460	1.012825	0.000000	0.000000	-858993460	
14.136	1.050063	0.337252	4.188964	-858993460	1.010800	0.000000	0.000000	-858993460	
14.148	1.051188	0.253605	4.279236	-858993460	1.005400	0.000000	0.000000	-858993460	
14.160	1.051750	0.123103	4.297369	-858993460	1.002700	0.000000	0.000000	-858993460	
14.171	1.052312	0.057765	4.228223	-858993460	1.002700	0.000000	0.000000	-858993460	
14.183	1.052312	0.038026	4.064769	-858993460	1.002700	0.000000	0.000000	-858993460	
14.195	1.050625	0.000000	3.606791	-858993460	1.005400	0.101507	0.020320	-858993460	
14.206	1.048375	0.000000	3.368563	-858993460	1.010125	0.247930	0.077725	-858993460	
14.218	1.046125	0.000000	3.164895	-858993460	1.015525	0.405365	0.114899	-858993460	
14.234	1.042750	0.000000	2.972975	-858993460	1.018900	0.337262	0.104736	-858993460	
14.246	1.040500	0.000000	2.798984	-858993460	1.024300	0.302476	0.094458	-858993460	
14.258	1.039375	0.000000	2.632657	-858993460	1.031050	0.450464	0.100835	-858993460	
14.270	1.038250	0.000000	2.353650	-858993460	1.032400	0.349167	0.118709	-858993460	
14.282	1.037688	0.000000	2.235621	-858993460	1.032400	0.147690	0.057855	-858993460	
14.293	1.037688	0.000000	2.118070	-858993460	1.033750	0.067927	0.030568	-858993460	
14.305	1.037688	0.000000	2.007264	-858993460	1.035100	0.090439	0.027132	-858993460	
14.317	1.041062	0.121579	1.909055	-858993460	1.035100	0.056207	0.027132	-858993460	
14.329	1.044438	0.236634	1.863658	-858993460	1.035100	0.000000	0.013520	-858993460	
14.338	1.046125	0.264942	1.874657	-858993460	1.034425	0.000000	0.000000	-858993460	
14.350	1.048375	0.226998	2.002028	-858993460	1.031050	0.000000	0.000000	-858993460	
14.361	1.051188	0.205726	2.189133	-858993460	1.026325	0.000000	0.000000	-858993460	
14.373	1.053437	0.206151	2.328114	-858993460	1.021600	0.000000	0.000000	-858993460	
14.385	1.056250	0.224551	2.532920	-858993460	1.016875	0.000000	0.000000	-858993460	
14.397	1.060187	0.289922	2.657867	-858993460	1.012150	0.000000	0.000000	-858993460	
14.409	1.061313	0.225095	2.795177	-858993460	1.008100	0.000000	0.000000	-858993460	
14.420	1.063563	0.168958	2.933651	-858993460	1.004725	0.000000	0.000000	-858993460	
14.432	1.065250	0.149679	3.021379	-858993460	1.001350	0.000000	0.000000	-858993460	
14.444	1.065812	0.130551	3.099906	-858993460	1.000675	0.000000	0.000000	-858993460	
14.456	1.066375	0.084291	3.139957	-858993460	1.000000	0.000000	0.000000	-858993460	
14.467	1.066375	0.018994	3.174788	-858993460	1.000000	0.000000	0.000000	-858993460	
14.479	1.066375	0.018994	3.072233	-858993460	1.000000	0.000000	0.000000	-858993460	
14.491	1.066375	0.000000	3.013925	-858993460	1.000000	0.000000	0.000000	-858993460	
14.502	1.064687	0.000000	2.970931	-858993460	1.000000	0.000000	0.000000	-858993460	
14.514	1.062438	0.000000	2.921731	-858993460	1.001350	0.045016	0.010163	-858993460	
14.526	1.061875	0.000000	2.878460	-858993460	1.003375	0.112314	0.026959	-858993460	
14.537	1.060750	0.000000	2.842268	-858993460	1.004725	0.156301	0.040476	-858993460	
14.549	1.059625	0.000000	2.811504	-858993460	1.004725	0.088769	0.040100	-858993460	
14.561	1.059625	0.000000	2.784610	-858993460	1.006750	0.088939	0.026737	-858993460	
14.572	1.059062	0.000000	2.758450	-858993460	1.008100	0.112683	0.016887	-858993460	
14.584	1.059062	0.000000	2.711386	-858993460	1.008775	0.111654	0.033496	-858993460	
14.596	1.059062	0.009399	2.690186	-858993460	1.008775	0.044232	0.009898	-858993460	
14.608	1.059062	0.000000	2.668847	-858993460	1.008775	0.000000	0.006498	-858993460	
14.620	1.059062	0.000000	2.647264	-858993460	1.008775	0.000000	0.000000	-858993460	
14.631	1.059625	0.028944	2.625695	-858993460	1.008775	0.000000	0.000000	-858993460	
14.643	1.060187	0.038202	2.610675	-858993460	1.008775	0.000000	0.000000	-858993460	
14.655	1.060750	0.056989	2.599806	-858993460	1.008775	0.000000	0.000000	-858993460	
14.666	1.060750	0.009406	2.628478	-858993460	1.008775	0.000000	0.000000	-858993460	
14.678	1.060750	0.000000	2.657605	-858993460	1.008775	0.000000	0.000000	-858993460	
14.690	1.060750	0.000000	2.651689	-858993460	1.008775	0.000000	0.000000	-858993460	
14.701	1.060750	0.000000	2.614731	-858993460	1.008775	0.000000	0.000000	-858993460	
14.713	1.060750	0.000000	2.576178	-858993460	1.008775	0.000000	0.000000	-858993460	
14.725	1.060750	0.000000	2.538598	-858993460	1.008775	0.000000	0.000000	-858993460	
14.737	1.060750	0.000000	2.501795	-858993460	1.008775	0.000000	0.000000	-858993460	
14.748	1.060750	0.000000	2.467061	-858993460	1.008775	0.000000	0.000000	-858993460	
14.760	1.060750	0.000000	2.431671	-858993460	1.008775	0.000000	0.000000	-858993460	
14.772	1.061313	0.019529	2.397265	-858993460	1.008775	0.000000	0.000000	-858993460	
14.784	1.061875	0.038504	2.342337	-858993460	1.008775	0.000000	0.000000	-858993460	
14.795	1.062438	0.066638	2.342010	-858993460	1.008775	0.000000	0.000000	-858993460	
14.807	1.063000	0.056503	2.356018	-858993460	1.008775	0.000000	0.000000	-858993460	
14.819	1.063000	0.037527	2.382031	-858993460	1.008775	0.000000	0.000000	-858993460	
14.831	1.063563	0.037202	2.416547	-858993460	1.008775	0.000000	0.000000	-858993460	
14.842	1.064125	0.037488	2.409748	-858993460	1.008100	0.000000	0.000000	-858993460	
14.854	1.064687	0.037891	2.410858	-858993460	1.006750	0.000000	0.000000	-858993460	
14.866	1.064687	0.037891	2.414947	-858993460	1.006750	0.000000	0.000000	-858993460	
14.877	1.064687	0.018809	2.432890	-858993460	1.006750	0.000000	0.000000	-858993460	
14.889	1.064687	0.000000	2.392034	-858993460	1.006750	0.000000	0.000000	-858993460	
14.901	1.065250	0.018958	2.357833	-858993460	1.006750	0.000000	0.000000	-858993460	
14.913	1.065250	0.018958	2.339511	-858993460	1.006750	0.000000	0.000000	-858993460	
14.924	1.065250	0.000000	2.322699	-858993460	1.006750	0.000000	0.000000	-858993460	
14.936	1.065250	0.000000	2.299731	-858993460	1.006750	0.000000	0.000000	-858993460	
14.948	1.065250	0.000000	2.263995	-858993460	1.006750	0.000000	0.000000	-858993460	
14.959	1.065812	0.018521	2.231370	-858993460	1.006750	0.000000	0.000000	-858993460	
14.971	1.066375	0.037319	2.210340	-858993460	1.006750	0.000000	0.000000	-858993460	
14.983	1.066375	0.018798	2.206212	-858993460	1.006750	0.000000	0.000000	-858993460	
14.995	1.066937	0.037877	2.219282	-858993460	1.006750	0.000000	0.000000	-858993460	
15.006	1.067500	0.037785	2.210921	-858993460	1.006075	0.000000	0.000000	-858993460	
15.018	1.068063	0.056265	2.233422	-858993460	1.005400	0.000000	0.000000	-858993460	
15.030	1.068625	0.066422	2.253644	-858993460	1.004725	0.000000	0.000000	-858993460	
15.042	1.068625	0.038410	2.300844	-858993460	1.004050	0.000000	0.000000	-858993460	
15.053	1.069188	0.039622	2.307685	-858993460	1.003375	0.000000	0.000000	-858993460	
15.065	1.069750	0.037570	2.321790	-858993460	1.002700	0.000000	0.000000	-858993460	
15.077	1.070313	0.027183	2.340942	-858993460	1.002025	0.000000	0.000000	-858993460	
15.089	1.070313	0.036586	2.410870	-858993460	1.001350	0.000000	0.000000	-858993460	
15.100	1.070875	0.028100	2.410238	-858993460	1.001350	0.000000	0.000000	-858993460	
15.112	1.070875	0.018993	2.399621	-858993460	1.001350	0.000000	0.000000	-858993460	
15.124	1.070875	0.018993	2.390043	-858993460	1.001350	0.000000	0.000000	-858993460	
15.136	1.070875	0.000000	2.381749	-858993460	1.001350	0.000000	0.000000	-858993460	
15.147	1.070875	0.000000	2.365676	-858993460	1.001350	0.000000	0.000000	-858993460	
15.159	1.070875	0.000000	2.339076	-858993460	1.001350	0.000000	0.000000	-858993460	
15.171	1.070875	0.000000	2.313002	-858993460	1.001350	0.000000	0.000000	-858993460	
15.183	1.070875	0.000000	2.268089	-858993460	1.001350	0.000000	0.000000	-858993460	
15.194	1.070875	0.000000	2.247491	-858993460	1.001350	0.000000	0.000000	-858993460	
15.206	1.071437	0.018840	2.228885	-858993460	1.001350	0.000000	0.000000	-858993460	
15.218	1.071437	0.018840	2.220640	-858993460	1.001350	0.000000	0.000000	-858993460	
15.230	1.072000	0.036379	2.225804	-858993460	1.001350	0.000000	0.000000	-858993460	
15.241	1.075938	0.158112	2.240950	-858993460	0.999325	0.000000	0.000000	-858993460	
15.253	1.087750	0.561374	2.335863	-858993460	0.989875	0.000000	0.000000	-858993460	
15.265	1.096187	0.796922	2.546632	-858993460	0.975700	0.000000	0.000000	-858993460	
15.277	1.100125	0.646524	3.081267	-858993460	0.962200	0.000000	0.000000	-858993460	
15.288	1.104063	0.385421	4.468071	-858993460	0.952075	0.000000	0.000000	-858993460	
15.300	1.105188	0.216536	4.863942	-858993460	0.945325	0.000000	0.000000	-858993460	
15.312	1.108000	0.159296	5.050017	-858993460	0.939925	0.000000	0.000000	-858993460	
15.324	1.108562	0.131409	5.055546	-858993460	0.937900	0.000000	0.000000	-858993460	
15.335	1.108562	0.075171	5.025002	-858993460	0.937900	0.000000	0.000000	-858993460	
15.347	1.105188	0.000000	4.944124	-858993460	0.938575	0.010994	0.000000	-858993460	
15.359	1.098438	0.000000	4.820887	-858993460	0.944650	0.227604	0.006687	-858993460	
15.370	1.093938	0.000000	4.634766	-858993460	0.954775	0.576174	0.081777	-858993460	
15.382	1.084937	0.000000	4.319760	-858993460	0.964225	0.785009	0.235503	-858993460	
15.394	1.073125	0.000000	4.172459	-858993460	0.972325	0.754488	0.580286	-858993460	
15.406	1.065250	0.000000	4.031357	-858993460	0.979750	0.675157	1.225919	-858993460	
15.418	1.054562	0.000000	3.881392	-858993460	0.979750	0.382562	1.762425	-858993460	
15.429	1.043313	0.000000	3.724805	-858993460	0.979750	0.124151	2.031252	-858993460	
15.441	1.037688	0.000000	3.558492	-858993460	0.983125	0.101637	2.008544	-858993460	
15.452	1.032063	0.000000	3.389510	-858993460	0.995275	0.541694	1.845465	-858993460	
15.464	1.028125	0.000000	3.204744	-858993460	1.006075	0.890373	1.770433	-858993460	
15.476	1.027562	0.000000	3.011799	-858993460	1.004725	0.539843	2.092830	-858993460	
15.488	1.027562	0.000000	2.614692	-858993460	0.999325	0.000000	2.716460	-858993460	
15.500	1.029250	0.064952	2.410418	-858993460	0.993925	0.000000	2.602446	-858993460	
15.511	1.037125	0.339095	2.242919	-858993460	0.991900	0.000000	2.231370	-858993460	
15.523	1.046687	0.648347	2.218389	-858993460	0.990550	0.000000	1.875991	-858993460	
15.535	1.054562	0.751773	2.504386	-858993460	0.983800	0.000000	1.545927	-858993460	
15.546	1.061875	0.693739	2.968482	-858993460	0.973675	0.000000	1.234494	-858993460	
15.558	1.069750	0.657025	3.500323	-858993460	0.964900	0.000000	0.953119	-858993460	
15.570	1.077625	0.656808	3.977132	-858993460	0.958825	0.000000	0.672231	-858993460	
15.581	1.084375	0.656503	4.737576	-858993460	0.954100	0.000000	0.157785	-858993460	
15.593	1.091125	0.589763	5.069635	-858993460	0.949375	0.000000	0.000000	-858993460	
15.605	1.094500	0.458415	5.345500	-858993460	0.947350	0.000000	0.000000	-858993460	
15.617	1.095625	0.233534	5.515626	-858993460	0.947350	0.000000	0.000000	-858993460	
15.629	1.095625	0.074989	5.508345	-858993460	0.946675	0.000000	0.000000	-858993460	
15.640	1.094500	0.000000	5.289929	-858993460	0.946675	0.000000	0.000000	-858993460	
15.652	1.089437	0.000000	4.943625	-858993460	0.949375	0.101247	0.000000	-858993460	
15.664	1.083812	0.000000	4.576596	-858993460	0.959500	0.437627	0.050618	-858993460	
15.676	1.077062	0.000000	3.944693	-858993460	0.971650	0.808857	0.242657	-858993460	
15.688	1.069188	0.000000	3.662089	-858993460	0.978400	0.853690	0.256108	-858993460	
15.700	1.061313	0.000000	3.413295	-858993460	0.987175	0.742327	0.222666	-858993460	
15.711	1.052875	0.000000	3.165581	-858993460	1.002025	0.900402	0.617210	-858993460	
15.723	1.045000	0.000000	2.930799	-858993460	1.008775	0.867218	1.140363	-858993460	
15.735	1.038250	0.000000	2.703744	-858993460	1.005400	0.326502	1.603249	-858993460	
15.747	1.034312	0.000000	2.494039	-858993460	1.004725	0.000000	1.849991	-858993460	
15.758	1.032063	0.000000	2.276650	-858993460	1.006075	0.000000	1.720088	-858993460	
15.770	1.032063	0.000000	2.063724	-858993460	1.015525	0.382885	1.187078	-858993460	
15.782	1.033750	0.055928	1.651460	-858993460	1.025650	0.709477	0.731769	-858993460	
15.793	1.039937	0.271766	1.517403	-858993460	1.025650	0.551328	0.881716	-858993460	
15.805	1.046687	0.488331	1.502671	-858993460	1.016875	0.000000	0.978686	-858993460	
15.817	1.052312	0.527151	1.675341	-858993460	1.003375	0.000000	0.866339	-858993460	
15.829	1.058500	0.507951	2.018672	-858993460	0.998650	0.000000	0.365342	-858993460	
15.840	1.065812	0.572107	2.370177	-858993460	0.998650	0.000000	0.000000	-858993460	
15.852	1.073125	0.599456	2.671888	-858993460	0.997975	0.000000	0.000000	-858993460	
15.864	1.080438	0.599767	2.989226	-858993460	0.989875	0.000000	0.000000	-858993460	
15.875	1.085500	0.552881	3.644203	-858993460	0.977050	0.000000	0.000000	-858993460	
15.887	1.090562	0.470701	3.861966	-858993460	0.964225	0.000000	0.000000	-858993460	
15.899	1.095062	0.395425	3.992143	-858993460	0.960175	0.000000	0.000000	-858993460	
15.911	1.097875	0.311753	4.011298	-858993460	0.959500	0.000000	0.000000	-858993460	
15.920	1.099000	0.253259	3.974746	-858993460	0.958150	0.000000	0.000000	-858993460	
15.931	1.099563	0.121897	3.818638	-858993460	0.954775	0.000000	0.000000	-858993460	
15.943	1.099563	0.028258	3.595698	-858993460	0.954775	0.000000	0.000000	-858993460	
15.955	1.099563	0.018766	3.302867	-858993460	0.954775	0.000000	0.000000	-858993460	
15.967	1.099563	0.000000	2.960953	-858993460	0.958150	0.112182	0.020064	-858993460	
15.978	1.097875	0.000000	2.604522	-858993460	0.964225	0.326314	0.057173	-858993460	
15.990	1.097312	0.000000	2.263584	-858993460	0.967600	0.383632	0.101440	-858993460	
16.002	1.097312	0.000000	1.690051	-858993460	0.969625	0.260667	0.088324	-858993460	
16.014	1.097312	0.009389	1.439325	-858993460	0.971650	0.168820	0.064118	-858993460	
16.025	1.097875	0.018748	1.224596	-858993460	0.974350	0.202305	0.064070	-858993460	
16.037	1.101250	0.140285	1.041424	-858993460	0.974350	0.134805	0.046999	-858993460	
16.049	1.106313	0.308859	0.945712	-858993460	0.974350	0.011199	0.026918	-858993460	
16.061	1.110813	0.393195	0.986755	-858993460	0.973675	0.000000	0.000000	-858993460	
16.072	1.113625	0.337466	1.188585	-858993460	0.969625	0.000000	0.000000	-858993460	
16.084	1.117563	0.300485	1.430335	-858993460	0.962200	0.000000	0.000000	-858993460	
16.096	1.122063	0.338150	1.684084	-858993460	0.953425	0.000000	0.000000	-858993460	
16.108	1.125437	0.347941	2.105529	-858993460	0.946675	0.000000	0.000000	-858993460	
16.119	1.129938	0.327378	2.321027	-858993460	0.939925	0.000000	0.000000	-858993460	
16.131	1.135563	0.402314	2.589804	-858993460	0.932500	0.000000	0.000000	-858993460	
16.143	1.137812	0.337663	2.824721	-858993460	0.925750	0.000000	0.000000	-858993460	
16.155	1.138937	0.197074	3.023817	-858993460	0.921025	0.000000	0.000000	-858993460	
16.166	1.141188	0.150878	3.203746	-858993460	0.918325	0.000000	0.000000	-858993460	
16.178	1.141750	0.113161	3.275498	-858993460	0.917650	0.000000	0.000000	-858993460	
16.190	1.141750	0.056355	3.269297	-858993460	0.917650	0.000000	0.000000	-858993460	
16.202	1.141750	0.000000	3.139485	-858993460	0.917650	0.000000	0.000000	-858993460	
16.213	1.140062	0.000000	2.991859	-858993460	0.917650	0.000000	0.000000	-858993460	
16.225	1.136125	0.000000	2.867438	-858993460	0.920350	0.089948	0.023620	-858993460	
16.237	1.134438	0.000000	2.753188	-858993460	0.926425	0.302345	0.063847	-858993460	
16.249	1.131625	0.000000	2.652666	-858993460	0.929800	0.380679	0.111068	-858993460	
16.260	1.127125	0.000000	2.562940	-858993460	0.932500	0.314468	0.117431	-858993460	
16.272	1.124875	0.000000	2.484871	-858993460	0.936550	0.303179	0.087636	-858993460	
16.284	1.123188	0.000000	2.408310	-858993460	0.941950	0.359829	0.087663	-858993460	
16.295	1.120375	0.000000	2.335603	-858993460	0.944650	0.347747	0.118081	-858993460	
16.307	1.119250	0.000000	2.198433	-858993460	0.944650	0.167775	0.057083	-858993460	
16.319	1.119250	0.000000	2.124949	-858993460	0.947350	0.135430	0.043962	-858993460	
16.331	1.119250	0.009340	2.045868	-858993460	0.949375	0.157592	0.050639	-858993460	
16.342	1.119250	0.000000	1.967563	-858993460	0.949375	0.134956	0.047278	-858993460	
16.354	1.119250	0.000000	1.886714	-858993460	0.949375	0.022805	0.016869	-858993460	
16.366	1.122063	0.093829	1.798057	-858993460	0.949375	0.000000	0.000000	-858993460	
16.377	1.125437	0.206096	1.744902	-858993460	0.949375	0.000000	0.000000	-858993460	
16.389	1.126562	0.205805	1.760423	-858993460	0.946675	0.000000	0.000000	-858993460	
16.401	1.128813	0.150825	1.999613	-858993460	0.943300	0.000000	0.000000	-858993460	
16.413	1.130500	0.150994	2.083775	-858993460	0.939925	0.000000	0.000000	-858993460	
16.425	1.132187	0.224833	2.103225	-858993460	0.936550	0.000000	0.000000	-858993460	
16.437	1.135563	0.242329	2.191534	-858993460	0.934525	0.000000	0.000000	-858993460	
16.449	1.136125	0.213679	2.334611	-858993460	0.932500	0.000000	0.000000	-858993460	
16.460	1.136125	0.083194	2.454281	-858993460	0.930475	0.000000	0.000000	-858993460	
16.472	1.136688	0.018236	2.528687	-858993460	0.929125	0.000000	0.000000	-858993460	
16.484	1.136688	0.018236	2.529124	-858993460	0.928450	0.000000	0.000000	-858993460	
16.496	1.137250	0.036285	2.453454	-858993460	0.928450	0.000000	0.000000	-858993460	
16.505	1.137250	0.018049	2.384927	-858993460	0.928450	0.000000	0.000000	-858993460	
16.517	1.137250	0.018049	2.344051	-858993460	0.928450	0.000000	0.000000	-858993460	
16.528	1.137250	0.000000	2.235320	-858993460	0.928450	0.000000	0.000000	-858993460	
16.540	1.137250	0.000000	2.180121	-858993460	0.928450	0.000000	0.000000	-858993460	
16.552	1.136125	0.000000	2.137612	-858993460	0.929800	0.044953	0.006757	-858993460	
16.563	1.136125	0.000000	2.103186	-858993460	0.930475	0.067988	0.013486	-858993460	
16.575	1.136125	0.000000	2.077973	-858993460	0.930475	0.045465	0.020396	-858993460	
16.587	1.136125	0.000000	2.061406	-858993460	0.930475	0.023035	0.013639	-858993460	
16.599	1.136125	0.000000	2.051251	-858993460	0.930475	0.000000	0.000000	-858993460	
16.611	1.136688	0.028111	2.047708	-858993460	0.930475	0.000000	0.000000	-858993460	
16.622	1.137812	0.056019	2.070287	-858993460	0.930475	0.000000	0.000000	-858993460	
16.634	1.138375	0.074430	2.121055	-858993460	0.930475	0.000000	0.000000	-858993460	
16.646	1.138375	0.055616	2.202438	-858993460	0.930475	0.000000	0.000000	-858993460	
16.657	1.138375	0.018411	2.274503	-858993460	0.930475	0.000000	0.000000	-858993460	
16.669	1.138375	0.000000	2.340810	-858993460	0.930475	0.000000	0.000000	-858993460	
16.681	1.138375	0.000000	2.370558	-858993460	0.930475	0.000000	0.000000	-858993460	
16.693	1.138375	0.000000	2.385651	-858993460	0.930475	0.000000	0.000000	-858993460	
16.704	1.137250	0.000000	2.404102	-858993460	0.930475	0.000000	0.000000	-858993460	
16.716	1.136125	0.000000	2.427099	-858993460	0.930475	0.000000	0.000000	-858993460	
16.728	1.136125	0.000000	2.480960	-858993460	0.930475	0.000000	0.000000	-858993460	
16.739	1.135000	0.000000	2.512498	-858993460	0.930475	0.000000	0.000000	-858993460	
16.751	1.133875	0.000000	2.544517	-858993460	0.930475	0.000000	0.000000	-858993460	
16.763	1.133312	0.000000	2.577198	-858993460	0.930475	0.000000	0.000000	-858993460	
16.775	1.133312	0.000000	2.609434	-858993460	0.930475	0.000000	0.000000	-858993460	
16.787	1.137250	0.131192	2.643935	-858993460	0.929125	0.000000	0.000000	-858993460	
16.798	1.150187	0.580963	2.725463	-858993460	0.919675	0.000000	0.000000	-858993460	
16.810	1.157500	0.786851	2.959037	-858993460	0.904825	0.000000	0.000000	-858993460	
16.822	1.159188	0.543977	4.281630	-858993460	0.893350	0.000000	0.000000	-858993460	
16.833	1.159750	0.178486	4.957156	-858993460	0.888625	0.000000	0.000000	-858993460	
16.845	1.159750	0.037680	5.231220	-858993460	0.888625	0.000000	0.000000	-858993460	
16.857	1.158625	0.000000	5.213617	-858993460	0.887950	0.000000	0.000000	-858993460	
16.869	1.154688	0.000000	5.113784	-858993460	0.887950	0.000000	0.000000	-858993460	
16.878	1.149063	0.000000	5.003473	-858993460	0.889975	0.056189	0.000000	-858993460	
16.890	1.141188	0.000000	4.901540	-858993460	0.897400	0.325950	0.057357	-858993460	
16.901	1.131063	0.000000	4.810586	-858993460	0.911575	0.786558	0.168641	-858993460	
16.913	1.118125	0.000000	4.727893	-858993460	0.925075	1.079153	0.279887	-858993460	
16.925	1.104063	0.000000	4.654020	-858993460	0.935875	1.113095	0.340675	-858993460	
16.937	1.088313	0.000000	4.573965	-858993460	0.951400	1.126091	0.323851	-858993460	
16.948	1.072562	0.000000	4.401932	-858993460	0.973000	1.462679	1.099597	-858993460	
16.960	1.055688	0.000000	4.301548	-858993460	0.984475	1.371758	2.256719	-858993460	
16.972	1.038250	0.000000	4.193597	-858993460	0.974350	0.381862	3.255403	-858993460	
16.984	1.023625	0.000000	4.073727	-858993460	0.965575	0.000000	3.689946	-858993460	
16.996	1.012375	0.000000	3.948650	-858993460	0.978400	0.000000	3.426109	-858993460	
17.007	1.006188	0.000000	3.806563	-858993460	1.002025	1.192690	2.992236	-858993460	
17.019	1.003375	0.000000	3.654787	-858993460	1.008100	1.293629	2.983436	-858993460	
17.031	1.000000	0.000000	3.505021	-858993460	1.005400	0.437957	3.535997	-858993460	
17.043	1.000000	0.000000	3.171982	-858993460	0.997975	0.000000	4.272761	-858993460	
17.054	1.003937	0.084169	2.993225	-858993460	0.991225	0.000000	3.710415	-858993460	
17.066	1.014625	0.506175	2.926925	-858993460	0.991225	0.000000	3.110049	-858993460	
17.078	1.024187	0.797829	3.027163	-858993460	0.989200	0.000000	2.519493	-858993460	
17.090	1.033750	0.852169	3.447846	-858993460	0.982450	0.000000	1.963931	-858993460	
17.101	1.045000	0.881342	4.060357	-858993460	0.972325	0.000000	1.464461	-858993460	
17.113	1.052312	0.805951	4.732100	-858993460	0.966250	0.000000	0.968879	-858993460	
17.125	1.061875	0.731241	5.335219	-858993460	0.964900	0.000000	0.501802	-858993460	
17.137	1.069188	0.684115	6.157338	-858993460	0.964900	0.000000	0.000000	-858993460	
17.148	1.073688	0.572047	6.405339	-858993460	0.964900	0.000000	0.003354	-858993460	
17.160	1.075375	0.300519	6.545891	-858993460	0.962875	0.000000	0.000000	-858993460	
17.172	1.075375	0.112821	6.513906	-858993460	0.960850	0.000000	0.000000	-858993460	
17.184	1.073688	0.000000	6.166960	-858993460	0.960850	0.000000	0.000000	-858993460	
17.195	1.067500	0.000000	5.657582	-858993460	0.965575	0.146030	0.000000	-858993460	
17.207	1.061875	0.000000	5.080843	-858993460	0.978400	0.595752	0.094327	-858993460	
17.219	1.054562	0.000000	4.566132	-858993460	0.990550	0.955694	0.222551	-858993460	
17.230	1.046125	0.000000	4.060155	-858993460	0.998650	0.944587	0.293449	-858993460	
17.242	1.038250	0.000000	3.143670	-858993460	1.010800	0.877831	0.266507	-858993460	
17.254	1.030375	0.000000	2.702189	-858993460	1.029025	1.159118	0.472904	-858993460	
17.266	1.022500	0.000000	2.275660	-858993460	1.039825	1.204057	1.243013	-858993460	
17.278	1.018000	0.000000	1.863915	-858993460	1.034425	0.495131	1.988156	-858993460	
17.289	1.016875	0.000000	1.481793	-858993460	1.024300	0.000000	2.337722	-858993460	
17.301	1.016875	0.000000	1.090469	-858993460	1.024300	0.000000	2.165872	-858993460	
17.313	1.021375	0.159529	0.712471	-858993460	1.031725	0.147455	1.576519	-858993460	
17.324	1.032625	0.553100	0.388441	-858993460	1.036450	0.450343	1.137679	-858993460	
17.336	1.049500	1.059532	0.392536	-858993460	1.035100	0.257917	0.700764	-858993460	
17.348	1.063000	1.255722	1.021933	-858993460	1.026325	0.000000	0.521193	-858993460	
17.360	1.065250	0.833444	1.832417	-858993460	1.010800	0.000000	0.120562	-858993460	
17.371	1.068625	0.411584	2.583539	-858993460	0.995950	0.000000	0.000000	-858993460	
17.383	1.081000	0.543763	2.877565	-858993460	0.986500	0.000000	0.000000	-858993460	
17.395	1.097875	1.097144	2.901516	-858993460	0.973675	0.000000	0.000000	-858993460	
17.407	1.110813	1.228283	3.060263	-858993460	0.954100	0.000000	0.000000	-858993460	
17.419	1.118125	0.965571	3.651864	-858993460	0.937225	0.000000	0.000000	-858993460	
17.430	1.121500	0.562637	4.427428	-858993460	0.924400	0.000000	0.000000	-858993460	
17.442	1.124875	0.309306	5.141885	-858993460	0.917650	0.000000	0.000000	-858993460	
17.454	1.130500	0.318813	4.988066	-858993460	0.910900	0.000000	0.000000	-858993460	
17.463	1.133312	0.374728	4.770321	-858993460	0.908875	0.000000	0.000000	-858993460	
17.474	1.133875	0.252397	4.546858	-858993460	0.908200	0.000000	0.000000	-858993460	
17.483	1.133875	0.120997	4.366519	-858993460	0.908200	0.000000	0.000000	-858993460	
17.495	1.131063	0.000000	4.088529	-858993460	0.910225	0.067983	0.016971	-858993460	
17.507	1.125437	0.000000	3.733365	-858993460	0.918325	0.349431	0.094689	-858993460	
17.519	1.121500	0.000000	3.325464	-858993460	0.927775	0.652753	0.172224	-858993460	
17.530	1.117000	0.000000	2.968982	-858993460	0.934525	0.697859	0.219473	-858993460	
17.542	1.110250	0.000000	2.671158	-858993460	0.941950	0.608377	0.195856	-858993460	
17.554	1.105188	0.000000	2.395311	-858993460	0.952750	0.731405	0.179016	-858993460	
17.565	1.101812	0.000000	2.146803	-858993460	0.962875	0.855020	0.229575	-858993460	
17.578	1.098438	0.000000	1.923020	-858993460	0.967600	0.682161	0.256524	-858993460	
17.590	1.096187	0.000000	1.520363	-858993460	0.971650	0.443625	0.133152	-858993460	
17.602	1.095625	0.000000	1.344595	-858993460	0.979075	0.433486	0.119628	-858993460	
17.613	1.095625	0.000000	1.188446	-858993460	0.981100	0.392283	0.124441	-858993460	
17.625	1.096750	0.038172	1.032949	-858993460	0.981100	0.190376	0.094422	-858993460	
17.637	1.102375	0.235348	0.918330	-858993460	0.981100	0.022548	0.023529	-858993460	
17.649	1.108000	0.403880	0.912289	-858993460	0.979075	0.000000	0.000000	-858993460	
17.661	1.111375	0.403999	1.034526	-858993460	0.973000	0.000000	0.000000	-858993460	
17.672	1.115312	0.338692	1.318399	-858993460	0.964225	0.000000	0.000000	-858993460	
17.684	1.121500	0.403456	1.893005	-858993460	0.954775	0.000000	0.000000	-858993460	
17.696	1.125437	0.412444	2.141065	-858993460	0.946000	0.000000	0.000000	-858993460	
17.708	1.130500	0.412153	2.419661	-858993460	0.937225	0.000000	0.000000	-858993460	
17.719	1.136688	0.459324	2.691975	-858993460	0.928450	0.000000	0.000000	-858993460	
17.731	1.140062	0.403339	2.987811	-858993460	0.921025	0.000000	0.000000	-858993460	
17.743	1.141750	0.272046	3.257002	-858993460	0.914950	0.000000	0.000000	-858993460	
17.754	1.144000	0.159386	3.491949	-858993460	0.911575	0.000000	0.000000	-858993460	
17.766	1.144562	0.131467	3.622681	-858993460	0.909550	0.000000	0.000000	-858993460	
17.776	1.144562	0.065443	3.633578	-858993460	0.909550	0.000000	0.000000	-858993460	
17.788	1.144562	0.000000	3.565685	-858993460	0.909550	0.000000	0.000000	-858993460	
17.800	1.142313	0.000000	3.460505	-858993460	0.909550	0.000000	0.000000	-858993460	
17.812	1.137812	0.000000	3.144404	-858993460	0.913600	0.145765	0.037097	-858993460	
17.823	1.135000	0.000000	3.019714	-858993460	0.921025	0.393314	0.104562	-858993460	
17.835	1.131063	0.000000	2.905201	-858993460	0.925750	0.483620	0.148488	-858993460	
17.847	1.124313	0.000000	2.805260	-858993460	0.929125	0.382702	0.124993	-858993460	
17.859	1.120937	0.000000	2.714911	-858993460	0.935875	0.405304	0.104755	-858993460	
17.870	1.117000	0.000000	2.634628	-858993460	0.944650	0.585253	0.151934	-858993460	
17.882	1.111938	0.000000	2.555341	-858993460	0.948025	0.528975	0.192391	-858993460	
17.894	1.108562	0.000000	2.481132	-858993460	0.949375	0.281862	0.162223	-858993460	
17.906	1.106875	0.000000	2.337877	-858993460	0.955450	0.304632	0.091390	-858993460	
17.917	1.105188	0.000000	2.262607	-858993460	0.962875	0.472835	0.145189	-858993460	
17.929	1.104063	0.000000	2.185638	-858993460	0.963550	0.404780	0.135121	-858993460	
17.941	1.104063	0.000000	2.108210	-858993460	0.963550	0.123882	0.070885	-858993460	
17.953	1.104063	0.000000	2.023829	-858993460	0.963550	0.000000	0.006660	-858993460	
17.965	1.104063	0.000000	1.937259	-858993460	0.963550	0.000000	0.000000	-858993460	
17.973	1.106313	0.076715	1.855230	-858993460	0.963550	0.000000	0.000000	-858993460	
17.985	1.110250	0.216635	1.796419	-858993460	0.963550	0.000000	0.000000	-858993460	
17.997	1.111375	0.224394	1.817907	-858993460	0.962875	0.000000	0.000000	-858993460	
18.009	1.114187	0.177214	1.932165	-858993460	0.958825	0.000000	0.000000	-858993460	
18.020	1.117563	0.215560	2.060725	-858993460	0.953425	0.000000	0.000000	-858993460	
18.032	1.118688	0.216758	2.304889	-858993460	0.948700	0.000000	0.000000	-858993460	
18.044	1.121500	0.159124	2.448915	-858993460	0.946000	0.000000	0.000000	-858993460	
18.056	1.124313	0.205114	2.552848	-858993460	0.943300	0.000000	0.000000	-858993460	
18.067	1.124313	0.167477	2.619261	-858993460	0.939925	0.000000	0.000000	-858993460	
18.079	1.126562	0.111869	2.716135	-858993460	0.936550	0.000000	0.000000	-858993460	
18.091	1.127125	0.093377	2.782987	-858993460	0.935875	0.000000	0.000000	-858993460	
18.103	1.127125	0.046603	2.788697	-858993460	0.935875	0.000000	0.000000	-858993460	
18.114	1.127125	0.000000	2.782767	-858993460	0.935875	0.000000	0.000000	-858993460	
18.126	1.127125	0.000000	2.733981	-858993460	0.935875	0.000000	0.000000	-858993460	
18.138	1.126562	0.000000	2.663062	-858993460	0.935875	0.000000	0.000000	-858993460	
18.149	1.124875	0.000000	2.604726	-858993460	0.935875	0.000000	0.000000	-858993460	
18.161	1.124313	0.000000	2.559689	-858993460	0.937900	0.067580	0.013566	-858993460	
18.173	1.123188	0.000000	2.521614	-858993460	0.939925	0.135752	0.033846	-858993460	
18.185	1.121500	0.000000	2.491115	-858993460	0.939925	0.113007	0.040726	-858993460	
18.196	1.121500	0.000000	2.468055	-858993460	0.940600	0.034389	0.037275	-858993460	
18.208	1.121500	0.000000	2.449178	-858993460	0.941950	0.078936	0.013694	-858993460	
18.220	1.121500	0.000000	2.434414	-858993460	0.942625	0.067367	0.020305	-858993460	
18.232	1.121500	0.000000	2.415767	-858993460	0.942625	0.033634	0.020210	-858993460	
18.244	1.121500	0.000000	2.411378	-858993460	0.942625	0.022398	0.006719	-858993460	
18.255	1.121500	0.000000	2.409741	-858993460	0.942625	0.000000	0.000000	-858993460	
18.267	1.121500	0.000000	2.410449	-858993460	0.942625	0.000000	0.000000	-858993460	
18.279	1.122625	0.037683	2.413788	-858993460	0.942625	0.000000	0.000000	-858993460	
18.290	1.122625	0.037683	2.434103	-858993460	0.942625	0.000000	0.000000	-858993460	
18.302	1.122625	0.009589	2.466313	-858993460	0.942625	0.000000	0.000000	-858993460	
18.314	1.122625	0.000000	2.505708	-858993460	0.942625	0.000000	0.000000	-858993460	
18.326	1.122625	0.000000	2.550319	-858993460	0.942625	0.000000	0.000000	-858993460	
18.337	1.122625	0.000000	2.556406	-858993460	0.942625	0.000000	0.000000	-858993460	
18.349	1.122625	0.000000	2.563906	-858993460	0.942625	0.000000	0.000000	-858993460	
18.361	1.122625	0.000000	2.572861	-858993460	0.942625	0.000000	0.000000	-858993460	
18.373	1.122063	0.000000	2.583130	-858993460	0.942625	0.000000	0.000000	-858993460	
18.384	1.121500	0.000000	2.593760	-858993460	0.942625	0.000000	0.000000	-858993460	
18.396	1.121500	0.000000	2.605680	-858993460	0.942625	0.000000	0.000000	-858993460	
18.408	1.121500	0.009386	2.618560	-858993460	0.942625	0.000000	0.000000	-858993460	
18.420	1.121500	0.000000	2.632326	-858993460	0.942625	0.000000	0.000000	-858993460	
18.431	1.121500	0.000000	2.660166	-858993460	0.942625	0.000000	0.000000	-858993460	
18.443	1.121500	0.000000	2.675480	-858993460	0.942625	0.000000	0.000000	-858993460	
18.455	1.121500	0.000000	2.690313	-858993460	0.942625	0.000000	0.000000	-858993460	
18.467	1.121500	0.000000	2.706268	-858993460	0.942625	0.000000	0.000000	-858993460	
18.478	1.121500	0.000000	2.723207	-858993460	0.942625	0.000000	0.000000	-858993460	
18.490	1.123188	0.065591	2.741256	-858993460	0.941275	0.000000	0.000000	-858993460	
18.502	1.135000	0.469060	2.784323	-858993460	0.932500	0.000000	0.000000	-858993460	
18.514	1.145125	0.797515	2.949256	-858993460	0.917650	0.000000	0.000000	-858993460	
18.525	1.147938	0.684646	4.098963	-858993460	0.904150	0.000000	0.000000	-858993460	
18.537	1.149063	0.262833	4.833042	-858993460	0.897400	0.000000	0.000000	-858993460	
18.549	1.149625	0.075434	5.275085	-858993460	0.894025	0.000000	0.000000	-858993460	
18.561	1.149625	0.037617	5.327271	-858993460	0.891325	0.000000	0.000000	-858993460	
18.573	1.148500	0.000000	5.243757	-858993460	0.891325	0.000000	0.000000	-858993460	
18.585	1.142875	0.000000	5.129127	-858993460	0.893350	0.033629	0.000000	-858993460	
18.594	1.136688	0.000000	5.000875	-858993460	0.899425	0.282120	0.033863	-858993460	
18.606	1.128813	0.000000	4.890141	-858993460	0.912925	0.742504	0.141535	-858993460	
18.617	1.117000	0.000000	4.784557	-858993460	0.925075	1.000383	0.252987	-858993460	
18.629	1.102375	0.000000	4.687318	-858993460	0.935200	0.967297	0.303523	-858993460	
18.641	1.090000	0.000000	4.503078	-858993460	0.949375	1.046939	0.314082	-858993460	
18.653	1.074813	0.000000	4.405204	-858993460	0.970300	1.394763	0.790963	-858993460	
18.664	1.058500	0.000000	4.301053	-858993460	0.983800	1.429559	1.894322	-858993460	
18.676	1.042750	0.000000	4.195798	-858993460	0.976375	0.519396	2.905317	-858993460	
18.688	1.027562	0.000000	4.079684	-858993460	0.966925	0.000000	3.454203	-858993460	
18.700	1.015750	0.000000	3.953484	-858993460	0.977050	0.000000	3.345906	-858993460	
18.712	1.009562	0.000000	3.816615	-858993460	0.997975	0.978676	2.850301	-858993460	
18.723	1.005625	0.000000	3.678386	-858993460	1.008775	1.316970	2.822345	-858993460	
18.735	1.003375	0.000000	3.363879	-858993460	1.003375	0.518880	3.992903	-858993460	
18.747	1.002813	0.000000	3.202096	-858993460	0.996625	0.000000	4.182153	-858993460	
18.759	1.004500	0.000665	3.025254	-858993460	0.991225	0.000000	3.720334	-858993460	
18.770	1.014063	0.385099	2.887124	-858993460	0.991225	0.000000	3.111576	-858993460	
18.782	1.025313	0.740800	2.864767	-858993460	0.989875	0.000000	2.539930	-858993460	
18.794	1.035437	0.871913	3.188949	-858993460	0.983125	0.000000	2.024721	-858993460	
18.806	1.044438	0.834482	3.777596	-858993460	0.973675	0.000000	1.512359	-858993460	
18.817	1.052312	0.768586	4.463629	-858993460	0.966925	0.000000	1.027982	-858993460	
18.829	1.061875	0.731988	5.038866	-858993460	0.965575	0.000000	0.571791	-858993460	
18.841	1.070313	0.711892	5.781982	-858993460	0.964900	0.000000	0.000000	-858993460	
18.852	1.075375	0.627662	6.014772	-858993460	0.964900	0.000000	0.000000	-858993460	
18.864	1.077625	0.385113	6.140978	-858993460	0.962200	0.000000	0.000000	-858993460	
18.876	1.077625	0.141301	6.070955	-858993460	0.958825	0.000000	0.000000	-858993460	
18.888	1.077625	0.037809	5.764459	-858993460	0.958825	0.000000	0.000000	-858993460	
18.899	1.073688	0.000000	5.238620	-858993460	0.962200	0.089849	0.000000	-858993460	
18.911	1.068063	0.000000	4.661445	-858993460	0.972325	0.461498	0.057284	-858993460	
18.923	1.064687	0.000000	4.042534	-858993460	0.983800	0.821935	0.158844	-858993460	
18.935	1.059062	0.000000	2.912280	-858993460	0.990550	0.821920	0.246576	-858993460	
18.946	1.054000	0.000000	2.420901	-858993460	1.000000	0.742483	0.222660	-858993460	
18.958	1.050625	0.000000	1.930501	-858993460	1.013500	0.899141	0.232997	-858993460	
18.970	1.048938	0.000000	1.466378	-858993460	1.024300	0.989296	0.425709	-858993460	
18.982	1.048375	0.000000	1.045716	-858993460	1.024975	0.606534	1.012301	-858993460	
18.994	1.048938	0.000000	0.627439	-858993460	1.018900	0.000000	1.434813	-858993460	
19.005	1.054562	0.216868	0.229746	-858993460	1.009450	0.000000	1.491281	-858993460	
19.017	1.066937	0.638970	0.065060	-858993460	1.007425	0.000000	1.105207	-858993460	
19.029	1.078750	0.919058	0.180415	-858993460	1.007425	0.000000	0.679897	-858993460	
19.041	1.086063	0.871598	0.689327	-858993460	1.006750	0.000000	0.000000	-858993460	
19.052	1.095062	0.740307	1.303675	-858993460	1.001350	0.000000	0.000000	-858993460	
19.064	1.104625	0.749861	1.801164	-858993460	0.985150	0.000000	0.000000	-858993460	
19.076	1.113063	0.749294	2.170799	-858993460	0.962200	0.000000	0.000000	-858993460	
19.088	1.125437	0.871754	2.535654	-858993460	0.942625	0.000000	0.000000	-858993460	
19.099	1.138375	1.039696	2.894052	-858993460	0.927100	0.000000	0.000000	-858993460	
19.111	1.146250	0.937265	3.350212	-858993460	0.914275	0.000000	0.000000	-858993460	
19.123	1.152437	0.664907	3.902414	-858993460	0.899425	0.000000	0.000000	-858993460	
19.135	1.156375	0.458741	4.656586	-858993460	0.886600	0.000000	0.000000	-858993460	
19.146	1.161438	0.412381	4.636509	-858993460	0.880525	0.000000	0.000000	-858993460	
19.158	1.165938	0.374937	4.520763	-858993460	0.879850	0.000000	0.000000	-858993460	
19.170	1.166500	0.234610	4.391708	-858993460	0.879850	0.000000	0.000000	-858993460	
19.182	1.165375	0.037859	4.208172	-858993460	0.879850	0.000000	0.000000	-858993460	
19.194	1.160313	0.000000	3.917445	-858993460	0.882550	0.100612	0.000000	-858993460	
19.205	1.153563	0.000000	3.542662	-858993460	0.892000	0.415230	0.050274	-858993460	
19.217	1.150187	0.000000	3.127975	-858993460	0.902800	0.753968	0.145098	-858993460	
19.229	1.144000	0.000000	2.403835	-858993460	0.908875	0.788074	0.236422	-858993460	
19.240	1.136688	0.000000	2.115970	-858993460	0.916975	0.674953	0.198935	-858993460	
19.252	1.132750	0.000000	1.842673	-858993460	0.929800	0.819541	0.229593	-858993460	
19.264	1.129375	0.000000	1.596650	-858993460	0.939250	0.900985	0.263513	-858993460	
19.276	1.125437	0.000000	1.371626	-858993460	0.942625	0.653859	0.243168	-858993460	
19.288	1.124875	0.000000	1.174840	-858993460	0.946000	0.382781	0.260500	-858993460	
19.299	1.124875	0.000000	0.983924	-858993460	0.949375	0.292196	0.507842	-858993460	
19.311	1.125437	0.018770	0.808020	-858993460	0.948700	0.180119	0.479555	-858993460	
19.323	1.130500	0.196562	0.660444	-858993460	0.948700	0.000000	0.347651	-858993460	
19.332	1.136125	0.393563	0.552445	-858993460	0.948025	0.000000	0.106516	-858993460	
19.344	1.142875	0.571074	0.580979	-858993460	0.947350	0.000000	0.000000	-858993460	
19.355	1.147375	0.543521	1.255136	-858993460	0.941275	0.000000	0.000000	-858993460	
19.367	1.150187	0.356334	1.718833	-858993460	0.927775	0.000000	0.000000	-858993460	
19.379	1.154688	0.327636	2.039241	-858993460	0.915625	0.000000	0.000000	-858993460	
19.390	1.162000	0.468129	2.237727	-858993460	0.906850	0.000000	0.000000	-858993460	
19.403	1.170437	0.615121	2.455849	-858993460	0.898750	0.000000	0.000000	-858993460	
19.415	1.174937	0.577511	2.785052	-858993460	0.889975	0.000000	0.000000	-858993460	
19.427	1.176625	0.362395	3.219197	-858993460	0.882550	0.000000	0.000000	-858993460	
19.438	1.176625	0.122462	3.545271	-858993460	0.878500	0.000000	0.000000	-858993460	
19.450	1.177188	0.028381	3.703029	-858993460	0.877150	0.000000	0.000000	-858993460	
19.462	1.177188	0.018714	3.464540	-858993460	0.877150	0.000000	0.000000	-858993460	
19.474	1.177188	0.018714	3.292219	-858993460	0.877150	0.000000	0.000000	-858993460	
19.486	1.175500	0.000000	3.126704	-858993460	0.878500	0.045317	0.006771	-858993460	
19.497	1.168750	0.000000	2.990800	-858993460	0.885925	0.315515	0.047405	-858993460	
19.509	1.163125	0.000000	2.866993	-858993460	0.893350	0.540505	0.131757	-858993460	
19.521	1.159188	0.000000	2.760479	-858993460	0.896725	0.508050	0.179019	-858993460	
19.532	1.150750	0.000000	2.675299	-858993460	0.902125	0.428445	0.145428	-858993460	
19.544	1.145125	0.000000	2.609623	-858993460	0.912925	0.608783	0.128516	-858993460	
19.556	1.140625	0.000000	2.493195	-858993460	0.922375	0.798254	0.229357	-858993460	
19.568	1.134438	0.000000	2.438309	-858993460	0.924400	0.596157	0.185542	-858993460	
19.579	1.129375	0.000000	2.385621	-858993460	0.928450	0.348205	0.107807	-858993460	
19.591	1.126562	0.000000	2.329882	-858993460	0.938575	0.517545	0.124557	-858993460	
19.603	1.123188	0.000000	2.271224	-858993460	0.944650	0.599904	0.182085	-858993460	
19.615	1.120375	0.000000	2.203790	-858993460	0.944650	0.374540	0.152923	-858993460	
19.627	1.119812	0.000000	2.137604	-858993460	0.945325	0.060594	0.071786	-858993460	
19.638	1.119812	0.000000	2.071600	-858993460	0.949375	0.169349	0.028875	-858993460	
19.650	1.119812	0.000000	1.997527	-858993460	0.950725	0.202655	0.054123	-858993460	
19.662	1.119812	0.000000	1.920114	-858993460	0.950725	0.134481	0.060796	-858993460	
19.673	1.122625	0.103637	1.779537	-858993460	0.950725	0.000000	0.006673	-858993460	
19.685	1.126000	0.206912	1.749587	-858993460	0.949375	0.000000	0.000000	-858993460	
19.697	1.127687	0.244512	1.843832	-858993460	0.946675	0.000000	0.000000	-858993460	
19.709	1.129938	0.177808	1.988887	-858993460	0.943300	0.000000	0.000000	-858993460	
19.718	1.132187	0.187300	2.166387	-858993460	0.939250	0.000000	0.000000	-858993460	
19.729	1.133312	0.187337	2.271563	-858993460	0.934525	0.000000	0.000000	-858993460	
19.741	1.136125	0.158952	2.380645	-858993460	0.931825	0.000000	0.000000	-858993460	
19.753	1.138937	0.205383	2.503681	-858993460	0.929125	0.000000	0.000000	-858993460	
19.765	1.138937	0.139936	2.652144	-858993460	0.925750	0.000000	0.000000	-858993460	
19.776	1.139500	0.056142	2.780951	-858993460	0.923050	0.000000	0.000000	-858993460	
19.788	1.139500	0.018851	2.882864	-858993460	0.922375	0.000000	0.000000	-858993460	
19.800	1.139500	0.018851	2.843896	-858993460	0.922375	0.000000	0.000000	-858993460	
19.812	1.139500	0.000000	2.796265	-858993460	0.922375	0.000000	0.000000	-858993460	
19.824	1.139500	0.000000	2.765752	-858993460	0.922375	0.000000	0.000000	-858993460	
19.835	1.137812	0.000000	2.724194	-858993460	0.923050	0.022898	0.000000	-858993460	
19.847	1.135563	0.000000	2.692361	-858993460	0.925075	0.090348	0.013702	-858993460	
19.859	1.135000	0.000000	2.668664	-858993460	0.927100	0.157252	0.033825	-858993460	
19.871	1.133312	0.000000	2.652662	-858993460	0.928450	0.156897	0.053980	-858993460	
19.882	1.131063	0.000000	2.642123	-858993460	0.929800	0.101902	0.047069	-858993460	
19.894	1.131063	0.000000	2.630686	-858993460	0.932500	0.167650	0.040514	-858993460	
19.906	1.129938	0.000000	2.629725	-858993460	0.933850	0.167336	0.046970	-858993460	
19.915	1.128813	0.000000	2.630742	-858993460	0.933850	0.100139	0.030042	-858993460	
19.926	1.128813	0.000000	2.632982	-858993460	0.933850	0.044975	0.010115	-858993460	
19.938	1.128813	0.000000	2.636637	-858993460	0.935200	0.057326	0.013372	-858993460	
19.950	1.128813	0.000000	2.642442	-858993460	0.935200	0.046022	0.013807	-858993460	
19.962	1.128813	0.000000	2.649439	-858993460	0.935200	0.012343	0.013807	-858993460	
19.973	1.128813	0.000000	2.657449	-858993460	0.935200	0.000000	0.007083	-858993460	
19.985	1.128813	0.000000	2.667634	-858993460	0.935200	0.000000	0.000000	-858993460	
19.997	1.128813	0.000000	2.679631	-858993460	0.935200	0.000000	0.000000	-858993460	
20.009	1.128813	0.000000	2.707529	-858993460	0.935200	0.000000	0.000000	-858993460	
20.020	1.128813	0.000000	2.724147	-858993460	0.935200	0.000000	0.000000	-858993460	
20.032	1.128813	0.000000	2.741991	-858993460	0.935200	0.000000	0.000000	-858993460	
20.041	1.128813	0.000000	2.759668	-858993460	0.935200	0.000000	0.000000	-858993460	
20.053	1.128813	0.000000	2.778692	-858993460	0.935200	0.000000	0.000000	-858993460	
20.064	1.128250	0.000000	2.798249	-858993460	0.935200	0.000000	0.000000	-858993460	
20.076	1.127687	0.000000	2.818077	-858993460	0.935200	0.000000	0.000000	-858993460	
20.088	1.127125	0.000000	2.836928	-858993460	0.935200	0.000000	0.000000	-858993460	
20.100	1.127125	0.000000	2.856644	-858993460	0.935200	0.000000	0.000000	-858993460	
20.111	1.126562	0.000000	2.876457	-858993460	0.935200	0.000000	0.000000	-858993460	
20.123	1.126000	0.000000	2.895395	-858993460	0.935200	0.000000	0.000000	-858993460	
20.135	1.126000	0.000000	2.934427	-858993460	0.935200	0.000000	0.000000	-858993460	
20.147	1.126000	0.000000	2.954184	-858993460	0.935200	0.000000	0.000000	-858993460	
20.158	1.125437	0.000000	2.973027	-858993460	0.935200	0.000000	0.000000	-858993460	
20.170	1.125437	0.000000	2.992631	-858993460	0.935875	0.022665	0.010077	-858993460	
20.182	1.125437	0.000000	3.012500	-858993460	0.935875	0.022665	0.006799	-858993460	
20.193	1.124875	0.000000	3.032550	-858993460	0.935875	0.022665	0.006799	-858993460	
20.205	1.124313	0.000000	3.051735	-858993460	0.935875	0.000000	0.000000	-858993460	
20.217	1.124313	0.000000	3.071632	-858993460	0.936550	0.022544	0.010147	-858993460	
20.229	1.123750	0.000000	3.091740	-858993460	0.936550	0.022544	0.006763	-858993460	
20.240	1.122625	0.000000	3.131897	-858993460	0.937225	0.033754	0.000000	-858993460	
20.252	1.122063	0.000000	3.153046	-858993460	0.937225	0.022877	0.006863	-858993460	
20.264	1.121500	0.000000	3.173365	-858993460	0.937900	0.045225	0.013568	-858993460	
20.276	1.120375	0.000000	3.194387	-858993460	0.938575	0.044516	0.006704	-858993460	
20.288	1.119250	0.000000	3.214555	-858993460	0.939925	0.055782	0.020140	-858993460	
20.299	1.118688	0.000000	3.234058	-858993460	0.940600	0.088884	0.020122	-858993460	
20.311	1.117000	0.000000	3.252019	-858993460	0.941950	0.089144	0.023403	-858993460	
20.323	1.115875	0.000000	3.269902	-858993460	0.943300	0.078808	0.026743	-858993460	
20.332	1.114187	0.000000	3.286230	-858993460	0.944650	0.112756	0.023642	-858993460	
20.343	1.112500	0.000000	3.300894	-858993460	0.946675	0.158111	0.043937	-858993460	
20.355	1.110813	0.000000	3.323864	-858993460	0.948025	0.156897	0.047069	-858993460	
20.367	1.109125	0.000000	3.332543	-858993460	0.950050	0.166630	0.039869	-858993460	
20.379	1.106875	0.000000	3.339068	-858993460	0.952075	0.167399	0.036741	-858993460	
20.391	1.105188	0.000000	3.343935	-858993460	0.954775	0.214710	0.043680	-858993460	
20.402	1.102937	0.000000	3.346719	-858993460	0.957475	0.225397	0.057610	-858993460	
20.414	1.100688	0.000000	3.347814	-858993460	0.959500	0.225083	0.067699	-858993460	
20.426	1.098438	0.000000	3.346633	-858993460	0.961525	0.167567	0.060610	-858993460	
20.438	1.095625	0.000000	3.343328	-858993460	0.964900	0.235743	0.060433	-858993460	
20.449	1.093375	0.000000	3.338627	-858993460	0.967600	0.248042	0.057503	-858993460	
20.461	1.091125	0.000000	3.323447	-858993460	0.970300	0.259778	0.064636	-858993460	
20.473	1.088875	0.000000	3.312784	-858993460	0.972325	0.202039	0.057427	-858993460	
20.485	1.086625	0.000000	3.298564	-858993460	0.975025	0.200691	0.060451	-858993460	
20.496	1.084375	0.000000	3.281772	-858993460	0.977725	0.223726	0.056987	-858993460	
20.508	1.082125	0.000000	3.261748	-858993460	0.980425	0.212621	0.063764	-858993460	
20.520	1.080438	0.000000	3.238781	-858993460	0.982450	0.200886	0.067158	-858993460	
20.532	1.078750	0.000000	3.213830	-858993460	0.983800	0.145025	0.053488	-858993460	
20.543	1.077062	0.000000	3.184774	-858993460	0.986500	0.178102	0.072475	-858993460	
20.555	1.075938	0.000000	3.120464	-858993460	0.987850	0.156423	0.266686	-858993460	
20.567	1.075938	0.000000	3.084659	-858993460	0.987850	0.089997	0.354902	-858993460	
20.578	1.074813	0.000000	3.047862	-858993460	0.987850	0.022551	0.388582	-858993460	
20.590	1.074813	0.000000	3.010177	-858993460	0.987850	0.000000	0.381766	-858993460	
20.602	1.074813	0.000000	2.973842	-858993460	0.987850	0.000000	0.335203	-858993460	
20.614	1.074813	0.000000	2.939106	-858993460	0.987850	0.000000	0.298882	-858993460	
20.626	1.075375	0.018863	2.899209	-858993460	0.987850	0.000000	0.271492	-858993460	
20.637	1.077062	0.085475	2.868897	-858993460	0.987850	0.000000	0.250368	-858993460	
20.649	1.077625	0.094864	2.873448	-858993460	0.987850	0.000000	0.222432	-858993460	
20.661	1.078187	0.075617	2.932660	-858993460	0.987850	0.000000	0.212876	-858993460	
20.670	1.078750	0.055916	2.932660	-858993460	0.987175	0.000000	0.212876	-858993460	
20.682	1.078750	0.037130	3.021966	-858993460	0.985825	0.000000	0.198233	-858993460	
20.693	1.078750	0.000000	3.025412	-858993460	0.985825	0.000000	0.191473	-858993460	
20.705	1.078750	0.000000	3.003204	-858993460	0.985825	0.000000	0.184319	-858993460	
20.717	1.078750	0.000000	2.953913	-858993460	0.985825	0.000000	0.176287	-858993460	
20.729	1.078750	0.000000	2.905455	-858993460	0.985825	0.000000	0.166516	-858993460	
20.740	1.078750	0.000000	2.860515	-858993460	0.985825	0.000000	0.155676	-858993460	
20.752	1.078750	0.000000	2.820822	-858993460	0.985825	0.000000	0.143653	-858993460	
20.764	1.078750	0.000000	2.781779	-858993460	0.985825	0.000000	0.129889	-858993460	
20.776	1.078750	0.000000	2.711761	-858993460	0.985825	0.000000	0.097809	-858993460	
20.787	1.078750	0.000000	2.681823	-858993460	0.985825	0.000000	0.079713	-858993460	
20.799	1.079313	0.018907	2.652644	-858993460	0.985825	0.000000	0.061081	-858993460	
20.811	1.080438	0.055561	2.642978	-858993460	0.985825	0.000000	0.040691	-858993460	
20.823	1.081000	0.074366	2.649657	-858993460	0.985825	0.000000	0.019125	-858993460	
20.834	1.081563	0.046107	2.702801	-858993460	0.985825	0.000000	0.000000	-858993460	
20.846	1.082125	0.046928	2.754802	-858993460	0.985825	0.000000	0.000000	-858993460	
20.858	1.082125	0.037550	2.807374	-858993460	0.985825	0.000000	0.000000	-858993460	
20.870	1.082125	0.018796	2.809514	-858993460	0.985825	0.000000	0.000000	-858993460	
20.881	1.082687	0.018618	2.798246	-858993460	0.985825	0.000000	0.000000	-858993460	
20.893	1.082687	0.018618	2.783192	-858993460	0.985825	0.000000	0.000000	-858993460	
20.905	1.082687	0.018618	2.772672	-858993460	0.985825	0.000000	0.000000	-858993460	
20.917	1.082687	0.000000	2.757256	-858993460	0.985825	0.000000	0.000000	-858993460	
20.929	1.082687	0.000000	2.745836	-858993460	0.985825	0.000000	0.000000	-858993460	
20.940	1.082687	0.000000	2.717654	-858993460	0.985825	0.000000	0.000000	-858993460	
20.952	1.082687	0.000000	2.693615	-858993460	0.985825	0.000000	0.000000	-858993460	
20.964	1.082687	0.000000	2.671244	-858993460	0.985825	0.000000	0.000000	-858993460	
20.976	1.082687	0.000000	2.633657	-858993460	0.985825	0.000000	0.000000	-858993460	
20.987	1.082687	0.000000	2.619182	-858993460	0.985825	0.000000	0.000000	-858993460	
20.999	1.082687	0.000000	2.605910	-858993460	0.985825	0.000000	0.000000	-858993460	
21.011	1.083812	0.037028	2.599824	-858993460	0.985825	0.000000	0.000000	-858993460	
21.022	1.083812	0.037028	2.601426	-858993460	0.985825	0.000000	0.000000	-858993460	
21.034	1.083812	0.018830	2.643763	-858993460	0.985825	0.000000	0.000000	-858993460	
21.046	1.083812	0.000000	2.663763	-858993460	0.985825	0.000000	0.000000	-858993460	
21.058	1.083812	0.000000	2.653864	-858993460	0.985825	0.000000	0.000000	-858993460	
21.069	1.083812	0.000000	2.630060	-858993460	0.985825	0.000000	0.000000	-858993460	
21.081	1.083812	0.000000	2.619451	-858993460	0.985825	0.000000	0.000000	-858993460	
21.093	1.083812	0.000000	2.610417	-858993460	0.985825	0.000000	0.000000	-858993460	
21.105	1.083812	0.000000	2.601706	-858993460	0.985825	0.000000	0.000000	-858993460	
21.116	1.083812	0.000000	2.594225	-858993460	0.985825	0.000000	0.000000	-858993460	
21.128	1.084375	0.028817	2.588162	-858993460	0.985825	0.000000	0.000000	-858993460	
21.140	1.085500	0.056902	2.588839	-858993460	0.985825	0.000000	0.000000	-858993460	
21.152	1.085500	0.056902	2.601607	-858993460	0.985825	0.000000	0.000000	-858993460	
21.163	1.085500	0.009406	2.643676	-858993460	0.985825	0.000000	0.000000	-858993460	
21.175	1.085500	0.000000	2.727979	-858993460	0.985825	0.000000	0.000000	-858993460	
21.187	1.085500	0.000000	2.731875	-858993460	0.985825	0.000000	0.000000	-858993460	
21.199	1.085500	0.000000	2.717916	-858993460	0.985825	0.000000	0.000000	-858993460	
21.210	1.084937	0.000000	2.706346	-858993460	0.985825	0.000000	0.000000	-858993460	
21.222	1.119250	1.250467	2.706346	-858993460	0.995950	0.356768	0.000000	-858993460	
21.233	1.178313	3.301669	2.706346	-858993460	1.016200	1.080171	0.000000	-858993460	
21.245	1.232875	4.962496	2.706346	-858993460	1.034425	1.641682	0.000000	-858993460	
21.256	1.278437	4.692156	2.706346	-858993460	1.048600	1.516178	0.000000	-858993460	
21.268	1.314438	3.984504	2.706346	-858993460	1.056700	1.113789	0.000000	-858993460	
21.279	1.340875	3.100855	2.706346	-858993460	1.059400	0.634025	0.000000	-858993460	
21.291	1.357750	2.218402	2.706346	-858993460	1.059400	0.293495	0.000000	-858993460	
21.302	1.367875	1.590348	2.706346	-858993460	1.059400	0.096684	0.000000	-858993460	
21.313	1.369563	0.721875	2.706346	-858993460	1.059400	0.000000	0.000000	-858993460	
21.325	1.369563	0.216141	2.706346	-858993460	1.059400	0.000000	0.000000	-858993460	
21.336	1.369563	0.013973	2.706346	-858993460	1.059400	0.000000	0.000000	-858993460	
21.347	1.369563	0.000000	2.706346	-858993460	1.059400	0.000000	0.000000	-858993460	
21.359	1.369563	0.000000	2.706346	-858993460	1.059400	0.000000	0.000000	-858993460	
21.370	1.369563	0.000000	2.706346	-858993460	1.059400	0.000000	0.000000	-858993460	
21.381	1.369563	0.000000	2.706346	-858993460	1.059400	0.000000	0.000000	-858993460	
21.393	1.369563	0.000000	2.706346	-858993460	1.059400	0.000000	0.000000	-858993460	
21.404	1.369563	0.000000	2.706346	-858993460	1.059400	0.000000	0.000000	-858993460	
21.416	1.369563	0.000000	2.706346	-858993460	1.059400	0.000000	0.000000	-858993460	
21.433	1.369563	0.000000	2.706346	-858993460	1.059400	0.000000	0.000000	-858993460	
21.445	1.369563	0.000000	2.706346	-858993460	1.059400	0.000000	0.000000	-858993460	
21.457	1.369563	0.000000	2.706346	-858993460	1.059400	0.000000	0.000000	-858993460	
21.468	1.369563	0.000000	2.706346	-858993460	1.059400	0.000000	0.000000	-858993460	
21.479	1.369563	0.000000	2.706346	-858993460	1.059400	0.000000	0.000000	-858993460	
21.491	1.369563	0.000000	2.706346	-858993460	1.059400	0.000000	0.000000	-858993460	
21.502	1.369563	0.000000	2.706346	-858993460	1.059400	0.000000	0.000000	-858993460	
21.514	1.369563	0.000000	2.706346	-858993460	1.059400	0.000000	0.000000	-858993460	
21.525	1.369563	0.000000	2.706346	-858993460	1.059400	0.000000	0.000000	-858993460	
21.536	1.369563	0.000000	2.706346	-858993460	1.059400	0.000000	0.000000	-858993460	
21.548	1.369563	0.000000	2.706346	-858993460	1.059400	0.000000	0.000000	-858993460	
21.559	1.369563	0.000000	2.706346	-858993460	1.059400	0.000000	0.000000	-858993460	
21.570	1.369563	0.000000	2.706346	-858993460	1.059400	0.000000	0.000000	-858993460	
21.581	1.369563	0.000000	2.706346	-858993460	1.059400	0.000000	0.000000	-858993460	
21.593	1.369563	0.000000	2.706346	-858993460	1.059400	0.000000	0.000000	-858993460	
