1.125437	0.000000	5.881644	0.854200	0.000000	0.000000	
1.125437	0.000000	5.879522	0.854200	0.000000	0.000000	
1.125437	0.000000	5.877458	0.854200	0.000000	0.000000	
1.125437	0.000000	5.873834	0.854200	0.000000	0.000000	
1.125437	0.000000	5.872150	0.854200	0.000000	0.000000	
1.125437	0.000000	5.869192	0.854200	0.000000	0.000000	
1.125437	0.000000	5.867856	0.854200	0.000000	0.000000	
1.125437	0.000000	5.865227	0.854200	0.000000	0.000000	
1.125437	0.000000	5.864055	0.854200	0.000000	0.000000	
1.125437	0.000000	5.863030	0.854200	0.000000	0.000000	
1.125437	0.000000	5.861391	0.854200	0.000000	0.000000	
1.125437	0.000000	5.860738	0.854200	0.000000	0.000000	
1.125437	0.000000	5.859191	0.854200	0.000000	0.000000	
1.125437	0.000000	5.858278	0.854200	0.000000	0.000000	
1.125437	0.000000	5.857063	0.854200	0.000000	0.000000	
1.125437	0.000000	5.853231	0.854200	0.000000	0.000000	
1.125437	0.000000	5.850883	0.854200	0.000000	0.000000	
1.124875	0.000000	5.845087	0.854200	0.000000	0.000000	
1.124313	0.000000	5.841815	0.854875	0.068410	0.000000	
1.124313	0.000000	5.834832	0.854875	0.068410	0.020523	
1.124313	0.000000	5.830878	0.854875	0.068410	0.020523	
1.124313	0.000000	5.821904	0.854875	0.000000	0.020523	
1.124313	0.000000	5.817614	0.854875	0.000000	0.000000	
1.124313	0.000000	5.812978	0.854875	0.000000	0.000000	
1.124313	0.000000	5.803794	0.854875	0.000000	0.000000	
1.124313	0.000000	5.799267	0.854875	0.000000	0.000000	
1.124313	0.000000	5.790564	0.854875	0.000000	0.000000	
1.124313	0.000000	5.786284	0.854875	0.000000	0.000000	
1.124313	0.000000	5.777943	0.854875	0.000000	0.000000	
1.124313	0.000000	5.774392	0.854875	0.000000	0.000000	
1.124313	0.000000	5.770825	0.854875	0.000000	0.000000	
1.124313	0.000000	5.763834	0.854875	0.000000	0.000000	
1.124313	0.000000	5.760577	0.854875	0.000000	0.000000	
1.124313	0.000000	5.753590	0.855550	0.067440	0.000000	
1.123750	0.000000	5.750112	0.855550	0.067440	0.020232	
1.123188	0.000000	5.743786	0.855550	0.067440	0.020232	
1.123188	0.000000	5.740686	0.856225	0.067169	0.020151	
1.123188	0.000000	5.737514	0.856900	0.135076	0.020151	
1.123188	0.000000	5.730943	0.856900	0.135076	0.040523	
1.123188	0.000000	5.727507	0.856900	0.067908	0.020372	
1.123188	0.000000	5.719585	0.856900	0.000000	0.020372	
1.123188	0.000000	5.715211	0.857575	0.067060	0.020118	
1.122625	0.000000	5.706366	0.857575	0.067060	0.020118	
1.122625	0.000000	5.701627	0.858250	0.134474	0.040342	
1.122063	0.000000	5.696702	0.858250	0.067413	0.020224	
1.122063	0.000000	5.687037	0.859600	0.134718	0.040415	
1.120937	0.000000	5.681769	0.860950	0.269170	0.060445	
1.119812	0.000000	5.670583	0.861625	0.269197	0.080759	
1.118125	0.000000	5.664640	0.862300	0.202650	0.080824	
1.116438	0.000000	5.657861	0.865675	0.403408	0.080655	
1.114187	0.000000	5.642636	0.868375	0.676001	0.202800	
1.111375	0.000000	5.633924	0.869725	0.607693	0.222474	
1.109125	0.000000	5.614407	0.871750	0.541045	0.162314	
1.105750	0.000000	5.602771	0.878500	0.875480	0.201348	
1.102375	0.000000	5.576112	0.883225	1.279323	0.303248	
1.097312	0.000000	5.559560	0.883225	0.875764	0.322885	
1.093938	0.000000	5.520366	0.887275	0.672788	0.222216	
1.090562	0.000000	5.497169	0.898075	1.483805	0.364293	
1.084937	0.000000	5.471657	0.902125	1.821910	0.546400	
1.082125	0.000000	5.398429	0.902125	1.148161	0.364705	
1.078750	0.000000	5.352486	0.906850	0.541634	0.182587	
1.073688	0.000000	5.243773	0.919000	1.689272	0.243451	
1.070313	0.000000	5.177929	0.922375	1.957279	0.607732	
1.069188	0.000000	5.026563	0.921025	1.079224	0.526290	
1.064687	0.000000	4.947507	0.925750	0.473325	0.335220	
1.061875	0.000000	4.856712	0.935200	1.423254	0.510612	
1.060187	0.000000	4.658634	0.935200	1.490612	0.952907	
1.057375	0.000000	4.552251	0.934525	0.608336	1.097847	
1.054000	0.000000	4.333267	0.934525	0.000000	1.059991	
1.052312	0.000000	4.214153	0.937225	0.266271	0.829071	
1.050625	0.000000	4.092354	0.946000	1.142891	0.806403	
1.047250	0.000000	3.847195	0.951400	1.681982	1.230819	
1.043875	0.000000	3.716957	0.950725	1.078397	1.458809	
1.043313	0.000000	3.450025	0.950050	0.201723	1.564051	
1.042187	0.000000	3.323141	0.950725	0.067825	1.443251	
1.039375	0.000000	3.039515	0.958150	0.802522	1.392435	
1.037688	0.000000	2.900856	0.966250	1.610151	1.606711	
1.036562	0.000000	2.633050	0.965575	1.413146	1.865546	
1.034875	0.000000	2.496036	0.965575	0.538504	2.157912	
1.033750	0.000000	2.359221	0.965575	0.000000	2.105323	
1.032625	0.000000	2.097883	0.970300	0.474012	1.931622	
1.030375	0.000000	1.964643	0.979750	1.417572	2.067076	
1.028125	0.000000	1.703905	0.982450	1.619902	2.342090	
1.027000	0.000000	1.575863	0.981100	0.945343	2.823517	
1.027000	0.000000	1.458035	0.981100	0.067991	2.822801	
1.025875	0.000000	1.211088	0.982450	0.134774	2.591960	
1.025313	0.000000	1.090732	0.989875	0.877178	2.538373	
1.024187	0.000000	0.863922	0.997300	1.618072	2.927742	
1.022500	0.000000	0.751555	0.997975	1.348271	3.150718	
1.021375	0.000000	0.539012	0.997975	0.404851	3.290736	
1.021375	0.000000	0.446077	0.998650	0.067687	3.139176	
1.020813	0.000000	0.264828	1.007425	0.941683	3.075395	
1.020250	0.000000	0.183329	1.014175	1.618473	3.390381	
1.019688	0.000000	0.108077	1.013500	1.348452	3.627205	
1.018563	0.000000	0.000000	1.013500	0.337024	3.744390	
1.017437	0.000000	0.000000	1.014850	0.133859	3.632040	
1.015750	0.000000	0.000000	1.022275	0.869328	3.581448	
1.012938	0.000000	0.000000	1.027000	1.275916	3.729670	
1.010687	0.000000	0.000000	1.027000	0.945764	3.885517	
1.009562	0.000000	0.000000	1.027000	0.202678	3.929504	
1.009000	0.000000	0.000000	1.027000	0.000000	3.801338	
1.009000	0.000000	0.000000	1.030375	0.333393	3.566457	
1.009000	0.000000	0.000000	1.032400	0.534748	3.522771	
1.009000	0.000000	0.000000	1.032400	0.467687	3.512943	
1.009000	0.000000	0.000000	1.031725	0.067577	3.439241	
1.011250	0.225373	0.067612	1.028350	0.000000	3.320287	
1.014625	0.564289	0.135040	1.025650	0.000000	3.079159	
1.016875	0.733006	0.186174	1.023625	0.000000	2.960933	
1.019688	0.734281	0.264666	1.020250	0.000000	2.745880	
1.024750	0.960195	0.481407	1.014850	0.000000	2.646971	
1.025875	0.847358	0.950409	1.010125	0.000000	2.465251	
1.025875	0.449903	1.114685	1.004725	0.000000	2.375051	
1.028125	0.223413	1.219791	0.999325	0.000000	2.283427	
1.035437	0.913905	1.410855	0.992575	0.000000	2.090200	
1.039375	1.252226	1.656894	0.987175	0.000000	1.995127	
1.039375	0.803756	2.154278	0.979750	0.000000	1.806455	
1.039937	0.226211	2.256106	0.973675	0.000000	1.707385	
1.043875	0.450792	2.399428	0.969625	0.000000	1.604742	
1.051750	1.238114	2.620256	0.964225	0.000000	1.397945	
1.052875	1.180223	2.899884	0.958825	0.000000	1.287331	
1.053437	0.617960	3.333420	0.954775	0.000000	1.054855	
1.055688	0.280773	3.393542	0.950725	0.000000	0.943095	
1.061875	0.899802	3.634695	0.947350	0.000000	0.694973	
1.066375	1.292028	3.863735	0.943300	0.000000	0.568133	
1.066375	0.953949	4.119504	0.941275	0.000000	0.439541	
1.069188	0.508571	4.424129	0.938575	0.000000	0.140797	
1.073688	0.734118	4.526299	0.937900	0.000000	0.015014	
1.076500	0.959350	4.820638	0.937900	0.000000	0.000000	
1.077625	0.733329	4.963015	0.934525	0.000000	0.000000	
1.081000	0.619558	5.087460	0.927775	0.000000	0.000000	
1.086063	0.957739	5.384820	0.920350	0.000000	0.000000	
1.088313	0.955588	5.560120	0.915625	0.000000	0.000000	
1.088875	0.619013	5.859282	0.910900	0.000000	0.000000	
1.091688	0.448779	5.943254	0.906850	0.000000	0.000000	
1.095625	0.730316	6.137168	0.900775	0.000000	0.000000	
1.098438	0.901655	6.320444	0.896050	0.000000	0.000000	
1.099563	0.622529	6.504253	0.892675	0.000000	0.000000	
1.103500	0.620040	6.743325	0.889300	0.000000	0.000000	
1.106875	0.786926	6.877823	0.885250	0.000000	0.000000	
1.108562	0.786425	7.187301	0.880525	0.000000	0.000000	
1.110250	0.561538	7.309572	0.877150	0.000000	0.000000	
1.112500	0.450652	7.480374	0.875125	0.000000	0.000000	
1.114187	0.506451	7.594625	0.872425	0.000000	0.000000	
1.115875	0.505634	7.661265	0.869725	0.000000	0.000000	
1.117563	0.393660	7.789464	0.867700	0.000000	0.000000	
1.118688	0.392941	7.844680	0.865000	0.000000	0.000000	
1.119812	0.337360	7.946224	0.862975	0.000000	0.000000	
1.120937	0.281931	7.985594	0.861625	0.000000	0.000000	
1.122063	0.281840	8.063275	0.860950	0.000000	0.000000	
1.122625	0.225237	8.077355	0.860275	0.000000	0.000000	
1.123188	0.168127	8.079268	0.858925	0.000000	0.000000	
1.123750	0.168081	8.115519	0.857575	0.000000	0.000000	
1.124313	0.168173	8.102065	0.856225	0.000000	0.000000	
1.124875	0.112629	8.106613	0.854875	0.000000	0.000000	
1.125437	0.168829	8.093827	0.854200	0.000000	0.000000	
1.126000	0.167907	8.083683	0.854200	0.000000	0.000000	
1.126000	0.111616	8.084847	0.853525	0.000000	0.000000	
1.126562	0.112470	8.069578	0.852850	0.000000	0.000000	
1.127125	0.115137	8.035960	0.852850	0.000000	0.000000	
1.127125	0.058082	8.017856	0.852850	0.000000	0.000000	
1.127125	0.058082	7.959208	0.852175	0.000000	0.000000	
1.127687	0.056042	7.919142	0.852175	0.000000	0.000000	
1.127687	0.056042	7.878706	0.852175	0.000000	0.000000	
1.127687	0.000000	7.799086	0.852175	0.000000	0.000000	
1.127687	0.000000	7.738384	0.851500	0.000000	0.000000	
1.127687	0.000000	7.621051	0.851500	0.000000	0.000000	
1.127687	0.000000	7.563138	0.851500	0.000000	0.000000	
1.128250	0.056798	7.469109	0.850825	0.000000	0.000000	
1.128250	0.056798	7.415661	0.850825	0.000000	0.000000	
1.128813	0.112885	7.376550	0.850825	0.000000	0.000000	
1.128813	0.056087	7.299715	0.850150	0.000000	0.000000	
1.128813	0.056087	7.260184	0.850150	0.000000	0.000000	
1.128813	0.000000	7.164574	0.849475	0.000000	0.000000	
1.128813	0.000000	7.126063	0.849475	0.000000	0.000000	
1.128813	0.000000	7.017568	0.849475	0.000000	0.000000	
1.128813	0.000000	6.965578	0.849475	0.000000	0.000000	
1.128813	0.000000	6.915114	0.849475	0.000000	0.000000	
1.128813	0.000000	6.821166	0.849475	0.000000	0.000000	
1.128813	0.000000	6.774544	0.849475	0.000000	0.000000	
1.128813	0.000000	6.687810	0.849475	0.000000	0.000000	
1.128813	0.000000	6.644907	0.849475	0.000000	0.000000	
1.128813	0.000000	6.603261	0.849475	0.000000	0.000000	
1.128813	0.000000	6.523425	0.849475	0.000000	0.000000	
1.128813	0.000000	6.487579	0.849475	0.000000	0.000000	
1.128813	0.000000	6.414230	0.849475	0.000000	0.000000	
1.128813	0.000000	6.378989	0.849475	0.000000	0.000000	
1.128813	0.000000	6.313620	0.849475	0.000000	0.000000	
1.128813	0.000000	6.281443	0.849475	0.000000	0.000000	
1.128813	0.000000	6.250222	0.849475	0.000000	0.000000	
1.128813	0.000000	6.193095	0.849475	0.000000	0.000000	
1.128813	0.000000	6.165469	0.849475	0.000000	0.000000	
1.128250	0.000000	6.113888	0.849475	0.000000	0.000000	
1.127125	0.000000	6.089854	0.849475	0.000000	0.000000	
1.126000	0.000000	6.046181	0.850825	0.135347	0.020290	
1.124875	0.000000	6.025002	0.852175	0.270374	0.081112	
1.122625	0.000000	6.004700	0.852850	0.271208	0.101652	
1.120937	0.000000	5.965744	0.854200	0.271040	0.081312	
1.119812	0.000000	5.947095	0.856900	0.404627	0.101686	
1.117563	0.000000	5.911823	0.860950	0.801961	0.160629	
1.114187	0.000000	5.893771	0.862975	0.732727	0.219644	
1.111938	0.000000	5.858508	0.864325	0.603359	0.200167	
1.109687	0.000000	5.841885	0.869725	0.807137	0.201657	
1.106875	0.000000	5.823488	0.875125	1.212358	0.303290	
1.102937	0.000000	5.784882	0.875800	1.013387	0.324701	
1.099563	0.000000	5.764491	0.877825	0.540415	0.223185	
1.096187	0.000000	5.722371	0.886600	1.078528	0.305544	
1.093375	0.000000	5.698348	0.893350	1.765307	0.488439	
1.088313	0.000000	5.642605	0.892675	1.286990	0.509442	
1.084375	0.000000	5.610623	0.895375	0.610992	0.203103	
1.083250	0.000000	5.572032	0.905500	1.288014	0.223064	
1.078187	0.000000	5.481531	0.912925	2.031597	0.609479	
1.071437	0.000000	5.432095	0.911575	1.490673	0.548546	
1.069750	0.000000	5.308118	0.914275	0.473607	0.162011	
1.067500	0.000000	5.237333	0.926425	1.486306	0.283948	
1.061875	0.000000	5.082604	0.934525	2.302995	0.568152	
1.057375	0.000000	4.994342	0.932500	1.692389	0.938461	
1.055125	0.000000	4.900498	0.932500	0.409155	1.079612	
1.051188	0.000000	4.705564	0.932500	0.000000	0.855498	
1.046687	0.000000	4.597104	0.940600	0.811157	0.756145	
1.043313	0.000000	4.366999	0.952075	1.963729	0.839792	
1.041062	0.000000	4.245292	0.953425	1.965065	1.533577	
1.037688	0.000000	4.000104	0.948700	0.954688	1.795575	
1.033750	0.000000	3.868032	0.948025	0.000000	1.604480	
1.033188	0.000000	3.733192	0.955450	0.733494	1.453272	
1.030938	0.000000	3.465360	0.968950	2.084213	1.683557	
1.026438	0.000000	3.324524	0.969625	2.156750	2.013242	
1.024187	0.000000	3.037227	0.966925	1.080709	2.288801	
1.023062	0.000000	2.901982	0.967600	0.204221	2.126741	
1.020813	0.000000	2.611949	0.975025	0.877394	1.947762	
1.018000	0.000000	2.465695	0.987850	2.168309	2.156525	
1.016875	0.000000	2.319408	0.987850	2.032967	2.415530	
1.015750	0.000000	2.037258	0.985150	0.815128	2.644507	
1.014063	0.000000	1.893538	0.987175	0.201815	2.427887	
1.013500	0.000000	1.617835	0.996625	1.142830	2.216108	
1.013500	0.000000	1.478539	1.008775	2.359444	2.438788	
1.012375	0.000000	1.342043	1.006750	1.895852	2.702619	
1.011812	0.000000	1.080464	1.004725	0.742863	2.875982	
1.011812	0.000000	0.964157	1.006750	0.202736	2.593570	
1.011812	0.000000	0.730969	1.016200	1.146274	2.302708	
1.011812	0.000000	0.623404	1.022950	1.821808	2.377009	
1.011812	0.000000	0.434502	1.022950	1.348790	2.524598	
1.011812	0.000000	0.347065	1.022950	0.270736	2.337378	
1.011812	0.000000	0.266260	1.028350	0.541517	2.088653	
1.011812	0.000000	0.128578	1.039150	1.618185	1.990370	
1.011812	0.000000	0.066682	1.040500	1.823963	2.152574	
1.011812	0.000000	0.000000	1.038475	0.945238	2.252852	
1.011812	0.000000	0.000000	1.038475	0.000000	2.046885	
1.011812	0.000000	0.000000	1.042525	0.396145	1.784708	
1.011812	0.000000	0.000000	1.048600	1.004734	1.483190	
1.011812	0.000000	0.000000	1.050625	1.075450	1.540856	
1.011812	0.000000	0.000000	1.049950	0.606349	1.527969	
1.014063	0.226766	0.035264	1.048600	0.000000	1.378841	
1.015750	0.402028	0.120608	1.048600	0.000000	0.980221	
1.017437	0.453357	0.137489	1.048600	0.000000	0.784943	
1.020813	0.572812	0.344092	1.048600	0.000000	0.613119	
1.023062	0.686111	0.527155	1.048600	0.000000	0.338994	
1.023062	0.451585	0.694682	1.048600	0.000000	0.225058	
1.023625	0.168626	0.858225	1.048600	0.000000	0.051452	
1.028125	0.501813	0.891815	1.048600	0.000000	0.000000	
1.034312	1.125310	1.248701	1.047250	0.000000	0.000000	
1.035437	1.071800	1.530411	1.039825	0.000000	0.000000	
1.035437	0.449233	1.950433	1.030375	0.000000	0.000000	
1.037688	0.284914	1.981474	1.022275	0.000000	0.000000	
1.043875	0.847892	2.075320	1.016200	0.000000	0.000000	
1.048938	1.357002	2.543647	1.008100	0.000000	0.000000	
1.048938	0.903210	2.839460	1.000000	0.000000	0.000000	
1.050063	0.343422	3.142272	0.990550	0.000000	0.000000	
1.055125	0.619972	3.221475	0.982450	0.000000	0.000000	
1.061875	1.295462	3.665704	0.975025	0.000000	0.000000	
1.063563	1.238716	3.960672	0.966250	0.000000	0.000000	
1.064125	0.621843	4.208979	0.958150	0.000000	0.000000	
1.069188	0.564372	4.464562	0.950725	0.000000	0.000000	
1.075938	1.237783	4.634186	0.943300	0.000000	0.000000	
1.077625	1.180747	5.126212	0.933850	0.000000	0.000000	
1.079313	0.731794	5.332278	0.925750	0.000000	0.000000	
1.084937	0.785083	5.636353	0.919675	0.000000	0.000000	
1.090562	1.292016	5.852475	0.912925	0.000000	0.000000	
1.090562	1.010237	6.279128	0.906175	0.000000	0.000000	
1.095625	0.785989	6.413519	0.898075	0.000000	0.000000	
1.102937	1.235134	6.612497	0.891325	0.000000	0.000000	
1.106313	1.464717	7.178738	0.885925	0.000000	0.000000	
1.109125	1.070225	7.454748	0.879850	0.000000	0.000000	
1.113063	0.846343	7.779416	0.873775	0.000000	0.000000	
1.117000	0.952959	7.946430	0.869725	0.000000	0.000000	
1.118688	0.836401	8.069335	0.866350	0.000000	0.000000	
1.121500	0.667767	8.272696	0.861625	0.000000	0.000000	
1.125437	0.787398	8.345774	0.856900	0.000000	0.000000	
1.128250	0.846984	8.562334	0.853525	0.000000	0.000000	
1.129938	0.662864	8.648276	0.850150	0.000000	0.000000	
1.132187	0.541429	8.746561	0.848125	0.000000	0.000000	
1.133312	0.430196	8.771235	0.846100	0.000000	0.000000	
1.134438	0.337358	8.759244	0.844075	0.000000	0.000000	
1.135563	0.281111	8.736824	0.842725	0.000000	0.000000	
1.136688	1.688062	8.720475	0.842050	0.000000	0.000000	
1.137250	0.224715	8.640099	0.841375	0.000000	0.000000	
1.137812	0.225169	8.615273	0.840700	0.000000	0.000000	
1.137812	0.112379	8.590341	0.840025	0.000000	0.000000	
1.137812	0.000000	8.474216	0.840025	0.000000	0.000000	
1.137812	0.000000	8.389997	0.840025	0.000000	0.000000	
1.137812	0.000000	8.246843	0.839350	0.000000	0.000000	
1.137812	0.000000	8.179508	0.839350	0.000000	0.000000	
1.137812	0.000000	8.055902	0.839350	0.000000	0.000000	
1.137812	0.000000	8.002059	0.839350	0.000000	0.000000	
1.137812	0.000000	7.947011	0.839350	0.000000	0.000000	
1.137812	0.000000	7.842987	0.839350	0.000000	0.000000	
1.137812	0.000000	7.793329	0.839350	0.000000	0.000000	
1.137812	0.000000	7.701300	0.839350	0.000000	0.000000	
1.137812	0.000000	7.655447	0.839350	0.000000	0.000000	
1.137812	0.000000	7.569532	0.839350	0.000000	0.000000	
1.137812	0.000000	7.526813	0.839350	0.000000	0.000000	
1.137812	0.000000	7.484771	0.839350	0.000000	0.000000	
1.137812	0.000000	7.403224	0.839350	0.000000	0.000000	
1.137812	0.000000	7.365958	0.839350	0.000000	0.000000	
1.137812	0.000000	7.288460	0.839350	0.000000	0.000000	
1.137812	0.000000	7.250894	0.839350	0.000000	0.000000	
1.137812	0.000000	7.213953	0.839350	0.000000	0.000000	
1.137812	0.000000	7.144454	0.839350	0.000000	0.000000	
1.137812	0.000000	7.109370	0.839350	0.000000	0.000000	
1.137812	0.000000	7.042815	0.839350	0.000000	0.000000	
1.137812	0.000000	7.009129	0.839350	0.000000	0.000000	
1.137812	0.000000	6.943169	0.839350	0.000000	0.000000	
1.137250	0.000000	6.911165	0.839350	0.000000	0.000000	
1.137250	0.000000	6.881688	0.839350	0.000000	0.000000	
1.137250	0.000000	6.821016	0.839350	0.000000	0.000000	
1.136688	0.000000	6.791713	0.839350	0.000000	0.000000	
1.135563	0.000000	6.736121	0.839350	0.000000	0.000000	
1.134438	0.000000	6.708312	0.840700	0.132121	0.039636	
1.134438	0.000000	6.653879	0.840700	0.132121	0.039636	
1.133312	0.000000	6.628648	0.841375	0.134991	0.040497	
1.132750	0.000000	6.602334	0.842050	0.135100	0.020306	
1.131625	0.000000	6.550756	0.843400	0.270840	0.081252	
1.130500	0.000000	6.525829	0.844075	0.270703	0.060946	
1.128813	0.000000	6.478906	0.845425	0.274349	0.060987	
1.127687	0.000000	6.455495	0.847450	0.406497	0.101618	
1.126000	0.000000	6.432811	0.848800	0.474239	0.142239	
1.124313	0.000000	6.389080	0.848800	0.270749	0.100738	
1.121500	0.000000	6.366419	0.851500	0.335138	0.081110	
1.120375	0.000000	6.320963	0.854875	0.605091	0.181527	
1.119250	0.000000	6.298050	0.855550	0.605613	0.201891	
1.117000	0.000000	6.252764	0.855550	0.270393	0.161369	
1.115312	0.000000	6.228935	0.858925	0.334785	0.080278	
1.113625	0.000000	6.204788	0.865000	0.942110	0.181446	
1.112500	0.000000	6.157743	0.865000	0.877142	0.282633	
1.110250	0.000000	6.132940	0.865000	0.337289	0.182197	
1.108562	0.000000	6.082300	0.867700	0.270529	0.060861	
1.106875	0.000000	6.058155	0.874450	0.948680	0.222908	
1.104625	0.000000	6.005185	0.875800	1.016274	0.325213	
1.102375	0.000000	5.977836	0.875800	0.543449	0.223773	
1.099000	0.000000	5.949907	0.878500	0.270895	0.061766	
1.096750	0.000000	5.893220	0.887275	1.145863	0.302956	
1.095062	0.000000	5.862415	0.889300	1.345808	0.403742	
1.091688	0.000000	5.799812	0.889300	0.742351	0.261900	
1.087750	0.000000	5.765493	0.891325	0.204156	0.079941	
1.086625	0.000000	5.692794	0.901450	1.214544	0.142006	
1.084375	0.000000	5.655181	0.904825	1.591134	0.477340	
1.080438	0.000000	5.619075	0.904150	1.049873	0.437126	
1.075938	0.000000	5.530943	0.906175	0.271304	0.101514	
1.073125	0.000000	5.479982	0.916300	1.218959	0.202963	
1.070875	0.000000	5.364772	0.921025	1.691728	0.507519	
1.068063	0.000000	5.296595	0.920350	1.217729	0.446442	
1.064687	0.000000	5.142126	0.922375	0.341692	0.243859	
1.061875	0.000000	5.062189	0.933175	1.289296	0.285332	
1.059062	0.000000	4.971549	0.939250	1.897093	0.557437	
1.055688	0.000000	4.772864	0.935200	1.350389	1.121131	
1.053437	0.000000	4.666057	0.931150	0.202439	1.164470	
1.050625	0.000000	4.445889	0.932500	0.134446	0.882043	
1.048375	0.000000	4.326647	0.941275	1.014062	0.817140	
1.045000	0.000000	4.084732	0.950050	1.889420	0.964840	
1.042750	0.000000	3.955370	0.949375	1.555271	1.493445	
1.042187	0.000000	3.822479	0.948025	0.472420	1.589012	
1.039375	0.000000	3.551150	0.948700	0.067522	1.318742	
1.037125	0.000000	3.420290	0.956125	0.807044	1.178349	
1.036000	0.000000	3.138123	0.967600	1.953307	1.415401	
1.034875	0.000000	2.995561	0.968275	1.820455	1.689693	
1.033750	0.000000	2.720055	0.965575	0.744877	1.894287	
1.032625	0.000000	2.577353	0.966250	0.067687	1.682852	
1.031500	0.000000	2.436258	0.974350	0.877443	1.540270	
1.029250	0.000000	2.164836	0.984475	1.887313	1.692507	
1.027562	0.000000	2.027659	0.985825	1.820015	1.957628	
1.025875	0.000000	1.761232	0.984475	0.812329	2.203815	
1.025313	0.000000	1.632330	0.985150	0.069932	2.055807	
1.024187	0.000000	1.393630	0.992575	0.811477	1.892040	
1.022500	0.000000	1.275109	1.004725	2.027505	1.986784	
1.020250	0.000000	1.161141	1.006075	2.092618	2.302046	
1.018563	0.000000	0.950488	1.003375	1.011947	2.707983	
1.018000	0.000000	0.847572	1.004050	0.134446	2.594799	
1.016875	0.000000	0.653289	1.010800	0.742773	2.295100	
1.015188	0.000000	0.566643	1.020925	1.756023	2.372432	
1.014063	0.000000	0.393576	1.022275	1.688442	2.583888	
1.012938	0.000000	0.311801	1.022275	0.675983	2.791332	
1.012938	0.000000	0.163123	1.022950	0.067632	2.691646	
1.012938	0.000000	0.091791	1.029700	0.742644	2.379837	
1.012938	0.000000	0.023301	1.039150	1.685962	2.463974	
1.012938	0.000000	0.000000	1.038475	1.552798	2.891182	
1.011812	0.000000	0.000000	1.037800	0.540611	2.963661	
1.010687	0.000000	0.000000	1.037800	0.000000	2.851948	
1.009562	0.000000	0.000000	1.041850	0.404302	2.519553	
1.009562	0.000000	0.000000	1.046575	0.877925	2.462827	
1.009562	0.000000	0.000000	1.047250	0.877680	2.523688	
1.009562	0.000000	0.000000	1.047250	0.337480	2.554920	
1.009562	0.000000	0.000000	1.047250	0.000000	2.331516	
1.009562	0.000000	0.000000	1.047250	0.000000	2.205173	
1.010125	0.055682	0.000000	1.047250	0.000000	2.049674	
1.012938	0.338487	0.050993	1.047250	0.000000	1.783751	
1.015188	0.563565	0.169069	1.047250	0.000000	1.670505	
1.015750	0.506309	0.169259	1.045900	0.000000	1.484834	
1.019125	0.562828	0.152328	1.041850	0.000000	1.404749	
1.024750	0.955351	0.388388	1.038475	0.000000	1.270385	
1.025875	0.956459	0.649623	1.036450	0.000000	1.217607	
1.025875	0.563980	1.015808	1.033750	0.000000	1.165588	
1.025875	0.056406	1.039460	1.027675	0.000000	1.080897	
1.027562	0.166318	1.032119	1.022275	0.000000	1.037309	
1.034312	0.839663	1.168242	1.018900	0.000000	0.951779	
1.038250	1.234850	1.408386	1.013500	0.000000	0.903072	
1.038250	0.843662	1.899226	1.008100	0.000000	0.799299	
1.038250	0.227870	1.998168	1.004050	0.000000	0.740804	
1.040500	0.226786	2.032962	1.000000	0.000000	0.683058	
1.046125	0.790866	2.119404	0.995275	0.000000	0.550527	
1.050063	1.184482	2.315844	0.989875	0.000000	0.478728	
1.050625	0.842549	2.794268	0.985150	0.000000	0.335350	
1.051188	0.224561	2.904554	0.980425	0.000000	0.255986	
1.055688	0.508727	2.996183	0.976375	0.000000	0.092668	
1.061875	1.126123	3.145223	0.973675	0.000000	0.011766	
1.063000	1.066304	3.630285	0.971650	0.000000	0.000000	
1.063000	0.505914	3.771977	0.967600	0.000000	0.000000	
1.065250	0.224665	3.805825	0.960850	0.000000	0.000000	
1.070875	0.787301	3.938651	0.954775	0.000000	0.000000	
1.074250	1.071422	4.122536	0.950050	0.000000	0.000000	
1.074250	0.734135	4.501387	0.944650	0.000000	0.000000	
1.074813	0.226521	4.557325	0.938575	0.000000	0.000000	
1.078750	0.449958	4.606090	0.934525	0.000000	0.000000	
1.082687	0.844131	4.727284	0.931150	0.000000	0.000000	
1.084375	0.846118	4.888060	0.926425	0.000000	0.000000	
1.084375	0.397352	5.108268	0.922375	0.000000	0.000000	
1.086625	0.305218	5.148884	0.920350	0.000000	0.000000	
1.088875	0.386031	5.187151	0.917650	0.000000	0.000000	
1.089437	0.443204	5.216369	0.913600	0.000000	0.000000	
1.091688	0.447896	5.299938	0.910900	0.000000	0.000000	
1.094500	0.506163	5.380054	0.908200	0.000000	0.000000	
1.095625	0.561967	5.566933	0.904825	0.000000	0.000000	
1.096187	0.337517	5.647230	0.901450	0.000000	0.000000	
1.097875	0.279914	5.712973	0.898750	0.000000	0.000000	
1.099563	0.337619	5.766963	0.896725	0.000000	0.000000	
1.100688	0.397265	5.810957	0.894025	0.000000	0.000000	
1.101812	0.340740	5.893210	0.891325	0.000000	0.000000	
1.103500	0.343993	5.937587	0.888625	0.000000	0.000000	
1.105750	0.416877	6.079153	0.885925	0.000000	0.000000	
1.107437	0.470651	6.170826	0.882550	0.000000	0.000000	
1.108000	0.299152	6.264961	0.879850	0.000000	0.000000	
1.110250	0.391564	6.332078	0.877825	0.000000	0.000000	
1.111375	0.393901	6.398487	0.875800	0.000000	0.000000	
1.112500	0.398342	6.540321	0.873100	0.000000	0.000000	
1.113625	0.284079	6.576609	0.871750	0.000000	0.000000	
1.114750	0.284609	6.668972	0.870400	0.000000	0.000000	
1.115875	0.341311	6.709622	0.869050	0.000000	0.000000	
1.116438	0.287177	6.819878	0.867700	0.000000	0.000000	
1.117000	0.172204	6.808629	0.866350	0.000000	0.000000	
1.117563	0.170715	6.828668	0.865675	0.000000	0.000000	
1.117563	0.112242	6.822319	0.865000	0.000000	0.000000	
1.118125	0.114708	6.825964	0.864325	0.000000	0.000000	
1.118125	0.058621	6.786588	0.863650	0.000000	0.000000	
1.118125	0.058621	6.760113	0.863650	0.000000	0.000000	
1.118125	0.000000	6.690236	0.863650	0.000000	0.000000	
1.118125	0.000000	6.650052	0.863650	0.000000	0.000000	
1.118125	0.000000	6.611724	0.863650	0.000000	0.000000	
1.118125	0.000000	6.542167	0.863650	0.000000	0.000000	
1.118125	0.000000	6.508251	0.863650	0.000000	0.000000	
1.118125	0.000000	6.444504	0.863650	0.000000	0.000000	
1.118125	0.000000	6.416327	0.863650	0.000000	0.000000	
1.118125	0.000000	6.359089	0.862975	0.000000	0.000000	
1.118125	0.000000	6.331964	0.862975	0.000000	0.000000	
1.118125	0.000000	6.307203	0.862975	0.000000	0.000000	
1.118125	0.000000	6.256495	0.862975	0.000000	0.000000	
1.118125	0.000000	6.232338	0.862975	0.000000	0.000000	
1.118125	0.000000	6.187315	0.862975	0.000000	0.000000	
1.118125	0.000000	6.164936	0.862975	0.000000	0.000000	
1.118125	0.000000	6.121778	0.862975	0.000000	0.000000	
1.118125	0.000000	6.101976	0.862975	0.000000	0.000000	
1.118125	0.000000	6.081360	0.862975	0.000000	0.000000	
1.118125	0.000000	6.040860	0.862975	0.000000	0.000000	
1.118125	0.000000	6.021020	0.862975	0.000000	0.000000	
1.118125	0.000000	5.983524	0.862975	0.000000	0.000000	
1.118125	0.000000	5.964621	0.862975	0.000000	0.000000	
1.118125	0.000000	5.946080	0.862975	0.000000	0.000000	
1.118125	0.000000	5.910929	0.862975	0.000000	0.000000	
1.118125	0.000000	5.893136	0.862975	0.000000	0.000000	
1.118125	0.000000	5.859118	0.862975	0.000000	0.000000	
1.116438	0.000000	5.843806	0.864325	0.136794	0.020439	
1.114750	0.000000	5.811905	0.866350	0.335711	0.060814	
1.113625	0.000000	5.796440	0.867025	0.403675	0.121102	
1.111375	0.000000	5.780959	0.869050	0.402365	0.121229	
1.109125	0.000000	5.750570	0.872425	0.611661	0.183498	
1.107437	0.000000	5.734815	0.875800	0.816421	0.245542	
1.104625	0.000000	5.703536	0.876475	0.612585	0.183775	
1.101250	0.000000	5.686690	0.880525	0.671850	0.182396	
1.097312	0.000000	5.651533	0.887275	1.076276	0.262171	
1.095062	0.000000	5.632835	0.889300	1.143300	0.363564	
1.091688	0.000000	5.613577	0.889975	0.604101	0.282453	
1.087188	0.000000	5.564959	0.897400	0.873630	0.222647	
1.084937	0.000000	5.535398	0.906850	1.686834	0.425067	
1.082125	0.000000	5.468418	0.906850	1.485531	0.445659	
1.075938	0.000000	5.428190	0.907525	0.675738	0.263611	
1.072000	0.000000	5.329542	0.915625	0.877340	0.142149	
1.070875	0.000000	5.275386	0.925750	1.891445	0.527245	
1.066375	0.000000	5.211398	0.925750	1.689455	0.587965	
1.061875	0.000000	5.063041	0.925750	0.743903	0.243144	
1.060187	0.000000	4.978640	0.933850	0.880316	0.161618	
1.057375	0.000000	4.799691	0.945325	2.027913	0.608374	
1.053437	0.000000	4.697722	0.943975	1.825606	0.953783	
1.051750	0.000000	4.478421	0.938575	0.679384	1.240169	
1.049500	0.000000	4.368970	0.936550	0.000000	1.243915	
1.046687	0.000000	4.249173	0.938575	0.204218	1.117365	
1.043875	0.000000	3.997761	0.947350	1.079072	1.188346	
1.043875	0.000000	3.876060	0.952075	1.551194	1.425646	
1.041062	0.000000	3.609110	0.952075	1.009474	1.814898	
1.038250	0.000000	3.472946	0.952075	0.199726	1.820198	
1.037688	0.000000	3.205589	0.952750	0.067495	1.712869	
1.036562	0.000000	3.068581	0.958150	0.606167	1.545598	
1.034875	0.000000	2.932444	0.966925	1.483876	1.678061	
1.034312	0.000000	2.670973	0.966925	1.416539	2.141515	
1.033750	0.000000	2.537961	0.966250	0.605548	2.267827	
1.032063	0.000000	2.280889	0.966250	0.000000	2.079462	
1.030938	0.000000	2.158365	0.970300	0.407421	1.982397	
1.029250	0.000000	1.936984	0.980425	1.419597	2.002960	
1.026438	0.000000	1.830741	0.983800	1.689823	2.487728	
1.024750	0.000000	1.730014	0.982450	1.013557	2.699062	
1.023062	0.000000	1.550106	0.982450	0.067825	2.629624	
1.021375	0.000000	1.464596	0.985150	0.267132	2.481086	
1.019125	0.000000	1.307320	0.995275	1.279200	2.427834	
1.017437	0.000000	1.239684	1.002025	1.953543	2.832045	
1.014625	0.000000	1.171909	1.000675	1.416466	3.102336	
1.011812	0.000000	1.048157	1.000000	0.336444	3.190289	
1.010125	0.000000	0.991416	1.002700	0.270082	3.070176	
1.008438	0.000000	0.891120	1.012150	1.215068	3.027454	
1.006188	0.000000	0.843411	1.016200	1.544905	3.206530	
1.003375	0.000000	0.752485	1.016200	1.007102	3.381915	
1.001125	0.000000	0.708344	1.016875	0.197265	3.362279	
0.998875	0.000000	0.664359	1.024300	0.810584	3.251191	
0.996625	0.000000	0.580435	1.031050	1.485115	3.406614	
0.993813	0.000000	0.537191	1.031725	1.286188	3.578282	
0.991562	0.000000	0.449149	1.031725	0.472250	3.617962	
0.990438	0.000000	0.405951	1.035775	0.407616	3.515957	
0.988750	0.000000	0.322454	1.042525	1.080145	3.489064	
0.987625	0.000000	0.278134	1.043875	1.144836	3.654170	
0.987063	0.000000	0.234108	1.043875	0.535352	3.712068	
0.986500	0.000000	0.148437	1.045900	0.201933	3.548103	
0.986500	0.000000	0.104828	1.050625	0.673706	3.508187	
0.986500	0.000000	0.018323	1.051300	0.674377	3.523330	
0.986500	0.000000	0.000000	1.051300	0.336711	3.502903	
0.987063	0.056383	0.016915	1.051300	0.000000	3.393176	
0.988750	0.226023	0.050940	1.051300	0.000000	3.128479	
0.990438	0.394999	0.084895	1.051300	0.000000	2.995054	
0.992688	0.507976	0.152434	1.049275	0.000000	2.738873	
0.994937	0.561914	0.243840	1.047925	0.000000	2.630599	
0.997187	0.562272	0.492130	1.044550	0.000000	2.446824	
0.998875	0.562829	0.604672	1.039825	0.000000	2.363331	
1.002250	0.619475	0.820864	1.036450	0.000000	2.285692	
1.006188	0.842728	0.977856	1.033075	0.000000	2.150510	
1.007875	0.783834	1.169608	1.026325	0.000000	2.084438	
1.009000	0.557591	1.434493	1.020250	0.000000	1.947753	
1.012938	0.561686	1.491084	1.016875	0.000000	1.877152	
1.017437	0.956982	1.778926	1.012150	0.000000	1.729984	
1.019688	0.957853	1.956740	1.005400	0.000000	1.650452	
1.022500	0.732300	2.296990	1.000000	0.000000	1.566899	
1.026438	0.786500	2.455781	0.993925	0.000000	1.392656	
1.030938	1.066478	2.629691	0.988525	0.000000	1.299397	
1.033750	1.011015	3.042434	0.981775	0.000000	1.104182	
1.036562	0.844010	3.261843	0.975700	0.000000	1.010551	
1.039937	0.789272	3.584255	0.970300	0.000000	0.801797	
1.043313	0.846155	3.733047	0.966250	0.000000	0.694393	
1.048375	1.070624	4.114653	0.961525	0.000000	0.592428	
1.050625	0.956822	4.306798	0.958150	0.000000	0.367059	
1.054000	0.843415	4.494951	0.954775	0.000000	0.252869	
1.058500	0.898276	4.859256	0.951400	0.000000	0.025909	
1.062438	1.123129	5.085907	0.949375	0.000000	0.000000	
1.064687	0.899962	5.500724	0.944650	0.000000	0.000000	
1.068625	0.846495	5.689898	0.937225	0.000000	0.000000	
1.073125	0.961792	6.067395	0.928450	0.000000	0.000000	
1.074813	0.903833	6.239922	0.923050	0.000000	0.000000	
1.078750	0.850305	6.401033	0.919000	0.000000	0.000000	
1.085500	1.129281	6.815597	0.912925	0.000000	0.000000	
1.089437	1.351162	7.094050	0.906850	0.000000	0.000000	
1.091125	0.959164	7.560541	0.901450	0.000000	0.000000	
1.095625	0.844857	7.742775	0.896725	0.000000	0.000000	
1.100688	1.068659	8.106764	0.892000	0.000000	0.000000	
1.101250	0.843736	8.269452	0.888625	0.000000	0.000000	
1.103500	0.563404	8.377017	0.884575	0.000000	0.000000	
1.108000	0.732454	8.524771	0.880525	0.000000	0.000000	
1.110250	0.844328	8.646321	0.877150	0.000000	0.000000	
1.110813	0.562546	8.798041	0.874450	0.000000	0.000000	
1.113063	0.394425	8.829086	0.871750	0.000000	0.000000	
1.114750	0.451358	8.842573	0.870400	0.000000	0.000000	
1.115312	0.395090	8.857802	0.868375	0.000000	0.000000	
1.116438	0.281752	8.880990	0.866350	0.000000	0.000000	
1.117563	0.223978	8.822321	0.864325	0.000000	0.000000	
1.118125	0.223142	8.795253	0.863650	0.000000	0.000000	
1.118125	0.165993	8.737904	0.863650	0.000000	0.000000	
1.118125	0.054846	8.684089	0.863650	0.000000	0.000000	
1.118125	0.000000	8.561628	0.862975	0.000000	0.000000	
1.118125	0.000000	8.490719	0.862975	0.000000	0.000000	
1.118125	0.000000	8.423901	0.862975	0.000000	0.000000	
1.114750	0.000000	8.303641	0.864325	0.136427	0.020753	
1.108562	0.000000	8.245477	0.871075	0.812080	0.122147	
1.100688	0.000000	8.134295	0.880525	1.754402	0.505973	
1.090562	0.000000	8.083436	0.887275	2.157299	0.627180	
1.073688	0.000000	7.969150	0.898750	2.428887	0.647358	
1.054562	0.000000	7.902925	0.922375	3.915017	1.013138	
1.033188	0.000000	7.828347	0.946675	5.603933	1.438393	
1.011250	0.000000	7.655197	0.961525	5.535834	1.701247	
0.987625	0.000000	7.549284	0.983800	5.265530	2.748880	
0.958938	0.000000	7.304167	1.004725	5.196432	5.030075	
0.934187	0.000000	7.177316	1.008775	4.115541	5.943707	
0.910000	0.000000	6.871917	1.027000	3.174395	6.477866	
0.887500	0.000000	6.698477	1.066150	5.876371	7.731720	
0.866687	0.000000	6.509109	1.096525	8.437712	9.120092	
0.850375	0.000000	6.094493	1.108675	6.878861	12.213534	
0.835187	0.000000	5.858472	1.130950	4.861424	13.118327	
0.828438	0.000000	5.363349	1.147825	4.657397	14.383370	
0.820000	0.000000	5.095911	1.151875	3.508586	14.717270	
0.815500	0.000000	4.546282	1.157275	1.887184	14.700340	
0.816063	0.056567	4.265240	1.164025	1.349996	13.979963	
0.817187	0.169104	3.776494	1.163350	1.080734	13.465866	
0.823375	0.786580	3.651570	1.160650	0.338011	12.255654	
0.830687	1.461801	3.659024	1.151875	0.000000	11.521028	
0.836875	1.799995	3.978087	1.139725	0.000000	10.124762	
0.845875	1.969617	4.235836	1.128250	0.000000	9.480094	
0.854312	2.139379	4.822332	1.114075	0.000000	8.353713	
0.867813	2.696442	5.184555	1.091125	0.000000	7.824137	
0.880750	2.985549	5.633551	1.069525	0.000000	7.326721	
0.892563	3.265922	6.758361	1.050625	0.000000	6.328948	
0.909437	3.586042	7.346438	1.032400	0.000000	5.908219	
0.926875	4.049104	8.698585	1.012825	0.000000	5.149369	
0.937000	3.773059	9.337295	1.001350	0.000000	4.782761	
0.949375	3.210858	10.306625	0.991225	0.000000	4.430916	
0.961750	3.038610	10.649523	0.978400	0.000000	3.793355	
0.970187	2.978531	10.946490	0.966925	0.000000	3.486241	
0.981438	2.695648	11.344420	0.960850	0.000000	2.907651	
0.993250	2.812067	11.518366	0.955450	0.000000	2.647648	
1.003375	2.925203	11.901198	0.944650	0.000000	2.115767	
1.014063	2.755900	12.076678	0.935875	0.000000	1.857863	
1.024187	2.589848	12.333484	0.931150	0.000000	1.601258	
1.033188	2.581887	12.416136	0.927100	0.000000	1.097675	
1.042187	2.360679	12.473013	0.923050	0.000000	0.853610	
1.049500	2.189802	12.512473	0.921700	0.000000	0.391657	
1.057938	2.077004	12.508862	0.921025	0.000000	0.161820	
1.065250	2.020613	12.465963	0.921025	0.000000	0.000000	
1.072562	1.966499	12.409245	0.919675	0.000000	0.000000	
1.077625	1.687909	12.242403	0.914275	0.000000	0.000000	
1.082687	1.514778	12.112140	0.906175	0.000000	0.000000	
1.088875	1.460407	12.000387	0.898750	0.000000	0.000000	
1.092250	1.299449	11.709369	0.894025	0.000000	0.000000	
1.096187	1.070381	11.549885	0.889975	0.000000	0.000000	
1.100688	1.004646	11.177640	0.885250	0.000000	0.000000	
1.102937	0.888800	10.971298	0.879850	0.000000	0.000000	
1.105188	0.728898	10.576914	0.876475	0.000000	0.000000	
1.108000	0.614851	10.373155	0.874450	0.000000	0.000000	
1.109687	0.617399	10.181620	0.873100	0.000000	0.000000	
1.110250	0.392845	9.779461	0.871075	0.000000	0.000000	
1.111938	0.282010	9.555781	0.868375	0.000000	0.000000	
1.113625	0.342382	9.140268	0.866350	0.000000	0.000000	
1.114750	0.399738	8.969028	0.864325	0.000000	0.000000	
1.115312	0.228641	8.641144	0.862300	0.000000	0.000000	
1.116438	0.230988	8.507384	0.861625	0.000000	0.000000	
1.117000	0.231559	8.370116	0.860950	0.000000	0.000000	
1.117563	0.173217	8.084955	0.860275	0.000000	0.000000	
1.118125	0.112126	7.953474	0.859600	0.000000	0.000000	
1.118125	0.056822	7.736243	0.858925	0.000000	0.000000	
1.118688	0.113067	7.620989	0.858250	0.000000	0.000000	
1.118688	0.056246	7.391368	0.858250	0.000000	0.000000	
1.118688	0.000000	7.290284	0.858250	0.000000	0.000000	
1.118688	0.000000	7.184281	0.858250	0.000000	0.000000	
1.117563	0.000000	6.989004	0.858250	0.000000	0.000000	
1.111375	0.000000	6.902702	0.862300	0.406329	0.059369	
1.102937	0.000000	6.752011	0.872425	1.419823	0.425947	
1.093375	0.000000	6.680910	0.881875	2.232459	0.608352	
1.076500	0.000000	6.545620	0.892000	2.564762	0.728454	
1.056250	0.000000	6.477798	0.910225	3.374266	0.929740	
1.035437	0.000000	6.400225	0.937900	5.258276	1.315208	
1.009000	0.000000	6.222641	0.964225	6.681236	1.964735	
0.980875	0.000000	6.118437	0.985150	6.546685	2.913563	
0.948250	0.000000	5.886001	1.003375	5.324496	5.616191	
0.924062	0.000000	5.750654	1.010800	3.918988	6.453965	
0.902687	0.000000	5.438524	1.037125	4.188741	7.079498	
0.884687	0.000000	5.273364	1.070200	6.419716	8.860591	
0.876250	0.000000	5.081976	1.082350	6.350697	10.174908	
0.870062	0.000000	4.657846	1.084375	3.435816	11.684076	
0.865562	0.000000	4.447897	1.093150	1.541165	11.657689	
0.866125	0.056246	3.993950	1.098550	1.609121	11.063984	
0.867813	0.225357	3.770576	1.097875	1.140103	10.672282	
0.872312	0.680724	3.540202	1.095850	0.203074	10.176540	
0.877937	1.191045	3.544601	1.087750	0.000000	8.899974	
0.883563	1.411180	3.640020	1.078300	0.000000	8.306224	
0.889750	1.520963	3.910705	1.069525	0.000000	7.181427	
0.901000	2.079220	4.106283	1.054675	0.000000	6.677646	
0.911125	2.592600	4.792971	1.037800	0.000000	5.785570	
0.923500	2.927411	5.255128	1.020925	0.000000	5.362113	
0.935313	3.039165	6.215822	1.007425	0.000000	4.958406	
0.948812	3.323960	6.735927	0.990550	0.000000	4.227284	
0.965125	3.710198	7.271490	0.972325	0.000000	3.873327	
0.979187	3.994458	8.474648	0.958150	0.000000	3.215612	
0.992688	3.829279	9.079934	0.948700	0.000000	2.906697	
1.009000	3.824215	10.194364	0.937225	0.000000	2.341216	
1.021375	3.709847	10.639843	0.922375	0.000000	2.062681	
1.032625	3.391592	11.408825	0.913600	0.000000	1.790364	
1.047250	3.216997	11.683997	0.908200	0.000000	1.277130	
1.057375	3.273020	11.947691	0.902125	0.000000	1.021600	
1.068063	2.860512	12.272926	0.894700	0.000000	0.529851	
1.078750	2.751329	12.367136	0.889300	0.000000	0.304630	
1.086625	2.590271	12.470934	0.888625	0.000000	0.000000	
1.093938	2.201659	12.447031	0.888625	0.000000	0.000000	
1.100688	1.856185	12.203192	0.885925	0.000000	0.000000	
1.105750	1.584341	11.996243	0.877150	0.000000	0.000000	
1.110250	1.417499	11.545923	0.867700	0.000000	0.000000	
1.114187	1.136631	11.248098	0.862300	0.000000	0.000000	
1.117563	1.020375	10.962008	0.860275	0.000000	0.000000	
1.119812	0.790204	10.364079	0.856900	0.000000	0.000000	
1.121500	0.620360	10.047820	0.852850	0.000000	0.000000	
1.123188	0.449408	9.373338	0.850150	0.000000	0.000000	
1.123750	0.332625	9.054552	0.850150	0.000000	0.000000	
1.123750	0.159739	8.412919	0.850150	0.000000	0.000000	
1.124313	0.106094	8.098493	0.849475	0.000000	0.000000	
1.124313	0.055283	7.797934	0.849475	0.000000	0.000000	
1.124313	0.000000	7.254524	0.849475	0.000000	0.000000	
1.124313	0.000000	7.021818	0.849475	0.000000	0.000000	
1.124313	0.000000	6.610202	0.849475	0.000000	0.000000	
1.124313	0.000000	6.428523	0.849475	0.000000	0.000000	
1.124313	0.000000	6.265951	0.849475	0.000000	0.000000	
1.124313	0.000000	5.990963	0.849475	0.000000	0.000000	
1.124313	0.000000	5.875945	0.849475	0.000000	0.000000	
1.124313	0.000000	5.689415	0.849475	0.000000	0.000000	
1.124875	0.056223	5.609652	0.849475	0.000000	0.000000	
1.126000	0.169187	5.553397	0.849475	0.000000	0.000000	
1.126000	0.169187	5.536821	0.849475	0.000000	0.000000	
1.126000	0.055839	5.538538	0.849475	0.000000	0.000000	
1.126000	0.000000	5.479816	0.849475	0.000000	0.000000	
1.126000	0.000000	5.458658	0.849475	0.000000	0.000000	
1.126000	0.000000	5.398955	0.849475	0.000000	0.000000	
1.126000	0.000000	5.376220	0.849475	0.000000	0.000000	
1.126000	0.000000	5.343056	0.849475	0.000000	0.000000	
1.123750	0.000000	5.330903	0.852175	0.269231	0.060772	
1.119250	0.000000	5.321393	0.855550	0.605731	0.121152	
1.114750	0.000000	5.309408	0.858925	0.876947	0.242836	
1.111375	0.000000	5.305421	0.863650	1.013564	0.283849	
1.103500	0.000000	5.297237	0.871750	1.487033	0.425796	
1.092813	0.000000	5.288530	0.882550	2.228305	0.587744	
1.078187	0.000000	5.256040	0.895375	2.834674	0.729253	
1.061313	0.000000	5.228356	0.910900	3.500746	0.991700	
1.043313	0.000000	5.191792	0.929800	4.316041	1.153050	
1.023625	0.000000	5.088963	0.952075	5.128133	1.518175	
1.006750	0.000000	5.025282	0.969625	5.197305	2.778927	
0.988187	0.000000	4.856818	0.965575	3.172468	4.535449	
0.971875	0.000000	4.758321	0.958825	1.214131	4.828813	
0.961187	0.000000	4.546886	0.977050	1.819454	4.766178	
0.953313	0.000000	4.427281	1.000000	4.102068	5.436800	
0.947125	0.000000	4.300959	1.000675	4.039792	6.072591	
0.944875	0.000000	4.036852	0.997300	1.615647	6.863128	
0.944313	0.000000	3.891127	1.002025	0.472460	6.695348	
0.944313	0.000000	3.582004	1.004050	0.674538	6.126909	
0.946562	0.225952	3.437385	1.003375	0.539438	5.828065	
0.952187	0.788334	3.412072	1.000675	0.067223	5.443001	
0.956125	1.125770	3.512993	0.998650	0.000000	4.652722	
0.959500	1.124470	3.658992	0.996625	0.000000	4.249157	
0.966250	1.181080	3.892538	0.993250	0.000000	3.529399	
0.971875	1.463091	4.068288	0.989200	0.000000	3.204877	
0.976937	1.520005	4.456656	0.982450	0.000000	2.633070	
0.985375	1.690809	4.665286	0.975700	0.000000	2.363289	
0.993250	1.969596	5.217539	0.970300	0.000000	2.108928	
1.001125	2.128690	5.539108	0.963550	0.000000	1.654280	
1.009562	2.129885	5.866126	0.955450	0.000000	1.433920	
1.017437	2.135353	6.537848	0.948025	0.000000	1.019568	
1.027000	2.305912	6.853787	0.941950	0.000000	0.834221	
1.038813	2.589260	7.635151	0.935875	0.000000	0.452593	
1.045563	2.476232	8.032238	0.931150	0.000000	0.269147	
1.055125	2.249110	8.709902	0.927100	0.000000	0.099774	
1.064687	2.302648	9.022209	0.925075	0.000000	0.000000	
1.070313	2.191764	9.300927	0.921025	0.000000	0.000000	
1.075938	1.687235	9.705646	0.911575	0.000000	0.000000	
1.081563	1.462306	9.797418	0.903475	0.000000	0.000000	
1.087750	1.519253	9.894742	0.898075	0.000000	0.000000	
1.089437	1.181820	9.901009	0.895375	0.000000	0.000000	
1.091688	0.791252	9.735233	0.892675	0.000000	0.000000	
1.096187	0.788747	9.624503	0.887950	0.000000	0.000000	
1.097875	0.791224	9.534787	0.885250	0.000000	0.000000	
1.098438	0.509875	9.292414	0.883225	0.000000	0.000000	
1.100125	0.283889	9.126044	0.881200	0.000000	0.000000	
1.101812	0.396268	8.813966	0.879850	0.000000	0.000000	
1.101812	0.283221	8.659171	0.879175	0.000000	0.000000	
1.102375	0.168807	8.385815	0.877825	0.000000	0.000000	
1.103500	0.168923	8.235701	0.877150	0.000000	0.000000	
1.104063	0.225146	8.116708	0.875800	0.000000	0.000000	
1.104063	0.112220	7.881115	0.875800	0.000000	0.000000	
1.104063	0.000000	7.748589	0.875800	0.000000	0.000000	
1.104063	0.000000	7.496599	0.875800	0.000000	0.000000	
1.104063	0.000000	7.371330	0.875800	0.000000	0.000000	
1.104063	0.000000	7.262660	0.875800	0.000000	0.000000	
1.104063	0.000000	7.055590	0.875800	0.000000	0.000000	
1.103500	0.000000	6.963327	0.875800	0.000000	0.000000	
1.101250	0.000000	6.802344	0.876475	0.066926	0.000000	
1.098438	0.000000	6.727057	0.878500	0.265745	0.040310	
1.097312	0.000000	6.589864	0.881875	0.605362	0.120220	
1.093938	0.000000	6.530766	0.883225	0.604958	0.201719	
1.087188	0.000000	6.469700	0.887950	0.745395	0.202082	
1.079875	0.000000	6.352671	0.897400	1.488204	0.385723	
1.069188	0.000000	6.295842	0.908875	2.430968	0.628956	
1.056250	0.000000	6.178678	0.914950	2.432578	0.728889	
1.042187	0.000000	6.108835	0.927775	2.560232	0.728167	
1.021937	0.000000	5.946265	0.957475	4.655238	0.930067	
1.002813	0.000000	5.850306	0.979750	6.207026	1.781735	
0.979750	0.000000	5.743202	0.988525	4.931641	2.659430	
0.956688	0.000000	5.510168	0.989875	2.223547	4.196633	
0.936437	0.000000	5.379700	1.004725	2.016575	4.336651	
0.920687	0.000000	5.098304	1.038475	4.942805	5.491701	
0.906625	0.000000	4.938775	1.049950	5.819658	6.694215	
0.897625	0.000000	4.594515	1.046575	3.382870	7.773858	
0.895938	0.000000	4.410264	1.056025	1.129229	8.257466	
0.895938	0.000000	4.220510	1.059400	1.261983	8.124268	
0.900437	0.447907	3.928838	1.054000	1.013865	7.675421	
0.907750	1.179238	3.947432	1.045225	0.067825	7.282372	
0.916750	1.965887	4.382753	1.033750	0.000000	6.347894	
0.924625	2.136056	4.754463	1.020925	0.000000	5.913396	
0.931938	2.136193	5.522196	1.007425	0.000000	5.481056	
0.944875	2.531862	5.953787	0.995275	0.000000	4.690753	
0.957812	3.094756	6.442384	0.980425	0.000000	4.328289	
0.971875	3.492272	7.667548	0.960175	0.000000	3.684864	
0.985937	3.598249	8.273640	0.950050	0.000000	3.378009	
0.999438	3.597501	9.585960	0.941950	0.000000	2.821787	
1.011250	3.429594	10.154062	0.929125	0.000000	2.553693	
1.021937	3.037786	11.018134	0.918325	0.000000	2.296459	
1.032063	2.815926	11.359089	0.913600	0.000000	1.807111	
1.043313	2.758155	11.890172	0.908875	0.000000	1.585678	
1.051750	2.645871	12.102142	0.901450	0.000000	1.133494	
1.061875	2.583277	12.300500	0.893350	0.000000	0.914000	
1.072000	2.525485	12.661485	0.888625	0.000000	0.474253	
1.078187	2.243983	12.790009	0.888625	0.000000	0.268704	
1.085500	1.910902	12.878581	0.888625	0.000000	0.054652	
1.091688	1.744252	12.827695	0.888625	0.000000	0.000000	
1.095625	1.464407	12.666533	0.887275	0.000000	0.000000	
1.099000	1.125507	12.485944	0.882550	0.000000	0.000000	
1.101250	0.787748	12.253555	0.876475	0.000000	0.000000	
1.102937	0.619225	11.710549	0.873775	0.000000	0.000000	
1.104063	0.450314	11.403080	0.873775	0.000000	0.000000	
1.104625	0.281371	10.784593	0.873775	0.000000	0.000000	
1.104625	0.112106	10.453476	0.873775	0.000000	0.000000	
1.104625	0.000000	9.790880	0.873775	0.000000	0.000000	
1.104625	0.000000	9.494187	0.873775	0.000000	0.000000	
1.104625	0.000000	9.226877	0.873775	0.000000	0.000000	
1.103500	0.000000	8.722797	0.873775	0.000000	0.000000	
1.100688	0.000000	8.500043	0.874450	0.065998	0.000000	
1.099563	0.000000	8.115250	0.877150	0.335193	0.100558	
1.098438	0.000000	7.938004	0.878500	0.472697	0.141809	
1.095625	0.000000	7.618878	0.879175	0.410006	0.122010	
1.093938	0.000000	7.482832	0.882550	0.476609	0.123158	
1.092250	0.000000	7.346774	0.885925	0.747527	0.162917	
1.088875	0.000000	7.098785	0.887275	0.744627	0.223388	
1.087188	0.000000	6.991794	0.887950	0.406958	0.162617	
1.086063	0.000000	6.780679	0.892675	0.607344	0.182203	
1.083812	0.000000	6.682368	0.896725	0.945369	0.262901	
1.081563	0.000000	6.501332	0.896725	0.743155	0.283611	
1.079875	0.000000	6.412398	0.897400	0.271139	0.102089	
1.078187	0.000000	6.326368	0.902125	0.542868	0.081703	
1.074250	0.000000	6.161411	0.906850	1.014830	0.284258	
1.072000	0.000000	6.086296	0.906850	0.879291	0.304449	
1.070875	0.000000	5.929729	0.907525	0.338026	0.101408	
1.068625	0.000000	5.853180	0.913600	0.696221	0.121166	
1.066375	0.000000	5.700744	0.919000	1.234477	0.289852	
1.064125	0.000000	5.619909	0.919000	1.032995	0.330396	
1.061313	0.000000	5.537537	0.919675	0.336741	0.202578	
1.059062	0.000000	5.373394	0.926425	0.744350	0.183249	
1.057375	0.000000	5.286201	0.933850	1.490342	0.386396	
1.055125	0.000000	5.106040	0.933850	1.288707	0.386612	
1.052312	0.000000	5.019001	0.933850	0.337100	0.223798	
1.050625	0.000000	4.829184	0.939925	0.606102	0.059884	
1.047812	0.000000	4.726443	0.950050	1.534990	0.420325	
1.043313	0.000000	4.628650	0.950725	1.471491	0.481173	
1.041062	0.000000	4.435408	0.950725	0.611176	0.516252	
1.038250	0.000000	4.334904	0.954100	0.337089	0.457304	
1.032625	0.000000	4.127575	0.963550	1.285122	0.668447	
1.030938	0.000000	4.019792	0.968950	1.759565	0.948903	
1.025313	0.000000	3.802679	0.968950	1.155518	1.191871	
1.015750	0.000000	3.685273	0.969625	0.340670	1.325496	
1.005062	0.000000	3.563695	0.985150	1.624644	1.385706	
0.992688	0.000000	3.314034	1.010800	4.182065	2.598986	
0.970750	0.000000	3.177964	1.019575	4.659371	3.736792	
0.953875	0.000000	2.893179	1.012150	2.567146	5.209038	
0.939250	0.000000	2.751785	1.020925	1.145866	5.382372	
0.923500	0.000000	2.434253	1.049275	3.784627	5.705718	
0.911125	0.000000	2.268126	1.068175	5.602185	7.397925	
0.903812	0.000000	2.107178	1.070875	4.053823	8.398312	
0.898188	0.000000	1.749920	1.083700	2.367438	9.474763	
0.898188	0.000000	1.568552	1.094500	2.501299	9.711301	
0.898188	0.000000	1.214958	1.093150	1.958503	9.878295	
0.899875	0.169573	1.048403	1.093150	0.540604	9.684961	
0.906625	0.845599	0.953071	1.091125	0.000000	9.273685	
0.911687	1.352646	1.090910	1.083700	0.000000	8.304067	
0.914500	1.236449	1.297627	1.074925	0.000000	7.824170	
0.921250	1.180427	1.584416	1.065475	0.000000	6.965949	
0.929125	1.633086	1.756578	1.055350	0.000000	6.580979	
0.935313	1.858984	2.277802	1.040500	0.000000	5.895057	
0.942062	1.802946	2.549670	1.027000	0.000000	5.568495	
0.952187	2.026059	3.086453	1.016875	0.000000	5.255776	
0.960625	2.364679	3.428163	1.004725	0.000000	4.685175	
0.968500	2.277615	3.790905	0.988525	0.000000	4.390155	
0.976937	2.164671	4.413656	0.973675	0.000000	3.878380	
0.986500	2.352130	4.711724	0.962875	0.000000	3.628489	
0.996063	2.479773	5.348627	0.953425	0.000000	3.162534	
1.004500	2.426163	5.646273	0.942625	0.000000	2.931672	
1.014063	2.313640	6.196177	0.930475	0.000000	2.704641	
1.022500	2.366454	6.444938	0.921700	0.000000	2.258946	
1.034312	2.590185	6.729378	0.914275	0.000000	2.053154	
1.045000	2.810292	7.381432	0.906175	0.000000	1.619994	
1.052875	2.693571	7.739746	0.898750	0.000000	1.406505	
1.063000	2.411534	8.344845	0.891325	0.000000	0.994524	
1.071437	2.364081	8.601152	0.887275	0.000000	0.781394	
1.078187	2.137615	8.996207	0.885250	0.000000	0.570237	
1.084937	1.852667	9.121345	0.884575	0.000000	0.167027	
1.092813	1.800181	9.204988	0.884575	0.000000	0.000000	
1.098438	1.800975	9.376235	0.883900	0.000000	0.000000	
1.102937	1.408127	9.419299	0.878500	0.000000	0.000000	
1.108000	1.294241	9.390747	0.870400	0.000000	0.000000	
1.112500	1.236861	9.348555	0.863650	0.000000	0.000000	
1.115312	1.070025	9.248809	0.859600	0.000000	0.000000	
1.118125	0.845218	9.145182	0.856225	0.000000	0.000000	
1.122063	0.846181	9.046545	0.851500	0.000000	0.000000	
1.124313	0.791236	8.890532	0.846775	0.000000	0.000000	
1.126000	0.622460	8.793761	0.844075	0.000000	0.000000	
1.129375	0.620871	8.613339	0.842050	0.000000	0.000000	
1.132750	0.790177	8.553194	0.840700	0.000000	0.000000	
1.132750	0.563011	8.441320	0.838675	0.000000	0.000000	
1.132750	0.225298	8.329038	0.837325	0.000000	0.000000	
1.133312	0.056798	8.166285	0.836650	0.000000	0.000000	
1.133875	0.113296	7.861445	0.835975	0.000000	0.000000	
1.133875	0.113296	7.736056	0.835975	0.000000	0.000000	
1.133875	0.056498	7.506057	0.835300	0.000000	0.000000	
1.133875	0.000000	7.380802	0.835300	0.000000	0.000000	
1.133875	0.000000	7.182845	0.835300	0.000000	0.000000	
1.133875	0.000000	7.088421	0.835300	0.000000	0.000000	
1.133875	0.000000	7.003297	0.835300	0.000000	0.000000	
1.133875	0.000000	6.856595	0.835300	0.000000	0.000000	
1.133875	0.000000	6.797244	0.835300	0.000000	0.000000	
1.133875	0.000000	6.687702	0.835300	0.000000	0.000000	
1.133875	0.000000	6.640239	0.835300	0.000000	0.000000	
1.133875	0.000000	6.560212	0.835300	0.000000	0.000000	
1.133875	0.000000	6.524268	0.835300	0.000000	0.000000	
1.133875	0.000000	6.491210	0.835300	0.000000	0.000000	
1.133875	0.000000	6.434855	0.835300	0.000000	0.000000	
1.133875	0.000000	6.409010	0.835300	0.000000	0.000000	
1.133875	0.000000	6.362395	0.835300	0.000000	0.000000	
1.133875	0.000000	6.341380	0.835300	0.000000	0.000000	
1.133875	0.000000	6.322766	0.835300	0.000000	0.000000	
1.133875	0.000000	6.287317	0.835300	0.000000	0.000000	
1.133875	0.000000	6.271431	0.835300	0.000000	0.000000	
1.133875	0.000000	6.243863	0.835300	0.000000	0.000000	
1.133312	0.000000	6.231092	0.835300	0.000000	0.000000	
1.132187	0.000000	6.207370	0.835300	0.000000	0.000000	
1.131063	0.000000	6.196834	0.835975	0.066339	0.000000	
1.130500	0.000000	6.185869	0.837325	0.204337	0.040829	
1.128250	0.000000	6.164429	0.838675	0.338973	0.101692	
1.125437	0.000000	6.153453	0.840025	0.338125	0.101892	
1.121500	0.000000	6.131889	0.843400	0.539825	0.161947	
1.119812	0.000000	6.120172	0.846100	0.675682	0.202582	
1.118688	0.000000	6.095416	0.846775	0.542585	0.202705	
1.115875	0.000000	6.080993	0.849475	0.473476	0.142110	
1.112500	0.000000	6.063713	0.854200	0.809607	0.182345	
1.111938	0.000000	6.021580	0.855550	0.809756	0.242927	
1.110250	0.000000	5.998366	0.855550	0.404306	0.181867	
1.108000	0.000000	5.939431	0.859600	0.471804	0.141541	
1.106875	0.000000	5.905467	0.865675	1.012272	0.262903	
1.106313	0.000000	5.833376	0.865675	0.878800	0.303682	
1.104625	0.000000	5.792676	0.865675	0.338387	0.142305	
1.102937	0.000000	5.749523	0.868375	0.269957	0.040481	
1.101812	0.000000	5.659383	0.874450	0.876345	0.242882	
1.100125	0.000000	5.609995	0.875800	1.011527	0.303458	
1.099000	0.000000	5.508378	0.875800	0.539098	0.161729	
1.097312	0.000000	5.456906	0.876475	0.067169	0.040555	
1.096187	0.000000	5.354216	0.882550	0.675251	0.081263	
1.093938	0.000000	5.303505	0.886600	1.080159	0.303824	
1.091688	0.000000	5.256139	0.885925	0.809282	0.324048	
1.088875	0.000000	5.157137	0.887275	0.270205	0.081135	
1.087188	0.000000	5.108812	0.894700	0.877072	0.141549	
1.084937	0.000000	5.015897	0.900100	1.416729	0.425019	
1.082125	0.000000	4.968442	0.900100	1.080437	0.384479	
1.078750	0.000000	4.875140	0.900775	0.337615	0.243040	
1.075375	0.000000	4.832259	0.908875	0.880502	0.182878	
1.072562	0.000000	4.786365	0.915625	1.553189	0.384796	
1.069750	0.000000	4.694331	0.915625	1.276733	0.423427	
1.066937	0.000000	4.646292	0.916300	0.467938	0.240951	
1.063563	0.000000	4.547328	0.924400	0.877696	0.263309	
1.059625	0.000000	4.493288	0.934525	1.891895	0.970893	
1.056813	0.000000	4.382455	0.921025	1.553807	1.945706	
1.054000	0.000000	4.322053	0.897400	0.474004	2.186675	
1.051750	0.000000	4.259709	0.900100	0.608835	1.751989	
1.049500	0.000000	4.126880	0.922375	2.834998	2.387715	
1.047250	0.000000	4.061878	0.915625	2.969825	2.978697	
1.043313	0.000000	3.918321	0.894700	1.348037	3.832104	
1.042750	0.000000	3.843998	0.894025	0.202817	3.720845	
1.041625	0.000000	3.697522	0.904150	1.215875	3.670708	
1.038250	0.000000	3.620391	0.906850	1.484540	3.803662	
1.036562	0.000000	3.541800	0.906850	0.808898	3.915691	
1.036000	0.000000	3.384036	0.908875	0.205595	3.649631	
1.034312	0.000000	3.311448	0.915625	0.880434	3.561882	
1.032625	0.000000	3.155741	0.920350	1.352753	3.604508	
1.031500	0.000000	3.077779	0.920350	0.944726	3.630244	
1.029250	0.000000	2.926814	0.923725	0.537970	3.580229	
1.027562	0.000000	2.848915	0.929800	0.943217	3.439557	
1.025875	0.000000	2.770784	0.934525	1.327487	3.450574	
1.024750	0.000000	2.614994	0.935200	0.924226	3.499177	
1.023062	0.000000	2.536844	0.939250	0.658852	3.424771	
1.021937	0.000000	2.384889	0.944650	1.013192	3.383608	
1.020250	0.000000	2.307057	0.948025	1.216217	3.431088	
1.019125	0.000000	2.155831	0.948025	0.675380	3.475497	
1.018000	0.000000	2.077974	0.952075	0.542700	3.360894	
1.016875	0.000000	2.000283	0.958825	1.083955	3.348145	
1.015750	0.000000	1.846670	0.960850	1.150157	3.511436	
1.013500	0.000000	1.775491	0.961525	0.675297	3.548183	
1.011812	0.000000	1.625589	0.965575	0.541433	3.461996	
1.010687	0.000000	1.552248	0.972325	1.148116	3.515166	
1.008438	0.000000	1.412014	0.975025	1.283008	3.662029	
1.006188	0.000000	1.341044	0.975700	0.740737	3.843024	
1.004500	0.000000	1.270466	0.980425	0.608785	3.848760	
1.002813	0.000000	1.136961	0.987175	1.214811	4.000279	
1.000000	0.000000	1.069184	0.989875	1.283558	4.163380	
0.997187	0.000000	0.934793	0.991225	0.807158	4.341955	
0.993813	0.000000	0.869174	0.996625	0.812622	4.408429	
0.991000	0.000000	0.743392	1.004050	1.419218	4.533179	
0.989312	0.000000	0.679998	1.005400	1.283901	4.903427	
0.987063	0.000000	0.616054	1.006750	0.675960	5.001379	
0.985937	0.000000	0.489448	1.009450	0.402709	4.993999	
0.985375	0.000000	0.422900	1.012825	0.740023	4.965459	
0.985375	0.000000	0.284139	1.013500	0.605983	4.991993	
0.985375	0.000000	0.217597	1.013500	0.198682	4.929018	
0.985937	0.056383	0.088342	1.014175	0.067687	4.824521	
0.989875	0.448309	0.071829	1.014175	0.067687	4.595745	
0.994375	0.896548	0.168213	1.012825	0.067687	4.480196	
0.996625	1.008049	0.501032	1.007425	0.000000	4.255359	
0.998312	0.672134	0.663778	0.999325	0.000000	4.153110	
1.005062	0.957590	0.966485	0.993250	0.000000	3.953111	
1.010687	1.408303	1.215730	0.985825	0.000000	3.861074	
1.011250	1.068595	1.671260	0.975025	0.000000	3.772443	
1.014625	0.673672	1.800280	0.966925	0.000000	3.597166	
1.023062	1.236780	1.926112	0.960175	0.000000	3.502669	
1.029250	1.799360	2.489843	0.950725	0.000000	3.303423	
1.030938	1.349781	2.854204	0.937900	0.000000	3.202372	
1.037125	1.067983	3.307049	0.927775	0.000000	2.968106	
1.045563	1.517462	3.557533	0.919675	0.000000	2.839100	
1.050063	1.798682	4.229649	0.909550	0.000000	2.711433	
1.054000	1.409321	4.521498	0.898750	0.000000	2.420441	
1.061875	1.411223	4.776759	0.889975	0.000000	2.262283	
1.070313	1.911789	5.388996	0.880525	0.000000	1.928061	
1.074813	1.856763	5.778099	0.870400	0.000000	1.743808	
1.079313	1.406506	6.389993	0.864325	0.000000	1.348979	
1.089437	1.685540	6.627403	0.858925	0.000000	1.152247	
1.099000	2.245770	7.355425	0.854200	0.000000	0.937330	
1.103500	2.077786	7.769394	0.850150	0.000000	0.499305	
1.109125	1.573335	8.137508	0.848125	0.000000	0.274544	
1.117563	1.628432	8.655630	0.848125	0.000000	0.000000	
1.122063	1.689326	8.889856	0.848125	0.000000	0.000000	
1.124875	1.294966	9.219563	0.845425	0.000000	0.000000	
1.129938	1.012912	9.291747	0.838675	0.000000	0.000000	
1.135563	1.237572	9.453944	0.833275	0.000000	0.000000	
1.137250	1.124143	9.524691	0.829900	0.000000	0.000000	
1.137812	0.559998	9.546873	0.827200	0.000000	0.000000	
1.140062	0.335410	9.364660	0.825175	0.000000	0.000000	
1.141188	0.392002	9.234550	0.823150	0.000000	0.000000	
1.141750	0.281519	8.978805	0.822475	0.000000	0.000000	
1.141750	0.111137	8.815515	0.822475	0.000000	0.000000	
1.141750	0.000000	8.471591	0.822475	0.000000	0.000000	
1.141750	0.000000	8.279879	0.822475	0.000000	0.000000	
1.141750	0.000000	8.103649	0.822475	0.000000	0.000000	
1.141750	0.000000	7.793767	0.822475	0.000000	0.000000	
1.140625	0.000000	7.648770	0.822475	0.000000	0.000000	
1.138937	0.000000	7.384723	0.822475	0.000000	0.000000	
1.137250	0.000000	7.271556	0.824500	0.198600	0.038792	
1.137250	0.000000	7.158406	0.825175	0.266342	0.079903	
1.136688	0.000000	6.951380	0.825175	0.196761	0.059028	
1.135563	0.000000	6.862744	0.825850	0.067006	0.040425	
1.134438	0.000000	6.690465	0.828550	0.336804	0.080743	
1.134438	0.000000	6.611408	0.828550	0.336804	0.101041	
1.134438	0.000000	6.470809	0.828550	0.135485	0.040645	
1.133875	0.000000	6.403811	0.829225	0.067331	0.000000	
1.133312	0.000000	6.279879	0.829900	0.133936	0.020199	
1.133312	0.000000	6.223037	0.829900	0.133936	0.040181	
1.133312	0.000000	6.172175	0.829900	0.066605	0.040181	
1.133312	0.000000	6.072355	0.829900	0.000000	0.000000	
1.133312	0.000000	6.026620	0.830575	0.067495	0.020249	
1.133312	0.000000	5.946144	0.831250	0.135072	0.020249	
1.132750	0.000000	5.908681	0.831250	0.067577	0.040522	
1.131625	0.000000	5.873485	0.832600	0.203119	0.040679	
1.130500	0.000000	5.811901	0.834625	0.337065	0.101120	
1.128813	0.000000	5.783072	0.836650	0.470855	0.142202	
1.126562	0.000000	5.730148	0.838000	0.471630	0.141489	
1.123188	0.000000	5.707534	0.841375	0.543821	0.142806	
1.119812	0.000000	5.662266	0.846100	0.883013	0.184175	
1.118125	0.000000	5.640733	0.848125	0.941393	0.262428	
1.115312	0.000000	5.620004	0.848800	0.604103	0.221711	
1.110813	0.000000	5.578201	0.854875	0.808034	0.222712	
1.108562	0.000000	5.554297	0.860950	1.282677	0.324396	
1.106875	0.000000	5.500320	0.861625	1.079472	0.323842	
1.102937	0.000000	5.466805	0.862975	0.471422	0.181950	
1.099000	0.000000	5.431769	0.871075	0.946285	0.141356	
1.097312	0.000000	5.355322	0.878500	1.684376	0.505313	
1.095062	0.000000	5.312037	0.877825	1.346910	0.464599	
1.090562	0.000000	5.215013	0.879175	0.535537	0.161338	
1.087188	0.000000	5.160215	0.887950	1.013097	0.161779	
1.086063	0.000000	5.043040	0.896050	1.823556	0.424163	
1.083812	0.000000	4.978058	0.894700	1.421434	0.507070	
1.080438	0.000000	4.910193	0.895375	0.477423	0.324387	
1.077625	0.000000	4.770267	0.902800	0.807699	0.183172	
1.074813	0.000000	4.695063	0.911575	1.683364	0.404523	
1.072562	0.000000	4.540576	0.911575	1.411116	0.423335	
1.070313	0.000000	4.465336	0.911575	0.401906	0.262699	
1.068625	0.000000	4.301349	0.917650	0.604642	0.061161	
1.066937	0.000000	4.218078	0.927775	1.613915	0.423262	
1.064125	0.000000	4.139613	0.927100	1.544626	0.504341	
1.061875	0.000000	3.971802	0.926425	0.674909	0.263675	
1.060187	0.000000	3.887755	0.931825	0.546264	0.082575	
1.058500	0.000000	3.726132	0.941950	1.549054	0.445715	
1.056250	0.000000	3.642997	0.942625	1.621597	0.506810	
1.054000	0.000000	3.477699	0.942625	0.742914	0.424243	
1.051750	0.000000	3.401227	0.946675	0.405791	0.081193	
1.049500	0.000000	3.319665	0.958825	1.622560	0.263941	
1.046687	0.000000	3.158412	0.960850	1.893548	0.568064	
1.044438	0.000000	3.077997	0.958825	1.081184	0.608057	
1.043313	0.000000	2.923251	0.960175	0.199242	0.388451	
1.041062	0.000000	2.844362	0.966925	0.807133	0.276703	
1.038250	0.000000	2.686491	0.977725	1.892131	0.384652	
1.036562	0.000000	2.613044	0.978400	1.760678	0.847899	
1.035437	0.000000	2.535363	0.975700	0.744276	0.975289	
1.033750	0.000000	2.381957	0.975700	0.000000	0.680407	
1.032063	0.000000	2.310921	0.983125	0.738548	0.533309	
1.029812	0.000000	2.160914	0.994600	1.890019	0.815819	
1.027000	0.000000	2.087259	0.995950	1.893004	1.099335	
1.024750	0.000000	1.945677	0.991900	0.879791	1.317338	
1.023062	0.000000	1.873288	0.991225	0.000000	1.153265	
1.020250	0.000000	1.800983	0.998650	0.741972	0.985995	
1.018000	0.000000	1.657516	1.010125	1.891523	1.146633	
1.016312	0.000000	1.590486	1.011475	1.891222	1.439331	
1.013500	0.000000	1.448149	1.007425	0.877273	1.695350	
1.011250	0.000000	1.377264	1.008100	0.069263	1.502112	
1.009000	0.000000	1.239649	1.016875	0.948915	1.360785	
1.007313	0.000000	1.169164	1.026325	1.889993	1.538793	
1.004500	0.000000	1.098347	1.027000	1.686270	1.802133	
1.001688	0.000000	0.961619	1.026325	0.665397	2.047230	
1.000000	0.000000	0.891150	1.027000	0.067413	1.843970	
0.997750	0.000000	0.752052	1.035775	0.941518	1.650069	
0.995500	0.000000	0.686807	1.045225	1.885030	1.779398	
0.993813	0.000000	0.549179	1.044550	1.680264	2.027572	
0.993813	0.000000	0.481337	1.041850	0.474008	2.263088	
0.993813	0.000000	0.414431	1.041850	0.000000	2.064489	
0.993813	0.000000	0.287084	1.046575	0.473382	1.691911	
0.993813	0.000000	0.222917	1.054000	1.216631	1.723210	
0.993813	0.000000	0.101014	1.053325	1.081367	1.912375	
0.994375	0.057173	0.047994	1.051300	0.404919	1.926008	
0.996063	0.226827	0.068048	1.050625	0.000000	1.777449	
0.997750	0.403920	0.104261	1.050625	0.000000	1.443755	
0.999438	0.455880	0.141446	1.050625	0.000000	1.270184	
1.002813	0.625787	0.325447	1.050625	0.000000	0.975514	
1.005625	0.786094	0.460966	1.050625	0.000000	0.859748	
1.007313	0.679361	0.762980	1.049275	0.000000	0.655902	
1.010125	0.621913	0.889309	1.044550	0.000000	0.574023	
1.014063	0.777263	1.159027	1.038475	0.000000	0.503384	
1.016875	0.834432	1.315725	1.034425	0.000000	0.394689	
1.019125	0.735226	1.477197	1.031050	0.000000	0.351433	
1.023625	0.845853	1.789459	1.023625	0.000000	0.278374	
1.027000	0.958439	1.957410	1.016200	0.000000	0.245317	
1.029812	0.961135	2.397185	1.010125	0.000000	0.211141	
1.034312	0.835992	2.604622	1.002700	0.000000	0.127992	
1.039375	1.003944	3.007176	0.995275	0.000000	0.088532	
1.042750	1.124364	3.255652	0.986500	0.000000	0.000000	
1.046125	0.955940	3.478464	0.977050	0.000000	0.000000	
1.050063	0.900962	3.883991	0.968950	0.000000	0.000000	
1.054562	1.071028	4.090806	0.960850	0.000000	0.000000	
1.057938	1.069595	4.536816	0.954775	0.000000	0.000000	
1.060750	0.895751	4.757551	0.947350	0.000000	0.000000	
1.064125	0.837649	5.122404	0.938575	0.000000	0.000000	
1.068063	0.890622	5.298702	0.931150	0.000000	0.000000	
1.073125	1.065998	5.511676	0.924400	0.000000	0.000000	
1.074813	0.956724	5.969116	0.918325	0.000000	0.000000	
1.078187	0.786021	6.137967	0.910900	0.000000	0.000000	
1.083812	0.954986	6.517934	0.904825	0.000000	0.000000	
1.089437	1.349982	6.789664	0.898750	0.000000	0.000000	
1.091688	1.185371	7.079640	0.892675	0.000000	0.000000	
1.095062	0.903398	7.528994	0.887950	0.000000	0.000000	
1.101250	1.073077	7.738236	0.881875	0.000000	0.000000	
1.103500	1.066912	8.165746	0.877150	0.000000	0.000000	
1.105750	0.840311	8.322184	0.871750	0.000000	0.000000	
1.110813	0.844391	8.648773	0.867700	0.000000	0.000000	
1.113625	0.955487	8.801645	0.864325	0.000000	0.000000	
1.114750	0.674129	8.925017	0.858925	0.000000	0.000000	
1.118125	0.565466	9.075942	0.854875	0.000000	0.000000	
1.122063	0.848042	9.187029	0.851500	0.000000	0.000000	
1.122625	0.676619	9.376667	0.848800	0.000000	0.000000	
1.123750	0.332427	9.426750	0.846100	0.000000	0.000000	
1.126562	0.389430	9.440152	0.843400	0.000000	0.000000	
1.129375	0.000000	9.492061	0.842050	0.000000	0.000000	
1.130500	0.561582	9.551622	0.840700	0.000000	0.000000	
1.130500	0.280447	9.620461	0.839350	0.000000	0.000000	
1.131063	0.110758	9.575416	0.838675	0.000000	0.000000	
1.131625	0.112956	9.443886	0.837325	0.000000	0.000000	
1.131625	0.112956	9.378063	0.837325	0.000000	0.000000	
1.131625	0.056064	9.237360	0.837325	0.000000	0.000000	
1.131625	0.000000	9.153767	0.837325	0.000000	0.000000	
1.131625	0.000000	9.083269	0.837325	0.000000	0.000000	
1.131625	0.000000	8.925815	0.837325	0.000000	0.000000	
1.131625	0.000000	8.856722	0.837325	0.000000	0.000000	
1.131625	0.000000	8.717479	0.837325	0.000000	0.000000	
1.130500	0.000000	8.651346	0.837325	0.000000	0.000000	
1.128250	0.000000	8.528358	0.838000	0.067331	0.000000	
1.127125	0.000000	8.466939	0.840025	0.269173	0.080752	
1.126562	0.000000	8.406670	0.841375	0.407165	0.100992	
1.123188	0.000000	8.291697	0.841375	0.273229	0.081969	
1.120937	0.000000	8.232892	0.843400	0.272470	0.081741	
1.120937	0.000000	8.116526	0.847450	0.608331	0.101221	
1.119250	0.000000	8.058746	0.848125	0.609310	0.202838	
1.115875	0.000000	7.945257	0.848800	0.406166	0.162495	
1.113625	0.000000	7.886320	0.852175	0.404283	0.121706	
1.111938	0.000000	7.827577	0.857575	0.944986	0.222603	
1.109125	0.000000	7.712880	0.858925	0.940911	0.302522	
1.105750	0.000000	7.651788	0.859600	0.468806	0.201469	
1.102375	0.000000	7.525592	0.865675	0.674771	0.202431	
1.099000	0.000000	7.465279	0.874450	1.542754	0.423685	
1.096187	0.000000	7.331513	0.874450	1.476217	0.483240	
1.092813	0.000000	7.261565	0.875125	0.603933	0.221281	
1.088875	0.000000	7.189465	0.881200	0.675437	0.121545	
1.085500	0.000000	7.040193	0.891325	1.686023	0.505807	
1.083812	0.000000	6.958314	0.891325	1.688614	0.526965	
1.079313	0.000000	6.790591	0.891325	0.748621	0.425519	
1.074813	0.000000	6.698712	0.896725	0.543121	0.122386	
1.072000	0.000000	6.602002	0.907525	1.621413	0.324687	
1.069750	0.000000	6.398510	0.908200	1.615770	0.504906	
1.066375	0.000000	6.298357	0.907525	0.807631	0.383517	
1.063563	0.000000	6.071382	0.912250	0.469430	0.102165	
1.061313	0.000000	5.951316	0.921700	1.418294	0.324286	
1.059062	0.000000	5.706357	0.923050	1.620836	0.486251	
1.057375	0.000000	5.574057	0.921700	0.809812	0.324029	
1.055688	0.000000	5.298929	0.925750	0.407787	0.121411	
1.054562	0.000000	5.166152	0.935200	1.352538	0.365248	
1.052312	0.000000	5.021744	0.937225	1.486956	0.466278	
1.051188	0.000000	4.727109	0.936550	0.809048	0.262947	
1.050063	0.000000	4.577191	0.939250	0.270532	0.080798	
1.048375	0.000000	4.284697	0.948700	1.215367	0.364610	
1.046687	0.000000	4.132557	0.951400	1.485000	0.445500	
1.045563	0.000000	3.837977	0.950725	0.944373	0.404821	
1.045000	0.000000	3.686471	0.952750	0.270176	0.080896	
1.045000	0.000000	3.535995	0.960850	1.010092	0.162171	
1.044438	0.000000	3.237551	0.966250	1.550475	0.465142	
1.044438	0.000000	3.100048	0.964225	1.145141	0.548434	
1.043875	0.000000	2.814840	0.964225	0.205672	0.622841	
1.043313	0.000000	2.680219	0.965575	0.135679	0.443576	
1.043313	0.000000	2.551748	0.970975	0.672423	0.348073	
1.042750	0.000000	2.320683	0.977725	1.347610	0.558476	
1.042187	0.000000	2.210906	0.977725	1.144492	0.768995	
1.041625	0.000000	2.015975	0.976375	0.404646	0.920552	
1.041625	0.000000	1.924255	0.976375	0.000000	0.824089	
1.041062	0.000000	1.757738	0.979075	0.278921	0.619885	
1.040500	0.000000	1.682463	0.985150	0.886442	0.665369	
1.039375	0.000000	1.551952	0.988525	1.156343	0.807415	
1.038250	0.000000	1.492251	0.988525	0.744725	1.067593	
1.037125	0.000000	1.437601	0.988525	0.067304	1.045803	
1.036562	0.000000	1.345529	0.989200	0.067495	0.836020	
1.035437	0.000000	1.304972	0.995275	0.677576	0.796039	
1.034312	0.000000	1.236085	1.002025	1.353468	1.107054	
1.033188	0.000000	1.208972	1.000675	1.148088	1.293643	
1.031500	0.000000	1.161457	0.999325	0.269983	1.407761	
1.030375	0.000000	1.142386	0.999325	0.000000	1.270339	
1.029250	0.000000	1.126115	1.001350	0.200216	1.132002	
1.028125	0.000000	1.101794	1.007425	0.808136	1.120628	
1.026438	0.000000	1.092371	1.010125	1.081423	1.279683	
1.023625	0.000000	1.079895	1.010125	0.675955	1.489043	
1.020813	0.000000	1.075643	1.010125	0.067797	1.449718	
1.018563	0.000000	1.070245	1.011475	0.134500	1.346916	
1.016312	0.000000	1.068977	1.018900	0.876710	1.347091	
1.013500	0.000000	1.067292	1.022275	1.211547	1.496220	
1.010687	0.000000	1.058792	1.022275	0.874996	1.876326	
1.008438	0.000000	1.051604	1.022275	0.131417	1.880814	
1.006750	0.000000	1.032315	1.022275	0.000000	1.733961	
1.003937	0.000000	1.017371	1.026325	0.402633	1.681106	
1.002250	0.000000	0.976040	1.032400	1.010273	1.756940	
1.000563	0.000000	0.950951	1.033075	1.010846	2.098544	
0.998875	0.000000	0.919676	1.033075	0.406184	2.234146	
0.996625	0.000000	0.844831	1.033075	0.000000	2.173293	
0.995500	0.000000	0.801604	1.033750	0.067250	2.085249	
0.995500	0.000000	0.708308	1.037125	0.407592	2.060644	
0.995500	0.000000	0.654527	1.039825	0.675734	2.164110	
0.995500	0.000000	0.538089	1.039825	0.540715	2.266390	
0.995500	0.000000	0.479759	1.038475	0.067577	2.333986	
0.997187	0.171204	0.416712	1.036450	0.000000	2.279452	
1.001125	0.568697	0.463574	1.035100	0.000000	2.147974	
1.003375	0.792716	0.572860	1.032400	0.000000	2.091508	
1.003375	0.507172	0.807707	1.028350	0.000000	1.988453	
1.005625	0.339768	0.851489	1.024975	0.000000	1.943976	
1.009562	0.620524	0.996163	1.022950	0.000000	1.905507	
1.011250	0.731765	1.111271	1.018225	0.000000	1.831315	
1.011812	0.507476	1.225086	1.014175	0.000000	1.791642	
1.014063	0.340292	1.349163	1.011475	0.000000	1.708834	
1.017437	0.624716	1.403703	1.008100	0.000000	1.661308	
1.019688	0.736517	1.654678	1.004050	0.000000	1.553914	
1.021375	0.562367	1.768652	0.999325	0.000000	1.494129	
1.024750	0.619762	2.005331	0.994600	0.000000	1.432854	
1.028687	0.846075	2.147570	0.991225	0.000000	1.294029	
1.029812	0.735414	2.330141	0.987850	0.000000	1.218004	
1.029812	0.397348	2.588616	0.984475	0.000000	1.060290	
1.030938	0.173375	2.612699	0.983125	0.000000	0.973109	
1.034312	0.454477	2.697863	0.982450	0.000000	0.788526	
1.036562	0.679067	2.822085	0.981100	0.000000	0.698668	
1.036562	0.451061	3.049319	0.979750	0.000000	0.599240	
1.036562	0.053951	3.090134	0.979750	0.000000	0.396831	
1.038250	0.170117	3.075842	0.979750	0.000000	0.300298	
1.039937	0.337694	3.120544	0.979750	0.000000	0.098026	
1.039937	0.282848	3.177980	0.979750	0.000000	0.000572	
1.039937	0.113203	3.221759	0.979750	0.000000	0.000000	
1.040500	0.056544	3.216917	0.979750	0.000000	0.000000	
1.041625	0.167305	3.228472	0.979750	0.000000	0.000000	
1.042187	0.223757	3.257023	0.979750	0.000000	0.000000	
1.042750	0.169013	3.286843	0.979750	0.000000	0.000000	
1.043313	0.166575	3.317626	0.979750	0.000000	0.000000	
1.044438	0.223631	3.359581	0.979750	0.000000	0.000000	
1.044438	0.167522	3.407769	0.979750	0.000000	0.000000	
1.044438	0.057102	3.415812	0.979750	0.000000	0.000000	
1.045000	0.054437	3.421041	0.979075	0.000000	0.000000	
1.045563	0.110501	3.429665	0.977725	0.000000	0.000000	
1.046125	0.112723	3.435457	0.977050	0.000000	0.000000	
1.046687	0.117383	3.465727	0.977050	0.000000	0.000000	
1.046687	0.117383	3.470064	0.976375	0.000000	0.000000	
1.047250	0.116451	3.460339	0.975700	0.000000	0.000000	
1.047250	0.055727	3.450215	0.975025	0.000000	0.000000	
1.047250	0.055727	3.439630	0.974350	0.000000	0.000000	
1.047812	0.056246	3.427179	0.974350	0.000000	0.000000	
1.048375	0.112288	3.415632	0.973675	0.000000	0.000000	
1.048375	0.056042	3.414868	0.973000	0.000000	0.000000	
1.048938	0.112265	3.402570	0.973000	0.000000	0.000000	
1.048938	0.056223	3.400000	0.973000	0.000000	0.000000	
1.048938	0.056223	3.390402	0.973000	0.000000	0.000000	
1.048938	0.000000	3.352331	0.973000	0.000000	0.000000	
1.049500	0.056729	3.326960	0.973000	0.000000	0.000000	
1.049500	0.056729	3.323346	0.973000	0.000000	0.000000	
1.049500	0.056729	3.311770	0.973000	0.000000	0.000000	
1.049500	0.000000	3.305593	0.973000	0.000000	0.000000	
1.049500	0.000000	3.256241	0.973000	0.000000	0.000000	
1.049500	0.000000	3.235620	0.973000	0.000000	0.000000	
1.049500	0.000000	3.193042	0.973000	0.000000	0.000000	
1.059062	1.036439	3.193042	0.975025	0.220025	0.000000	
1.131063	8.053115	3.193042	0.993925	4.044322	0.000000	
1.197438	14.844304	3.193042	1.014175	5.856987	0.000000	
1.253125	17.361912	3.193042	1.031725	5.469329	0.000000	
1.294188	13.993299	3.193042	1.043875	3.784042	0.000000	
1.326813	10.244637	3.193042	1.051975	2.447329	0.000000	
1.343125	6.846476	3.193042	1.054000	1.338525	0.000000	
1.346500	3.652487	3.193042	1.054000	0.460634	0.000000	
1.343688	1.201899	3.193042	1.054000	0.035525	0.000000	
1.339188	0.108255	3.193042	1.054000	0.000000	0.000000	
1.335250	0.000000	3.193042	1.054000	0.000000	0.000000	
1.330750	0.000000	3.193042	1.054000	0.000000	0.000000	
1.325125	0.000000	3.193042	1.054000	0.000000	0.000000	
1.320625	0.000000	3.193042	1.054000	0.000000	0.000000	
1.316687	0.000000	3.193042	1.054000	0.000000	0.000000	
1.315000	0.000000	3.193042	1.054000	0.000000	0.000000	
1.315000	0.000000	3.193042	1.054000	0.000000	0.000000	
1.315000	0.000000	3.193042	1.054000	0.000000	0.000000	
1.315000	0.000000	3.193042	1.054000	0.000000	0.000000	
1.315000	0.000000	3.193042	1.054000	0.000000	0.000000	
1.315000	0.000000	3.193042	1.054000	0.000000	0.000000	
1.315000	0.000000	3.193042	1.054000	0.000000	0.000000	
1.315000	0.000000	3.193042	1.054000	0.000000	0.000000	
1.315000	0.000000	3.193042	1.054000	0.000000	0.000000	
1.315000	0.000000	3.193042	1.054000	0.000000	0.000000	
1.315000	0.000000	3.193042	1.054000	0.000000	0.000000	
1.315000	0.000000	3.193042	1.054000	0.000000	0.000000	
1.315000	0.000000	3.193042	1.054000	0.000000	0.000000	
1.315000	0.000000	3.193042	1.054000	0.000000	0.000000	
1.315000	0.000000	3.193042	1.054000	0.000000	0.000000	
1.315000	0.000000	3.193042	1.054000	0.000000	0.000000	
1.315000	0.000000	3.193042	1.054000	0.000000	0.000000	
1.315000	0.000000	3.193042	1.054000	0.000000	0.000000	
1.315000	0.000000	3.193042	1.054000	0.000000	0.000000	
1.315000	0.000000	3.193042	1.054000	0.000000	0.000000	
