9.689	1.078750	0.000000	2.456958	220	1.005400	0.000000	0.000000	158	
9.701	1.078750	0.000000	2.462831	-17	1.005400	0.000000	0.000000	-19	
9.712	1.078750	0.000000	2.468423	-33	1.005400	0.000000	0.000000	-71	
9.723	1.078750	0.000000	2.474258	-23	1.005400	0.000000	0.000000	5	
9.735	1.078750	0.000000	2.480205	78	1.005400	0.000000	0.000000	25	
9.746	1.078750	0.000000	2.486042	-65	1.005400	0.000000	0.000000	44	
9.758	1.078750	0.000000	2.492227	10	1.005400	0.000000	0.000000	-187	
9.769	1.078750	0.000000	2.498469	-184	1.005400	0.000000	0.000000	114	
9.780	1.078750	0.000000	2.504947	-94	1.005400	0.000000	0.000000	-88	
9.792	1.078750	0.000000	2.517978	-110	1.005400	0.000000	0.000000	-66	
9.803	1.078750	0.000000	2.524753	-10	1.005400	0.000000	0.000000	-1	
9.814	1.078750	0.000000	2.531182	60	1.005400	0.000000	0.000000	130	
9.826	1.078187	0.000000	2.537873	-250	1.005400	0.000000	0.000000	-88	
9.837	1.078187	0.000000	2.544566	151	1.005400	0.000000	0.000000	8	
9.849	1.078187	0.000000	2.551137	-70	1.005400	0.000000	0.000000	100	
9.860	1.078187	0.000000	2.557131	-21	1.005400	0.000000	0.000000	-60	
9.871	1.077625	0.000000	2.563162	3	1.005400	0.000000	0.000000	80	
9.883	1.077625	0.000000	2.568246	-199	1.005400	0.000000	0.000000	-67	
9.894	1.077625	0.000000	2.572191	266	1.005400	0.000000	0.000000	100	
9.905	1.077062	0.000000	2.574915	-103	1.005400	0.000000	0.000000	-99	
9.917	1.077062	0.000000	2.576783	-74	1.005400	0.000000	0.000000	-65	
9.928	1.077062	0.000000	2.577286	316	1.005400	0.000000	0.000000	-8	
9.940	1.077062	0.000000	2.576787	316	1.005400	0.000000	0.000000	-102	
9.951	1.077062	0.000000	2.574683	-67	1.005400	0.000000	0.000000	-61	
9.963	1.077062	0.000000	2.570987	373	1.005400	0.000000	0.000000	-94	
9.974	1.077062	0.000000	2.570987	-153	1.005400	0.000000	0.000000	-94	
9.985	1.077062	0.000000	2.564885	-153	1.005400	0.000000	0.000000	-33	
9.997	1.077062	0.000000	2.559067	-94	1.005400	0.000000	0.000000	21	
10.008	1.077062	0.000000	2.553633	156	1.005400	0.000000	0.000000	40	
10.019	1.077062	0.000000	2.553633	279	1.005400	0.000000	0.000000	40	
10.031	1.077062	0.000000	2.548796	279	1.005400	0.000000	0.000000	72	
10.042	1.077062	0.000000	2.542714	313	1.005400	0.000000	0.000000	-56	
10.053	1.077062	0.000000	2.537361	209	1.005400	0.000000	0.000000	-48	
10.065	1.077062	0.000000	2.532757	212	1.005400	0.000000	0.000000	20	
10.076	1.077062	0.000000	2.532757	53	1.005400	0.000000	0.000000	20	
10.088	1.077062	0.000000	2.527611	53	1.005400	0.000000	0.000000	128	
10.099	1.077062	0.000000	2.522561	81	1.005400	0.000000	0.000000	-181	
10.110	1.077062	0.000000	2.518353	-175	1.005400	0.000000	0.000000	38	
10.122	1.077062	0.000000	2.514403	203	1.005400	0.000000	0.000000	-72	
10.133	1.077062	0.000000	2.510517	-201	1.005400	0.000000	0.000000	-16	
10.145	1.077062	0.000000	2.506132	65	1.005400	0.000000	0.000000	-39	
10.156	1.077062	0.000000	2.497466	91	1.005400	0.000000	0.000000	4	
10.167	1.077062	0.000000	2.493565	-69	1.005400	0.000000	0.000000	73	
10.179	1.077062	0.000000	2.489792	-281	1.005400	0.000000	0.000000	-78	
10.189	1.077062	0.000000	2.489792	-281	1.005400	0.000000	0.000000	-78	
10.198	1.077062	0.000000	2.485153	-99	1.005400	0.000000	0.000000	70	
10.210	1.077062	0.000000	2.480854	49	1.005400	0.000000	0.000000	-27	
10.219	1.077062	0.000000	2.480854	49	1.005400	0.000000	0.000000	-27	
10.232	1.077062	0.000000	2.477115	1	1.005400	0.000000	0.000000	-119	
10.241	1.077062	0.000000	2.473993	-53	1.005400	0.000000	0.000000	-56	
10.253	1.077062	0.000000	2.473993	-22	1.005400	0.000000	0.000000	-56	
10.263	1.077062	0.000000	2.471599	-22	1.005400	0.000000	0.000000	26	
10.275	1.077062	0.000000	2.470060	-57	1.005400	0.000000	0.000000	-17	
10.288	1.077062	0.000000	2.469305	-95	1.005400	0.000000	0.000000	-51	
10.301	1.077062	0.000000	2.469436	88	1.005400	0.000000	0.000000	-123	
10.312	1.077062	0.000000	2.469436	63	1.005400	0.000000	0.000000	-123	
10.323	1.077062	0.000000	2.470603	63	1.005400	0.000000	0.000000	69	
10.335	1.077062	0.000000	2.472795	141	1.005400	0.000000	0.000000	-151	
10.347	1.077062	0.000000	2.475884	-21	1.005400	0.000000	0.000000	-86	
10.359	1.077062	0.000000	2.478918	-103	1.005400	0.000000	0.000000	174	
10.369	1.077062	0.000000	2.482141	-247	1.005400	0.000000	0.000000	62	
10.381	1.077062	0.000000	2.485405	-107	1.005400	0.000000	0.000000	-128	
10.390	1.077062	0.000000	2.485405	188	1.005400	0.000000	0.000000	-128	
10.401	1.078187	0.075779	2.488413	92	1.004725	0.000000	0.000000	19	
10.412	1.084937	0.313867	2.499940	92	1.000000	0.000000	0.000000	54	
10.422	1.092813	0.670842	2.641919	23	0.990550	0.000000	0.000000	-96	
10.432	1.097875	0.745278	3.138739	-105	0.979075	0.000000	0.000000	-215	
10.442	1.101250	0.607557	3.138739	-519	0.970975	0.000000	0.000000	-215	
10.452	1.103500	0.356071	4.057961	-519	0.964900	0.000000	0.000000	-292	
10.467	1.102375	0.081435	4.827271	-132	0.958825	0.000000	0.000000	-153	
10.476	1.101812	0.000000	5.159160	-370	0.955450	0.000000	0.000000	-455	
10.486	1.101250	0.000000	5.147018	-10	0.954775	0.000000	0.000000	-32	
10.498	1.098438	0.000000	5.147018	547	0.954775	0.000000	0.000000	-32	
10.510	1.092813	0.000000	4.912861	151	0.956800	0.055026	0.000000	179	
10.522	1.087188	0.000000	4.740364	151	0.965575	0.345225	0.025218	208	
10.532	1.079313	0.000000	4.587134	-114	0.977050	0.786973	0.172809	-299	
10.548	1.064687	0.000000	4.443141	104	0.989200	0.829742	0.356423	-415	
10.560	1.052312	0.000000	4.443141	41	0.997975	0.741810	0.356423	-415	
10.570	1.041625	0.000000	4.260340	41	1.004050	0.616126	1.952159	-633	
10.580	1.030938	0.000000	4.138260	-12	0.991900	0.021847	2.583955	1476	
10.590	1.021937	0.000000	4.015510	-676	0.983800	0.000000	2.917172	2064	
10.602	1.012375	0.000000	4.015510	-436	0.996625	0.000000	2.917172	2064	
10.614	1.007313	0.000000	3.872431	442	1.012150	1.412641	2.536645	-293	
10.625	1.003937	0.000000	3.751137	442	1.016875	1.399347	2.881996	-10	
10.637	1.001688	0.000000	3.626025	-324	1.011475	0.416083	3.779864	1270	
10.648	1.001688	0.000000	3.504836	-174	1.000675	0.000000	4.900645	-382	
10.660	1.003937	0.026093	3.367038	1071	0.985825	0.000000	5.161845	-179	
10.671	1.014625	0.551133	3.332345	-213	0.975700	0.000000	4.479926	1474	
10.683	1.024750	0.839126	3.499788	434	0.973000	0.000000	3.770386	-147	
10.694	1.038250	1.260427	3.499788	-55	0.960175	0.000000	3.770386	-147	
10.706	1.050063	1.644977	4.363920	-55	0.945325	0.000000	3.162926	-428	
10.717	1.059625	1.716810	5.909422	-21	0.933850	0.000000	2.536709	-618	
10.729	1.069188	1.656437	7.679701	960	0.925075	0.000000	1.975674	-151	
10.738	1.080438	1.355165	9.280693	-301	0.913600	0.000000	1.499894	853	
10.750	1.092250	1.211581	10.697195	-401	0.905500	0.000000	1.042789	-172	
10.761	1.099563	0.793233	11.403648	511	0.904825	0.000000	0.673924	-221	
10.773	1.105188	0.592769	11.691892	-874	0.904825	0.000000	0.318818	984	
10.784	1.106875	0.384551	11.608374	164	0.907525	0.100798	0.006795	-329	
10.796	1.106313	0.131293	11.330841	-125	0.914950	0.348912	0.070880	-90	
10.807	1.099563	0.000000	10.831051	53	0.925075	0.651639	0.165205	-567	
10.819	1.088313	0.000000	10.192620	-321	0.931825	0.741979	0.215770	-324	
10.830	1.077625	0.000000	9.449636	-488	0.942625	0.765239	0.465422	-518	
10.842	1.063563	0.000000	8.801665	-318	0.954775	0.971828	0.962889	-256	
10.853	1.041625	0.000000	8.058127	354	0.966250	1.194741	1.714430	-317	
10.865	1.025875	0.000000	7.319810	-290	0.974350	1.055152	2.575885	-323	
10.876	1.006188	0.000000	6.681734	16	0.980425	0.934239	3.464165	-104	
10.888	0.987625	0.000000	6.031418	241	0.991225	1.062144	4.147158	313	
10.899	0.974125	0.000000	6.031418	-228	1.006075	1.577150	4.147158	313	
10.911	0.961187	0.000000	5.395957	-228	1.018225	1.525665	4.848106	18	
10.922	0.951625	0.000000	4.794250	1606	1.023625	1.042912	5.711602	42	
10.934	0.948812	0.000000	4.243770	-710	1.025650	0.653996	6.391351	1277	
10.945	0.946562	0.000000	3.746281	647	1.029025	0.356716	6.726668	1098	
10.957	0.948250	0.000000	3.276180	-212	1.029025	0.265336	6.184185	386	
10.968	0.956688	0.613925	2.925240	459	1.027000	0.000000	5.234823	-384	
10.980	0.969625	1.001343	2.925240	-122	1.018225	0.000000	5.234823	-384	
10.991	0.983125	1.497652	2.871202	-122	1.007425	0.000000	4.159199	808	
11.002	1.000563	1.708149	3.705155	991	0.995275	0.000000	3.024731	-354	
11.014	1.011812	1.615209	5.025129	-360	0.984475	0.000000	2.179573	-115	
11.026	1.020250	1.078733	6.306522	-284	0.976375	0.000000	1.466066	-252	
11.037	1.039937	1.134135	7.303471	-313	0.968950	0.000000	0.808773	-363	
11.048	1.055125	1.378183	7.864449	48	0.964900	0.000000	0.231793	-437	
11.060	1.063563	1.182112	8.326488	-507	0.964900	0.000000	0.000000	-137	
11.072	1.072562	0.852392	9.443362	-439	0.963550	0.000000	0.000000	-254	
11.083	1.075938	0.552282	9.592791	-299	0.959500	0.000000	0.000000	50	
11.094	1.075938	0.280388	9.440789	291	0.957475	0.000000	0.000000	-503	
11.106	1.072000	0.000000	8.986989	-470	0.958150	0.000000	0.000000	1239	
11.117	1.063000	0.000000	8.327079	121	0.964900	0.235795	0.016873	-478	
11.129	1.053437	0.000000	7.477738	1010	0.977725	0.696867	0.148406	-132	
11.140	1.041062	0.000000	6.737152	-451	0.991900	1.068081	0.269894	-381	
11.151	1.026438	0.000000	6.022120	-130	1.004050	1.147721	0.330970	-549	
11.163	1.012375	0.000000	5.358553	-208	1.023625	1.339019	0.351290	-545	
11.174	0.997750	0.000000	4.764002	-208	1.047925	1.840242	0.415295	-576	
11.186	0.981438	0.000000	4.064647	1257	1.066825	2.252150	1.291156	-495	
11.197	0.965688	0.000000	3.381506	1175	1.066150	1.466637	2.986427	137	
11.209	0.952750	0.000000	2.767043	-262	1.055350	0.000000	4.371108	-461	
11.220	0.945437	0.000000	2.189512	-135	1.051975	0.000000	4.795211	-431	
11.232	0.942062	0.000000	1.596063	-262	1.063450	0.168265	3.764583	376	
11.243	0.942625	0.000000	1.596063	144	1.075600	1.151792	3.764583	376	
11.254	0.949938	0.516436	1.029990	144	1.080325	1.082378	3.425046	-207	
11.266	0.964562	1.045016	0.646094	151	1.071550	0.000000	3.759591	1124	
11.277	0.983125	1.599213	0.750037	952	1.048600	0.000000	3.984078	470	
11.289	0.997750	1.442078	1.688320	841	1.028350	0.000000	3.284481	-474	
11.300	1.011250	1.517845	3.205030	434	1.010800	0.000000	2.449677	251	
11.312	1.019688	1.142930	4.272644	-414	0.991900	0.000000	1.702607	-695	
11.323	1.043313	1.750605	4.272644	1393	0.964225	0.000000	1.702607	-695	
11.335	1.070313	2.062423	5.419207	-404	0.941950	0.000000	0.991275	-567	
11.346	1.081563	2.016217	6.366945	-461	0.932500	0.000000	0.473958	-456	
11.358	1.099000	1.579298	7.653007	-316	0.927775	0.000000	0.044648	-225	
11.369	1.119812	1.490025	9.601682	-560	0.920350	0.000000	0.000000	-645	
11.381	1.131063	1.424650	10.095709	-76	0.905500	0.000000	0.000000	-195	
11.392	1.133312	0.842767	10.514348	-95	0.893350	0.000000	0.000000	-54	
11.403	1.137250	0.364942	10.652027	-586	0.889975	0.000000	0.000000	29	
11.415	1.135563	0.121223	10.223579	-224	0.892000	0.000000	0.000000	-106	
11.427	1.129938	0.000000	9.361174	206	0.896725	0.224821	0.006679	-344	
11.438	1.117563	0.000000	8.443812	140	0.908875	0.629658	0.128266	-105	
11.449	1.101812	0.000000	7.445364	942	0.922375	0.978100	0.229465	825	
11.461	1.084375	0.000000	6.542645	-156	0.938575	1.270583	0.334071	1249	
11.472	1.070875	0.000000	5.724340	-529	0.956800	1.451174	0.394762	-688	
11.484	1.050625	0.000000	5.010681	-257	0.981775	1.767372	0.442296	-457	
11.495	1.031500	0.000000	3.696028	-321	0.995950	1.680832	3.032006	-300	
11.507	1.016312	0.000000	3.696028	471	0.988525	0.633226	3.032006	-300	
11.518	1.001688	0.000000	3.007638	471	0.981775	0.000000	4.364812	-485	
11.530	0.991562	0.000000	2.307619	-452	0.995275	0.254537	4.628652	-148	
11.541	0.988750	0.000000	1.677587	-617	1.015525	1.769182	3.853135	-134	
11.553	0.989875	0.000000	1.153226	-223	1.024975	2.146014	3.942312	-159	
11.565	0.994375	0.312451	0.723046	-629	1.020925	0.831613	5.171693	205	
11.576	1.006750	0.731483	0.723046	647	1.006075	0.000000	5.171693	205	
11.588	1.028125	1.425942	0.548335	647	0.976375	0.000000	5.828765	398	
11.599	1.043875	1.640234	1.180309	84	0.960850	0.000000	4.687243	-104	
11.610	1.060187	2.173784	2.770497	2147	0.946675	0.000000	3.492349	728	
11.622	1.073125	1.840643	4.575072	333	0.921025	0.000000	2.472059	-459	
11.634	1.093938	2.376939	6.806018	-398	0.889975	0.000000	1.565632	-481	
11.645	1.110813	2.440018	8.485249	-705	0.875125	0.000000	0.718931	799	
11.657	1.140625	2.733458	8.485249	1580	0.862975	0.000000	0.718931	799	
11.668	1.164813	2.635128	10.681942	-746	0.852850	0.000000	0.000000	-444	
11.680	1.174937	1.973387	14.219576	-757	0.848800	0.000000	0.000000	1568	
11.691	1.185625	1.126211	15.308735	-517	0.844075	0.000000	0.000000	-398	
11.703	1.192375	0.741280	15.790736	-580	0.835975	0.000000	0.000000	-111	
11.714	1.190125	0.375866	15.398046	-174	0.833950	0.000000	0.000000	-32	
11.726	1.183938	0.000000	14.687986	355	0.836650	0.000000	0.000000	-12	
11.737	1.172688	0.000000	13.785321	-75	0.846100	0.423552	0.055047	-291	
11.749	1.158062	0.000000	12.586836	-506	0.862300	1.048454	0.174702	-76	
11.760	1.137250	0.000000	11.308392	-117	0.880525	1.583676	0.395638	-330	
11.772	1.114750	0.000000	10.031514	-44	0.898075	2.043163	0.564510	-84	
11.783	1.086063	0.000000	9.006463	-125	0.922375	2.391216	0.717365	15	
11.795	1.060187	0.000000	9.006463	464	0.952075	2.849793	0.717365	15	
11.806	1.032625	0.000000	8.039354	464	0.976375	2.805607	3.061182	425	
11.818	0.997750	0.000000	7.098725	-252	0.960175	1.156427	5.544978	-16	
11.829	0.970750	0.000000	6.248508	-603	0.952075	0.000000	7.038113	1809	
11.841	0.948812	0.000000	5.561262	-221	0.994600	1.259704	7.358480	270	
11.852	0.933062	0.000000	4.883569	-514	1.027675	3.508745	7.357399	-274	
11.864	0.916750	0.000000	4.883569	-530	1.032400	2.983781	7.357399	-274	
11.875	0.910000	0.000000	4.245805	-395	1.043200	1.134041	9.050028	52	
11.887	0.906625	0.000000	3.760954	-395	1.060750	1.119164	10.946474	628	
11.898	0.907188	0.000000	3.209925	-411	1.058050	0.813321	11.689944	-164	
11.910	0.917875	0.405617	2.683735	389	1.047250	0.055811	10.950377	758	
11.921	0.937000	1.082629	2.572174	-264	1.036450	0.000000	10.016889	-229	
11.932	0.951625	1.471074	2.897538	-65	1.018225	0.000000	8.577777	-34	
11.944	0.966250	1.368312	3.688707	-169	0.985150	0.000000	7.206149	-402	
11.955	0.985375	1.444103	4.837434	-283	0.958150	0.000000	5.941170	-143	
11.967	1.007313	1.743649	5.904679	-105	0.942625	0.000000	4.826139	496	
11.978	1.034312	2.072453	6.900723	-279	0.920350	0.000000	3.748155	1479	
11.989	1.062438	2.335254	9.515053	-234	0.897400	0.000000	1.902444	-578	
12.001	1.088313	2.529055	9.515053	-283	0.880525	0.000000	1.902444	-578	
12.012	1.112500	2.689586	11.449023	-423	0.871750	0.000000	0.890834	-353	
12.024	1.134438	2.636172	13.385166	-423	0.869050	0.000000	0.048968	-69	
12.035	1.150187	2.197769	15.804742	1235	0.869050	0.000000	0.000000	-570	
12.047	1.157500	1.631781	17.480091	101	0.865675	0.000000	0.000000	-371	
12.058	1.162562	0.927568	17.480091	-258	0.858925	0.000000	0.000000	-371	
12.070	1.163125	0.768116	17.889112	-258	0.854200	0.000000	0.000000	332	
12.081	1.158062	0.000000	17.790836	497	0.857575	0.000000	0.000000	-415	
12.092	1.145125	0.000000	16.665438	-359	0.867700	0.673436	0.106141	-141	
12.104	1.131625	0.000000	16.665438	-477	0.883225	1.450628	0.106141	-141	
12.115	1.115312	0.000000	14.824669	-477	0.898750	1.803091	0.435189	-386	
12.127	1.089437	0.000000	12.512575	-558	0.915625	1.903493	0.551076	-239	
12.138	1.066375	0.000000	10.836337	-567	0.939250	1.939130	0.641295	-68	
12.150	1.042750	0.000000	9.490546	-460	0.970975	3.236853	2.735402	22	
12.161	1.009562	0.000000	8.222777	351	0.973675	2.400720	4.889086	623	
12.172	0.983688	0.000000	7.240822	846	0.952750	0.334829	6.707985	-192	
12.184	0.961750	0.000000	6.372550	-215	0.962200	0.000000	7.167500	-596	
12.195	0.952187	0.000000	5.572564	-378	0.992575	0.922817	6.089031	-229	
12.207	0.953313	0.000000	4.872101	-519	1.000675	1.622815	5.626002	-305	
12.218	0.957812	0.076548	4.196273	-279	0.992575	0.574120	5.763090	528	
12.230	0.973562	0.715739	3.630987	-138	0.983125	0.000000	5.980435	-351	
12.241	0.990438	1.247938	3.322265	38	0.969625	0.000000	5.559259	-573	
12.252	1.005062	1.442977	3.578319	-585	0.955450	0.000000	4.524530	-318	
12.264	1.019125	1.312039	4.319314	-584	0.946000	0.000000	3.625565	-86	
12.275	1.034312	1.283592	6.136338	-488	0.936550	0.000000	1.968727	950	
12.287	1.053437	1.433665	6.923172	-481	0.923725	0.000000	1.245411	-380	
12.298	1.068063	1.433136	7.690752	-192	0.914950	0.000000	0.582241	-104	
12.310	1.082687	1.340484	8.475529	-251	0.913600	0.000000	0.000000	-432	
12.321	1.095062	1.172260	9.142572	-213	0.914275	0.000000	0.000000	-274	
12.333	1.100125	0.883108	9.779816	-514	0.914275	0.000000	0.000000	-278	
12.344	1.101250	0.493879	9.779816	1559	0.913600	0.000000	0.000000	-278	
12.356	1.101250	0.150001	9.970739	1513	0.913600	0.000000	0.000000	63	
12.367	1.094500	0.000000	9.605721	1513	0.915625	0.143622	0.000000	-240	
12.379	1.082125	0.000000	8.701385	-779	0.926425	0.454064	0.095726	-549	
12.390	1.071437	0.000000	7.537233	-133	0.945325	1.385290	0.364175	1432	
12.402	1.052875	0.000000	6.603252	770	0.960175	1.707580	0.467723	-97	
12.414	1.032625	0.000000	5.923616	392	0.974350	1.392487	0.550923	-365	
12.426	1.018563	0.000000	5.266209	-386	0.999325	1.676916	0.782969	-318	
12.438	1.001688	0.000000	4.659158	-456	1.017550	1.859096	2.019000	-307	
12.450	0.988187	0.000000	4.098746	-631	1.010125	1.231574	3.149185	-445	
12.461	0.987625	0.000000	3.581530	600	0.986500	0.000000	4.376165	-523	
12.473	0.989312	0.000000	3.042165	600	0.977050	0.000000	4.818424	-30	
12.484	1.002813	0.698656	2.520650	-232	0.977050	0.000000	3.776247	-257	
12.496	1.021937	1.350812	2.352800	-285	0.974350	0.000000	2.793192	-113	
12.507	1.035437	1.448308	2.908054	-444	0.968275	0.000000	2.040029	296	
12.519	1.042187	1.079508	3.937313	-604	0.958825	0.000000	1.345522	-166	
12.530	1.051750	0.797759	5.013068	-157	0.951400	0.000000	0.731235	-47	
12.542	1.064687	0.890796	5.761426	-132	0.948700	0.000000	0.129194	-468	
12.553	1.074813	0.966004	6.149411	-195	0.948700	0.000000	0.000000	-147	
12.564	1.081000	0.798121	6.823504	-226	0.944650	0.000000	0.000000	-171	
12.576	1.083812	0.465010	7.033101	-177	0.937225	0.000000	0.000000	-51	
12.588	1.083812	0.192812	6.999803	39	0.933850	0.000000	0.000000	-504	
12.600	1.082125	0.000000	6.646953	649	0.935875	0.000000	0.000000	-194	
12.611	1.074813	0.000000	6.067983	289	0.943300	0.328353	0.000000	-54	
12.623	1.068063	0.000000	5.428748	1118	0.954775	0.634421	0.140508	-246	
12.635	1.057938	0.000000	4.762715	-84	0.968275	0.739707	0.209070	726	
12.647	1.046687	0.000000	4.143357	-69	0.982450	1.022356	0.249943	-553	
12.658	1.038250	0.000000	3.034925	-343	0.998650	1.435146	0.430544	-134	
12.670	1.030938	0.000000	2.511012	-153	1.012825	1.538061	0.461418	-80	
12.682	1.027000	0.000000	2.011698	-168	1.020250	1.311312	0.950622	-118	
12.694	1.029812	0.012030	1.557065	-68	1.017550	0.557279	1.758228	-145	
12.706	1.036562	0.461020	1.127301	-346	1.001350	0.000000	1.938698	94	
12.717	1.050625	1.112630	0.917586	-122	0.977050	0.000000	1.623236	-242	
12.729	1.063000	1.106059	1.055355	-472	0.978400	0.000000	0.838059	-139	
12.741	1.072000	0.796021	1.649644	-690	0.986500	0.195768	0.107152	-40	
12.752	1.075938	0.560934	2.381321	141	0.983125	0.489036	0.102996	113	
12.763	1.084937	0.645353	2.978019	-438	0.969625	0.000000	0.000000	-396	
12.775	1.099000	0.854094	3.091006	-187	0.948700	0.000000	0.000000	-356	
12.786	1.108562	0.993569	3.359258	-284	0.937225	0.000000	0.000000	-152	
12.798	1.115312	0.815475	3.749190	-377	0.932500	0.000000	0.000000	1902	
12.809	1.119250	0.534060	4.168738	-252	0.927100	0.000000	0.000000	351	
12.821	1.120375	0.309592	4.361337	-94	0.918325	0.000000	0.000000	-352	
12.833	1.121500	0.153734	4.256862	217	0.913600	0.000000	0.000000	-97	
12.844	1.122625	0.063116	3.980520	450	0.913600	0.000000	0.000000	-30	
12.856	1.122625	0.032788	3.555555	-378	0.915625	0.017003	0.000000	-357	
12.868	1.121500	0.000000	2.965007	133	0.921700	0.132061	0.024042	-157	
12.879	1.119812	0.000000	2.441871	-375	0.929800	0.397475	0.082456	2209	
12.891	1.118125	0.000000	2.033043	104	0.936550	0.721990	0.128992	-499	
12.903	1.114750	0.000000	1.652813	-585	0.940600	0.724599	0.220929	-435	
12.914	1.113625	0.000000	1.040830	-246	0.943975	0.639382	0.191814	-277	
12.926	1.113625	0.000000	0.787389	31	0.948700	0.492667	0.147800	548	
12.938	1.113625	0.000000	0.569629	-556	0.953425	0.675706	0.175719	387	
12.950	1.116438	0.184715	0.411391	42	0.953425	0.469959	0.165872	-402	
12.961	1.122063	0.477715	0.327834	498	0.953425	0.260424	0.096254	-576	
12.973	1.129375	0.544227	0.456251	126	0.952750	0.000000	0.031037	-410	
12.985	1.133312	0.404458	0.798287	-379	0.948700	0.000000	0.000000	-227	
12.996	1.133312	0.163799	1.193571	-537	0.941275	0.000000	0.000000	837	
13.008	1.136125	0.205268	1.529336	-258	0.931825	0.000000	0.000000	-507	
13.019	1.141750	0.290712	1.846037	835	0.925075	0.000000	0.000000	-40	
13.031	1.148500	0.468346	1.957713	-367	0.918325	0.000000	0.000000	-338	
13.042	1.153000	0.487798	2.301144	-145	0.911575	0.000000	0.000000	-167	
13.054	1.154125	0.291193	2.706082	55	0.905500	0.000000	0.000000	-47	
13.065	1.154125	0.131773	3.009807	-161	0.901450	0.000000	0.000000	-397	
13.076	1.154125	0.000000	3.116620	-512	0.899425	0.000000	0.000000	-104	
13.088	1.154125	0.000000	3.077322	-160	0.899425	0.000000	0.000000	-474	
13.100	1.154125	0.000000	2.958076	-180	0.899425	0.000000	0.000000	-111	
13.112	1.153000	0.000000	2.869747	-53	0.899425	0.000000	0.000000	66	
13.123	1.148500	0.000000	2.797911	-209	0.902125	0.121170	0.023160	-385	
13.134	1.144000	0.000000	2.736733	-297	0.908200	0.335393	0.094559	853	
13.146	1.139500	0.000000	2.736733	-532	0.914275	0.440966	0.094559	853	
13.157	1.132187	0.000000	2.690397	232	0.919000	0.535558	0.132290	1433	
13.169	1.127687	0.000000	2.675797	1238	0.924400	0.337462	0.160667	409	
13.180	1.122063	0.000000	2.669174	1238	0.932500	0.716945	0.137699	-212	
13.192	1.114750	0.000000	2.666881	-129	0.939925	0.802425	0.257811	-306	
13.203	1.108562	0.000000	2.662511	-377	0.942625	0.707802	0.258394	440	
13.215	1.104063	0.000000	2.650467	-41	0.946000	0.589965	0.182561	-51	
13.226	1.098438	0.000000	2.631080	2076	0.954775	0.590265	0.177079	-56	
13.237	1.093375	0.000000	2.631080	-18	0.963550	0.967934	0.177079	-56	
13.249	1.090562	0.000000	2.601486	-75	0.965575	0.679679	0.240789	-213	
13.260	1.087188	0.000000	2.532718	-243	0.965575	0.185992	0.047698	-258	
13.272	1.086625	0.000000	2.487221	-653	0.969625	0.169386	0.036936	-176	
13.283	1.086625	0.000000	2.436523	-175	0.973675	0.270865	0.084640	-78	
13.295	1.086625	0.000000	2.380173	-624	0.973675	0.248193	0.071096	333	
13.306	1.088313	0.055644	2.325318	-119	0.973675	0.033820	0.037213	25	
13.317	1.090562	0.140727	2.281752	-606	0.973000	0.000000	0.000000	-248	
13.329	1.091125	0.156000	2.274160	-653	0.972325	0.000000	0.000000	-335	
13.340	1.092250	0.077771	2.343586	-733	0.971650	0.000000	0.000000	994	
13.352	1.092813	0.057100	2.404165	-712	0.970300	0.000000	0.000000	-194	
13.363	1.092813	0.023490	2.388246	-659	0.969625	0.000000	0.000000	-473	
13.375	1.093375	0.009630	2.388246	-659	0.969625	0.000000	0.000000	-473	
13.386	1.093938	0.021325	2.291559	-398	0.968950	0.000000	0.000000	-619	
13.397	1.094500	0.014631	2.171032	-91	0.968950	0.000000	0.000000	1081	
13.409	1.095062	0.000000	2.071527	-550	0.968950	0.000000	0.000000	1164	
13.420	1.095062	0.000000	2.071527	-440	0.968950	0.000000	0.000000	1164	
13.432	1.095625	0.000000	2.003480	-440	0.968950	0.000000	0.000000	-350	
13.443	1.096750	0.044408	1.899664	273	0.968950	0.000000	0.000000	-646	
13.455	1.099000	0.081948	1.848132	418	0.968950	0.000000	0.000000	1511	
13.466	1.099563	0.081560	1.832311	103	0.968275	0.000000	0.000000	-419	
13.478	1.100125	0.039793	1.862389	-119	0.966925	0.000000	0.000000	-633	
13.489	1.101812	0.055133	1.899437	426	0.965575	0.000000	0.000000	1103	
13.501	1.102937	0.081658	1.907104	-535	0.964225	0.000000	0.000000	-420	
13.512	1.104063	0.094225	1.941748	-346	0.962875	0.000000	0.000000	-91	
13.524	1.105750	0.112431	1.993312	569	0.960850	0.000000	0.000000	-583	
13.535	1.106313	0.112375	2.065596	270	0.959500	0.000000	0.000000	-90	
13.546	1.106875	0.074514	2.153234	-617	0.958825	0.000000	0.000000	-605	
13.558	1.107437	0.027858	2.211459	-485	0.957475	0.000000	0.000000	-118	
13.569	1.107437	0.037185	2.239222	1218	0.956125	0.000000	0.000000	-465	
13.581	1.108000	0.029640	2.261609	69	0.955450	0.000000	0.000000	-97	
13.592	1.108000	0.010810	2.242780	-461	0.955450	0.000000	0.000000	-468	
13.604	1.108000	0.000000	2.228604	-581	0.955450	0.011145	0.000000	1232	
13.615	1.108000	0.000000	2.190750	-643	0.955450	0.000000	0.000000	-215	
13.627	1.108000	0.000000	2.190750	-587	0.955450	0.000000	0.000000	-215	
13.639	1.108000	0.000000	2.157890	-587	0.955450	0.000000	0.000000	-510	
13.648	1.108000	0.000000	2.118025	-385	0.955450	0.000000	0.000000	-480	
13.660	1.108000	0.000000	2.088743	-363	0.955450	0.000000	0.000000	171	
13.671	1.108000	0.000000	2.088743	-274	0.955450	0.000000	0.000000	171	
13.682	1.108000	0.000000	2.067121	-274	0.955450	0.000000	0.000000	173	
13.694	1.108000	0.000000	2.051473	-266	0.955450	0.000000	0.000000	-360	
13.705	1.108000	0.000000	2.041651	-383	0.955450	0.000000	0.000000	-383	
13.717	1.109125	0.024796	2.041429	-395	0.955450	0.000000	0.000000	922	
13.728	1.109687	0.079599	2.041429	-497	0.955450	0.000000	0.000000	922	
13.740	1.109687	0.066508	2.068954	-562	0.955450	0.000000	0.000000	-143	
13.751	1.109687	0.054804	2.112024	-256	0.955450	0.000000	0.000000	-311	
13.762	1.109687	0.000000	2.226447	688	0.955450	0.000000	0.000000	-421	
13.774	1.109687	0.000000	2.227590	-426	0.955450	0.000000	0.000000	642	
13.785	1.109687	0.000000	2.231693	-341	0.955450	0.000000	0.000000	-451	
13.797	1.109687	0.000000	2.238457	576	0.955450	0.000000	0.000000	976	
13.808	1.109687	0.000000	2.248319	232	0.955450	0.000000	0.000000	-329	
13.820	1.109687	0.000000	2.260723	-549	0.955450	0.000000	0.000000	675	
13.831	1.109687	0.000000	2.280587	-539	0.955450	0.000000	0.000000	66	
13.842	1.110250	0.012004	2.301237	-260	0.953425	0.000000	0.000000	-441	
13.854	1.118688	0.314157	2.301237	-290	0.946675	0.000000	0.000000	-441	
13.865	1.131625	0.742147	2.426436	-290	0.932500	0.000000	0.000000	433	
13.877	1.138375	0.906758	2.882451	-368	0.919675	0.000000	0.000000	-113	
13.888	1.141188	0.773457	3.746352	1794	0.908875	0.000000	0.000000	-113	
13.900	1.142875	0.366193	4.666294	-341	0.903475	0.000000	0.000000	-524	
13.911	1.142313	0.179372	5.287992	-583	0.898750	0.000000	0.000000	-420	
13.923	1.140625	0.000000	5.431394	-403	0.897400	0.000000	0.000000	-447	
13.934	1.136125	0.000000	5.431394	-462	0.897400	0.000000	0.000000	-447	
13.946	1.131063	0.000000	5.399152	-396	0.900100	0.072460	0.000000	-152	
13.958	1.121500	0.000000	5.212764	-396	0.911575	0.566980	0.045623	1345	
13.969	1.109687	0.000000	5.033519	486	0.925075	0.934604	0.208209	-226	
13.981	1.095062	0.000000	4.893526	-251	0.937225	1.347210	0.364519	-488	
13.992	1.079313	0.000000	4.744479	-172	0.950050	1.278825	0.381953	-273	
14.003	1.064687	0.000000	4.627563	1502	0.967600	1.296009	0.389078	-84	
14.015	1.047812	0.000000	4.506496	-417	0.989200	1.568437	0.818493	-283	
14.026	1.035437	0.000000	4.388111	-437	0.992575	1.204721	1.942670	-134	
14.038	1.026438	0.000000	4.258070	-298	0.973675	0.000000	3.016286	-56	
14.050	1.020250	0.000000	4.122387	-390	0.958825	0.000000	3.419749	-31	
14.061	1.019125	0.000000	3.986983	-390	0.970300	0.000000	3.058295	-24	
14.070	1.020250	0.000000	3.824718	-390	0.979750	0.297848	2.352970	-12	
14.081	1.023625	0.123158	3.655438	385	0.983125	0.847668	1.818185	-99	
14.093	1.027562	0.199483	3.510334	136	0.983125	0.431553	1.199624	-33	
14.104	1.030938	0.281780	3.470747	643	0.983800	0.004440	1.321682	-22	
14.115	1.037125	0.420036	3.470747	1840	0.983125	0.000000	1.321682	-22	
14.127	1.040500	0.475775	3.600253	1840	0.979750	0.000000	0.797882	-42	
14.138	1.042187	0.366582	3.849977	-64	0.982450	0.000000	0.041235	-555	
14.150	1.046125	0.433387	4.119316	-463	0.991900	0.206056	0.000000	505	
14.161	1.047812	0.541481	4.436259	-106	0.995275	0.666971	0.200091	-282	
14.173	1.047812	0.495190	4.754053	-602	0.991225	0.188051	0.117743	2240	
14.184	1.045563	0.000000	4.951084	-627	0.989875	0.000000	0.000000	-654	
14.196	1.042187	0.000000	4.951084	-325	0.991225	0.000000	0.000000	-654	
14.207	1.038250	0.000000	4.912235	-325	0.997975	0.372345	0.000000	-324	
14.219	1.035437	0.000000	4.531843	-554	1.004050	0.500649	0.117190	-64	
14.230	1.030938	0.000000	4.176972	269	1.008775	0.546279	0.181075	-523	
14.241	1.024187	0.000000	3.854047	-140	1.015525	0.451993	0.131731	180	
14.253	1.019125	0.000000	3.634784	1178	1.027000	0.713951	0.175422	-172	
14.264	1.014625	0.000000	3.410545	-338	1.037125	0.876060	0.243707	-109	
14.276	1.007875	0.000000	3.191891	-373	1.042525	0.776784	0.253045	-260	
14.287	1.003375	0.000000	2.978539	-321	1.047925	0.528866	0.192310	-300	
14.299	1.000563	0.000000	2.776327	-57	1.058725	0.607757	0.165485	-131	
14.310	0.997750	0.000000	2.561374	-215	1.066150	0.742512	0.205893	-224	
14.322	0.997750	0.000000	2.347045	-215	1.066150	0.472230	0.216003	-316	
14.333	0.998312	0.000000	2.100630	-409	1.066150	0.146175	0.226094	-427	
14.344	1.003375	0.176470	1.822973	1170	1.064800	0.000000	0.065395	-332	
14.356	1.008438	0.271951	1.645632	-349	1.064800	0.000000	0.000000	1871	
14.367	1.012938	0.394396	1.645632	690	1.062775	0.000000	0.000000	1871	
14.379	1.018563	0.404405	1.651944	1494	1.057375	0.000000	0.000000	-324	
14.390	1.024187	0.573909	1.799935	1494	1.048600	0.000000	0.000000	-586	
14.402	1.028687	0.531914	2.126121	-268	1.041175	0.000000	0.000000	-646	
14.413	1.033750	0.557163	2.578930	1439	1.034425	0.000000	0.000000	-134	
14.424	1.038250	0.752172	2.967075	476	1.026325	0.000000	0.000000	-304	
14.436	1.041062	0.591295	2.967075	1866	1.017550	0.000000	0.000000	-304	
14.447	1.046687	0.625952	3.325663	1866	1.008775	0.000000	0.000000	-496	
14.459	1.049500	0.450918	3.913184	-13	1.004050	0.000000	0.000000	834	
14.470	1.048938	0.221842	4.198361	-427	1.000000	0.000000	0.000000	-413	
14.482	1.049500	0.016221	4.130432	-510	0.995950	0.000000	0.000000	-473	
14.493	1.051750	0.102567	3.912521	-390	0.994600	0.000000	0.000000	-195	
14.505	1.052312	0.131053	3.441735	83	0.994600	0.000000	0.000000	1433	
14.516	1.053437	0.093966	3.076119	-169	0.995275	0.044507	0.000000	-442	
14.527	1.053437	0.056670	2.722508	-449	0.997975	0.123090	0.013352	-123	
14.539	1.053437	0.018750	2.435036	892	1.002700	0.269442	0.047031	-549	
14.550	1.053437	0.000000	2.058449	-472	1.005400	0.304297	0.097771	-567	
14.562	1.054562	0.037631	1.703194	750	1.005400	0.169574	0.094661	1336	
14.573	1.057375	0.141393	1.391997	-380	1.006750	0.091376	0.054356	665	
14.585	1.060750	0.224863	0.974532	-529	1.008100	0.090239	0.027072	-443	
14.596	1.065812	0.337671	0.945537	475	1.008100	0.067750	0.020325	-234	
14.607	1.069750	0.374258	1.030635	1308	1.008100	0.022056	0.003197	87	
14.619	1.073688	0.347457	1.208501	1205	1.003375	0.000000	0.000000	391	
14.630	1.078187	0.356830	1.404890	-211	0.995275	0.000000	0.000000	-502	
14.642	1.082687	0.394480	1.595019	613	0.986500	0.000000	0.000000	531	
14.653	1.088313	0.648755	1.780555	1414	0.979750	0.000000	0.000000	-499	
14.665	1.093938	0.717638	2.109770	-233	0.972325	0.000000	0.000000	919	
14.676	1.099000	0.635723	2.504615	-637	0.964225	0.000000	0.000000	-381	
14.688	1.102937	0.768029	3.238480	-497	0.954775	0.000000	0.000000	1082	
14.699	1.102937	0.499083	3.238480	-380	0.948700	0.000000	0.000000	1082	
14.711	1.102937	0.165208	3.736284	1578	0.943975	0.000000	0.000000	-386	
14.722	1.103500	0.011020	4.034336	1578	0.941275	0.000000	0.000000	-390	
14.731	1.103500	0.011020	4.166446	1331	0.941275	0.000000	0.000000	1105	
14.743	1.102937	0.000000	3.862234	-414	0.941275	0.000000	0.000000	257	
14.755	1.100688	0.000000	3.545678	-598	0.941950	0.085512	0.000000	-162	
14.766	1.097312	0.000000	3.185695	-642	0.946675	0.229129	0.068739	636	
14.778	1.093375	0.000000	3.185695	-677	0.955450	0.607207	0.068739	636	
14.790	1.089437	0.000000	2.895657	-105	0.961525	0.714011	0.182162	-232	
14.801	1.084375	0.000000	2.660093	-258	0.964900	0.643637	0.214203	883	
14.813	1.084375	0.000000	2.460000	-258	0.964900	0.643637	0.193091	-418	
14.824	1.074250	0.000000	2.460000	-258	0.979750	0.656296	0.193091	-418	
14.835	1.072000	0.000000	2.051152	1797	0.985825	1.222367	0.237542	-406	
14.844	1.071437	0.000000	1.875965	17	0.987175	0.883597	0.265079	861	
14.856	1.070875	0.000000	1.716865	224	0.988525	0.708151	0.413334	-594	
14.868	1.070875	0.000000	1.574458	-284	0.989200	0.086017	0.837441	-496	
14.880	1.070875	0.000000	1.427470	-512	0.986500	0.000000	1.061930	527	
14.891	1.073125	0.077068	1.296221	-673	0.977725	0.000000	0.729909	-542	
14.903	1.080438	0.327874	1.225817	940	0.975700	0.000000	0.391557	603	
14.915	1.087750	0.544996	1.302209	-31	0.977050	0.000000	0.071696	-433	
14.927	1.092813	0.527490	1.647531	-531	0.976375	0.002507	0.000000	40	
14.939	1.097312	0.435755	2.101721	-77	0.972325	0.000000	0.000000	-502	
14.950	1.101250	0.368052	2.481371	-892	0.960850	0.000000	0.000000	826	
14.963	1.105188	0.363556	2.796838	480	0.948700	0.000000	0.000000	-375	
14.974	1.110250	0.352597	3.181449	319	0.943300	0.000000	0.000000	-308	
14.986	1.113063	0.361985	3.347382	391	0.941275	0.000000	0.000000	-78	
14.998	1.114187	0.214750	3.561426	-321	0.937225	0.000000	0.000000	-307	
15.010	1.114187	0.046023	3.626544	-592	0.935200	0.000000	0.000000	-115	
15.021	1.114187	0.018880	3.554782	-289	0.935200	0.000000	0.000000	-12	
15.033	1.113063	0.000000	3.384430	602	0.935875	0.007857	0.000000	-450	
15.045	1.108562	0.000000	3.182401	857	0.938575	0.091221	0.014582	-138	
15.055	1.105188	0.000000	2.976600	-374	0.943975	0.291989	0.084056	-345	
15.067	1.102937	0.000000	2.831885	-669	0.949375	0.430097	0.132804	1159	
15.076	1.097875	0.000000	2.686459	-241	0.953425	0.545241	0.163572	-39	
15.088	1.092813	0.000000	2.573573	130	0.958150	0.473065	0.141988	-808	
15.099	1.089437	0.000000	2.460531	-352	0.965575	0.540475	0.155317	47	
15.111	1.085500	0.000000	2.351184	-361	0.971650	0.562364	0.162156	-419	
15.122	1.081563	0.000000	2.243506	-398	0.975700	0.494685	0.151841	-407	
15.133	1.080438	0.000000	2.140678	-202	0.978400	0.326217	0.118001	-439	
15.145	1.078750	0.000000	2.031938	-441	0.983800	0.342617	0.094543	-408	
15.157	1.077625	0.000000	1.922358	-387	0.985825	0.284877	0.125198	879	
15.169	1.077625	0.000000	1.922358	-387	0.985825	0.149355	0.125198	879	
15.182	1.077625	0.000000	1.713784	-348	0.985825	0.058899	0.235262	-640	
15.193	1.079875	0.071366	1.517226	64	0.985150	0.000000	0.232437	-605	
15.205	1.086625	0.296478	1.444159	663	0.982450	0.000000	0.058519	34	
15.216	1.088875	0.356782	1.460109	-642	0.981775	0.000000	0.000000	784	
15.228	1.090000	0.225154	1.657079	-467	0.980425	0.000000	0.000000	161	
15.239	1.094500	0.206643	1.868680	-343	0.973675	0.000000	0.000000	-237	
15.250	1.097312	0.291075	2.029254	693	0.966925	0.000000	0.000000	-213	
15.262	1.100125	0.281795	2.221790	70	0.962200	0.000000	0.000000	-428	
15.273	1.104063	0.282164	2.370735	-124	0.960175	0.000000	0.000000	-155	
15.285	1.106875	0.300582	2.518770	-6	0.956125	0.000000	0.000000	-408	
15.296	1.107437	0.206849	2.669793	-267	0.950725	0.000000	0.000000	-313	
15.307	1.108562	0.093878	2.790915	57	0.948025	0.000000	0.000000	40	
15.319	1.108562	0.056316	2.816255	181	0.948025	0.000000	0.000000	-235	
15.330	1.108562	0.037492	2.755403	962	0.948025	0.000000	0.000000	-245	
15.342	1.108562	0.000000	2.679616	-430	0.948025	0.000000	0.000000	-410	
15.353	1.108562	0.000000	2.598965	-8	0.948025	0.000000	0.000000	-288	
15.364	1.108562	0.000000	2.499652	-460	0.948025	0.000000	0.000000	-210	
15.376	1.106313	0.000000	2.416314	-424	0.950725	0.101119	0.000000	739	
15.387	1.104625	0.000000	2.292545	679	0.953425	0.191820	0.057546	858	
15.399	1.104063	0.000000	2.245146	-270	0.954100	0.180973	0.060991	-66	
15.410	1.102937	0.000000	2.206484	-529	0.954775	0.113947	0.030808	-455	
15.422	1.101812	0.000000	2.176705	2	0.956800	0.079535	0.037408	-184	
15.433	1.101812	0.000000	2.151762	499	0.958825	0.135850	0.050914	-130	
15.444	1.101812	0.000000	2.132651	-349	0.958825	0.113166	0.040755	-313	
15.456	1.101812	0.000000	2.119439	-395	0.958825	0.011577	0.020306	-176	
15.467	1.101812	0.000000	2.110869	422	0.958825	0.000000	0.000000	694	
15.478	1.101812	0.000000	2.107571	84	0.958825	0.000000	0.000000	-218	
15.490	1.101812	0.000000	2.108483	-361	0.958825	0.000000	0.000000	-74	
15.501	1.102375	0.018948	2.113414	602	0.958825	0.000000	0.000000	-308	
15.513	1.103500	0.055995	2.127726	-411	0.958825	0.000000	0.000000	162	
15.524	1.103500	0.055995	2.212529	-377	0.958825	0.000000	0.000000	846	
15.536	1.103500	0.018787	2.283707	356	0.958825	0.000000	0.000000	-263	
15.547	1.103500	0.000000	2.340829	606	0.958825	0.000000	0.000000	718	
15.559	1.103500	0.000000	2.370042	-318	0.958825	0.000000	0.000000	-302	
15.570	1.103500	0.000000	2.380984	-302	0.958825	0.000000	0.000000	69	
15.581	1.102375	0.000000	2.393910	350	0.958825	0.000000	0.000000	-248	
15.593	1.101812	0.000000	2.409384	345	0.958825	0.000000	0.000000	-154	
15.604	1.101250	0.000000	2.425970	-334	0.958825	0.000000	0.000000	-257	
15.616	1.100688	0.000000	2.443621	3	0.958825	0.000000	0.000000	-281	
15.627	1.100125	0.000000	2.461179	-345	0.958825	0.000000	0.000000	25	
15.638	1.099563	0.000000	2.479331	-176	0.958825	0.000000	0.000000	-183	
15.650	1.099563	0.000000	2.497210	349	0.958825	0.000000	0.000000	618	
15.661	1.099000	0.000000	2.531748	-336	0.958825	0.000000	0.000000	472	
15.673	1.099000	0.000000	2.548400	-202	0.958825	0.000000	0.000000	-303	
15.684	1.099000	0.000000	2.564386	174	0.958825	0.000000	0.000000	279	
15.696	1.106875	0.280312	2.607513	-64	0.956125	0.000000	0.000000	-311	
15.707	1.122063	0.796348	2.799302	-422	0.943975	0.000000	0.000000	3	
15.718	1.131063	1.040049	3.304827	-169	0.926425	0.000000	0.000000	-244	
15.730	1.133312	0.693335	4.136591	-429	0.911575	0.000000	0.000000	125	
15.739	1.133875	0.299809	5.067490	-705	0.906175	0.000000	0.000000	-374	
15.750	1.134438	0.093720	5.637418	-644	0.903475	0.000000	0.000000	1733	
15.762	1.134438	0.037479	5.771391	213	0.902125	0.000000	0.000000	-445	
15.773	1.133875	0.000000	5.646121	407	0.902125	0.000000	0.000000	-224	
15.785	1.128813	0.000000	5.496283	-693	0.903475	0.033869	0.000000	-379	
15.796	1.117563	0.000000	5.333097	1122	0.912925	0.382018	0.020032	-143	
15.807	1.106875	0.000000	5.175362	-228	0.927100	0.853750	0.128143	224	
15.819	1.092813	0.000000	4.881678	-663	0.941275	1.183348	0.344860	-622	
15.830	1.077625	0.000000	4.748199	-204	0.952075	1.146317	0.340574	-621	
15.842	1.061875	0.000000	4.614906	-511	0.970300	1.239845	1.095954	-203	
15.853	1.044438	0.000000	4.486339	-167	0.982450	1.285169	2.132063	-305	
15.865	1.025313	0.000000	4.344212	-337	0.977050	0.598069	3.077103	-413	
15.876	1.012938	0.000000	4.192528	-477	0.971650	0.000000	3.491445	-218	
15.888	1.002250	0.000000	4.038386	-147	0.982450	0.056649	3.413521	-275	
15.899	0.997187	0.000000	3.863804	-213	0.998650	0.900265	2.948967	-192	
15.910	0.996063	0.000000	3.677125	-443	1.008100	1.180534	2.803385	-54	
15.922	0.996063	0.000000	3.481617	-3	1.005400	0.516819	3.195616	1364	
15.933	0.996063	0.000000	3.286576	-441	0.997300	0.000000	3.694415	-792	
15.945	1.001125	0.178250	2.896607	-118	0.989200	0.000000	3.176579	2013	
15.956	1.012938	0.581567	2.853929	-575	0.987850	0.000000	2.563573	-378	
15.968	1.021937	0.842179	3.092680	-556	0.987175	0.000000	1.994837	-103	
15.979	1.031500	0.860559	3.626466	-462	0.979750	0.000000	1.462630	-168	
15.990	1.041062	0.813425	4.289221	-448	0.972325	0.000000	0.987705	-455	
16.002	1.048375	0.750023	4.869534	-357	0.968275	0.000000	0.521363	-56	
16.013	1.056813	0.703320	5.353189	-328	0.967600	0.000000	0.088789	-325	
16.025	1.064125	0.675484	5.706969	-290	0.967600	0.000000	0.000000	-87	
16.036	1.065812	0.468724	5.964885	9	0.966250	0.000000	0.000000	-482	
16.047	1.066937	0.206064	6.129493	-268	0.963550	0.000000	0.000000	-152	
16.059	1.066937	0.046664	6.091409	582	0.962875	0.000000	0.000000	378	
16.071	1.064687	0.000000	5.786499	1102	0.963550	0.000000	0.000000	652	
16.082	1.057375	0.000000	4.830231	-415	0.971650	0.314705	0.077653	-171	
16.093	1.053437	0.000000	4.320892	-471	0.983125	0.697404	0.192348	-164	
16.105	1.045563	0.000000	3.847795	-275	0.993250	0.922512	0.273528	1111	
16.116	1.036562	0.000000	3.424956	-5	1.001350	0.855319	0.260070	-687	
16.128	1.030375	0.000000	3.002829	-436	1.014850	0.911881	0.249924	-340	
16.139	1.024187	0.000000	2.601039	-143	1.031050	1.192566	0.323875	-267	
16.151	1.017437	0.000000	2.233160	-478	1.040500	1.180291	1.032737	-445	
16.162	1.014063	0.000000	1.863205	-159	1.032400	0.336661	1.795352	-396	
16.174	1.013500	0.000000	1.504719	-482	1.019575	0.000000	2.211200	-416	
16.185	1.013500	0.000000	1.158915	-99	1.019575	0.000000	2.134239	-274	
16.197	1.018000	0.158788	0.843857	-483	1.027000	0.000808	1.548522	-177	
16.208	1.030375	0.581456	0.415053	219	1.031725	0.451355	0.725522	-454	
16.219	1.045000	1.049876	0.600789	-285	1.029700	0.258723	0.580133	-430	
16.231	1.055688	1.097863	1.193234	-375	1.020250	0.000000	0.429333	-580	
16.242	1.059062	0.749509	2.028329	-431	1.004725	0.000000	0.070344	-437	
16.254	1.063000	0.402803	2.712593	-368	0.991225	0.000000	0.000000	-193	
16.265	1.075375	0.626366	3.059979	-95	0.981775	0.000000	0.000000	-64	
16.277	1.087750	0.973331	3.172697	381	0.969625	0.000000	0.000000	1728	
16.288	1.097312	1.029389	3.454021	454	0.953425	0.000000	0.000000	-211	
16.299	1.102937	0.730061	4.037673	-357	0.939925	0.000000	0.000000	-19	
16.311	1.105188	0.411653	4.609662	-223	0.932500	0.000000	0.000000	-304	
16.322	1.106875	0.234449	4.976713	-181	0.929125	0.000000	0.000000	296	
16.334	1.109125	0.168880	4.841205	-433	0.925750	0.000000	0.000000	-116	
16.345	1.109125	0.112475	4.541772	-503	0.925750	0.000000	0.000000	-371	
16.356	1.108562	0.009127	4.222484	-333	0.926425	0.000000	0.000000	-108	
16.368	1.102937	0.000000	3.884256	216	0.933175	0.258813	0.057316	30	
16.379	1.096187	0.000000	3.517498	1443	0.943975	0.629435	0.145153	-553	
16.391	1.091688	0.000000	3.175310	-530	0.952075	0.787010	0.225906	160	
16.402	1.084375	0.000000	2.871063	-138	0.958825	0.719620	0.229518	-545	
16.414	1.077625	0.000000	2.606394	-68	0.970300	0.799180	0.205955	-482	
16.425	1.072562	0.000000	2.346408	-262	0.983800	1.002169	0.260126	-337	
16.437	1.067500	0.000000	2.099608	-365	0.990550	0.944966	0.297224	-169	
16.448	1.061875	0.000000	1.860821	-114	0.994600	0.585069	0.270337	-495	
16.459	1.060187	0.000000	1.411351	-475	1.002700	0.550793	0.165238	-286	
16.471	1.060187	0.000000	1.187674	-185	1.011475	0.664050	0.192531	433	
16.482	1.060187	0.000000	0.977239	-452	1.012825	0.506842	0.165664	-117	
16.494	1.061875	0.065437	0.768816	-185	1.012825	0.191079	0.158185	-131	
16.505	1.066937	0.233745	0.579924	-490	1.012825	0.000000	0.014717	-485	
16.517	1.074250	0.450251	0.507247	-496	1.012150	0.000000	0.000000	-251	
16.528	1.082125	0.647427	0.635140	353	1.007425	0.000000	0.000000	668	
16.540	1.086625	0.538759	0.986765	357	0.995950	0.000000	0.000000	-340	
16.551	1.089437	0.397990	1.448595	-588	0.983800	0.000000	0.000000	-510	
16.563	1.094500	0.344835	1.771801	-105	0.972325	0.000000	0.000000	-265	
16.574	1.104063	0.580527	1.941458	675	0.964225	0.000000	0.000000	-459	
16.586	1.114187	0.768530	2.321348	292	0.952750	0.000000	0.000000	-454	
16.597	1.120375	0.743427	2.750261	-235	0.941950	0.000000	0.000000	-285	
16.609	1.123188	0.480755	3.227616	-31	0.931825	0.000000	0.000000	-332	
16.620	1.126000	0.302796	3.492035	29	0.925750	0.000000	0.000000	-348	
16.632	1.129375	0.262305	3.519365	-317	0.919675	0.000000	0.000000	-441	
16.643	1.133312	0.308966	3.432016	-677	0.916300	0.000000	0.000000	-411	
16.655	1.133875	0.215270	3.289261	-826	0.915625	0.000000	0.000000	-122	
16.666	1.133875	0.065839	3.174311	-409	0.915625	0.000000	0.000000	-355	
16.677	1.133875	0.000000	3.030187	-110	0.915625	0.000000	0.000000	-385	
16.689	1.132750	0.000000	2.752869	960	0.919000	0.123440	0.010130	-72	
16.700	1.129938	0.000000	2.444369	-255	0.925075	0.325140	0.040355	-102	
16.712	1.129375	0.000000	2.139135	-410	0.929800	0.448759	0.104275	765	
16.723	1.127687	0.000000	1.645754	922	0.931150	0.329616	0.105642	-527	
16.734	1.126562	0.000000	1.438819	-398	0.935200	0.285411	0.070321	-697	
16.746	1.126000	0.000000	1.259280	-601	0.941275	0.374760	0.095446	1476	
16.757	1.126000	0.000000	1.105343	-137	0.941950	0.340166	0.098734	-435	
16.769	1.126000	0.000000	0.981315	52	0.941950	0.123427	0.063993	-686	
16.780	1.127687	0.065139	0.872128	-222	0.941950	0.000000	0.010075	-555	
16.792	1.131625	0.186744	0.820133	-599	0.941950	0.000000	0.000000	31	
16.803	1.136125	0.346591	0.851964	295	0.941275	0.000000	0.000000	-598	
16.814	1.137812	0.300146	1.008484	487	0.937900	0.000000	0.000000	-191	
16.826	1.139500	0.197218	1.306584	236	0.932500	0.000000	0.000000	-585	
16.837	1.141750	0.168946	1.586123	159	0.925750	0.000000	0.000000	-258	
16.848	1.144562	0.206310	1.772552	476	0.921025	0.000000	0.000000	-296	
16.860	1.147938	0.243128	2.078943	977	0.916975	0.000000	0.000000	-98	
16.871	1.149625	0.224371	2.274231	-156	0.912925	0.000000	0.000000	-460	
16.883	1.149625	0.112208	2.445362	76	0.910225	0.000000	0.000000	-198	
16.894	1.149625	0.037458	2.560033	-272	0.908875	0.000000	0.000000	-35	
16.906	1.149625	0.000000	2.588993	-39	0.908875	0.000000	0.000000	-243	
16.917	1.149625	0.000000	2.560313	991	0.908875	0.000000	0.000000	-154	
16.928	1.149063	0.000000	2.510203	-467	0.908875	0.000000	0.000000	-91	
16.940	1.145687	0.000000	2.471442	-563	0.910225	0.056278	0.000000	-83	
16.951	1.142875	0.000000	2.441865	825	0.914275	0.191341	0.020245	-356	
16.963	1.140062	0.000000	2.421120	-641	0.917650	0.292808	0.064157	106	
16.974	1.135563	0.000000	2.405877	-699	0.919675	0.258980	0.094529	-357	
16.985	1.132750	0.000000	2.391834	159	0.923050	0.247531	0.074259	-712	
16.997	1.130500	0.000000	2.386477	-514	0.929800	0.359976	0.104652	1592	
17.008	1.126000	0.000000	2.380431	-207	0.932500	0.405090	0.121506	-560	
17.020	1.122063	0.000000	2.372028	-405	0.933850	0.258449	0.090986	-608	
17.031	1.120937	0.000000	2.359493	-146	0.937900	0.224257	0.057258	-572	
17.043	1.118125	0.000000	2.340943	-462	0.942625	0.315314	0.084408	-218	
17.054	1.115312	0.000000	2.316222	-457	0.943300	0.259018	0.091201	-649	
17.066	1.114750	0.000000	2.286450	-401	0.943975	0.123842	0.064211	-488	
17.077	1.114187	0.000000	2.248072	-410	0.946000	0.089648	0.023512	-281	
17.089	1.113063	0.000000	2.203400	-14	0.948700	0.179676	0.033679	-348	
17.100	1.113063	0.000000	2.151745	708	0.949375	0.145873	0.060633	-508	
17.111	1.113063	0.000000	2.096407	569	0.949375	0.067639	0.043762	-249	
17.124	1.113063	0.000000	1.965149	-516	0.949375	0.000000	0.000000	-609	
17.135	1.114187	0.037581	1.910207	-191	0.949375	0.000000	0.000000	-245	
17.146	1.115875	0.093795	1.875982	-166	0.949375	0.000000	0.000000	800	
17.158	1.116438	0.111288	1.885167	712	0.949375	0.000000	0.000000	-341	
17.169	1.117563	0.092149	1.938376	-352	0.948700	0.000000	0.000000	634	
17.181	1.118688	0.074898	1.991981	-193	0.947350	0.000000	0.000000	-351	
17.192	1.118688	0.056075	2.040241	348	0.946675	0.000000	0.000000	-75	
17.204	1.119812	0.055262	2.067596	255	0.946000	0.000000	0.000000	-310	
17.215	1.120375	0.054901	2.089900	-44	0.945325	0.000000	0.000000	-69	
17.226	1.120375	0.037059	2.098942	453	0.944650	0.000000	0.000000	-303	
17.238	1.120375	0.018501	2.093017	78	0.944650	0.000000	0.000000	-502	
17.249	1.120375	0.000000	2.104561	55	0.944650	0.000000	0.000000	-482	
17.260	1.120375	0.000000	2.077676	-33	0.944650	0.000000	0.000000	-198	
17.272	1.120375	0.000000	2.060699	37	0.944650	0.000000	0.000000	-582	
17.283	1.120375	0.000000	2.051094	-86	0.944650	0.000000	0.000000	234	
17.295	1.120375	0.000000	2.049302	-182	0.944650	0.000000	0.000000	-603	
17.306	1.120375	0.000000	2.054649	396	0.944650	0.000000	0.000000	872	
17.317	1.120375	0.000000	2.065727	58	0.944650	0.000000	0.000000	-612	
17.329	1.120375	0.000000	2.082878	-109	0.944650	0.000000	0.000000	1231	
17.340	1.120375	0.000000	2.104985	-115	0.944650	0.000000	0.000000	-553	
17.351	1.120375	0.000000	2.130256	-55	0.944650	0.000000	0.000000	955	
17.363	1.120375	0.000000	2.160726	-172	0.944650	0.000000	0.000000	-531	
17.374	1.120375	0.000000	2.194683	203	0.944650	0.000000	0.000000	1003	
17.386	1.120375	0.000000	2.269918	49	0.944650	0.000000	0.000000	886	
17.397	1.120375	0.000000	2.311965	-116	0.944650	0.000000	0.000000	-467	
17.408	1.120375	0.000000	2.355752	-57	0.944650	0.000000	0.000000	512	
17.420	1.120375	0.000000	2.398816	12	0.944650	0.000000	0.000000	-335	
17.431	1.119250	0.000000	2.445230	267	0.944650	0.000000	0.000000	314	
17.443	1.118125	0.000000	2.492541	-340	0.944650	0.000000	0.000000	-309	
17.454	1.117563	0.000000	2.540291	-46	0.944650	0.000000	0.000000	51	
17.465	1.116438	0.000000	2.585899	12	0.944650	0.000000	0.000000	-250	
17.477	1.114750	0.000000	2.633565	-251	0.944650	0.000000	0.000000	-95	
17.488	1.114187	0.000000	2.680243	172	0.944650	0.000000	0.000000	-273	
17.499	1.113063	0.000000	2.724056	40	0.945325	0.022617	0.000000	-233	
17.511	1.111375	0.000000	2.769225	-553	0.946675	0.069373	0.006785	-28	
17.522	1.109687	0.000000	2.854906	-290	0.947350	0.092165	0.027650	133	
17.534	1.109125	0.000000	2.893557	117	0.947350	0.045830	0.010370	-590	
17.545	1.106313	0.000000	2.932631	-267	0.949375	0.068316	0.020720	520	
17.557	1.104625	0.000000	2.969264	-507	0.951400	0.146055	0.033824	-429	
17.568	1.102937	0.000000	3.001848	55	0.952075	0.134217	0.030222	477	
17.579	1.100688	0.000000	3.033944	-203	0.953425	0.112529	0.033492	-353	
17.591	1.098438	0.000000	3.061743	-449	0.956800	0.192886	0.040660	-89	
17.602	1.095625	0.000000	3.085737	-198	0.958825	0.193284	0.061262	-219	
17.614	1.093375	0.000000	3.106529	38	0.960850	0.192564	0.068166	-472	
17.625	1.090000	0.000000	3.122598	-330	0.963550	0.213431	0.057484	171	
17.637	1.087750	0.000000	3.135613	-219	0.966250	0.223950	0.050451	930	
17.648	1.084937	0.000000	3.144907	-546	0.970300	0.292140	0.067280	-253	
17.659	1.082125	0.000000	3.150023	-558	0.973000	0.302912	0.077388	-270	
17.671	1.079313	0.000000	3.146017	-315	0.975700	0.246850	0.070626	216	
17.682	1.076500	0.000000	3.134501	-490	0.979075	0.236797	0.084232	526	
17.694	1.074250	0.000000	3.116800	-37	0.983125	0.326553	0.087890	-494	
17.705	1.072000	0.000000	3.089956	-419	0.985150	0.292458	0.094413	-231	
17.717	1.069188	0.000000	3.055117	374	0.986500	0.202424	0.063966	-404	
17.728	1.066937	0.000000	3.014434	-370	0.990550	0.237545	0.143578	854	
17.739	1.066375	0.000000	2.961600	-131	0.991900	0.193969	0.250761	44	
17.751	1.065250	0.000000	2.902183	-360	0.991900	0.136161	0.372792	-592	
17.762	1.064687	0.000000	2.838565	290	0.991900	0.022514	0.459459	-548	
17.774	1.064125	0.000000	2.773199	-290	0.991900	0.000000	0.467701	324	
17.785	1.064125	0.000000	2.700149	110	0.991900	0.000000	0.390590	-13	
17.797	1.064125	0.000000	2.551813	-172	0.991900	0.000000	0.240761	-98	
17.808	1.066375	0.085973	2.483580	-146	0.991900	0.000000	0.181411	-602	
17.819	1.068625	0.151237	2.467562	27	0.991900	0.000000	0.130967	960	
17.831	1.070313	0.197468	2.511712	263	0.991900	0.000000	0.086297	-535	
17.842	1.070875	0.131884	2.584162	-227	0.991900	0.000000	0.048277	569	
17.854	1.072562	0.113799	2.664547	61	0.991225	0.000000	0.012563	-345	
17.865	1.073688	0.113152	2.705899	605	0.989200	0.000000	0.000000	-448	
17.876	1.074250	0.103923	2.706166	448	0.988525	0.000000	0.000000	212	
17.888	1.075375	0.074633	2.719794	-177	0.988525	0.000000	0.000000	-617	
17.899	1.075938	0.075349	2.730777	594	0.987850	0.000000	0.000000	415	
17.911	1.075938	0.056322	2.720947	-173	0.987850	0.000000	0.000000	-576	
17.922	1.075938	0.019736	2.686728	-30	0.987850	0.000000	0.000000	-223	
17.934	1.075938	0.000000	2.642074	485	0.987850	0.000000	0.000000	-176	
17.945	1.075938	0.000000	2.572428	-191	0.987850	0.000000	0.000000	166	
17.957	1.075375	0.000000	2.511029	-211	0.987850	0.000000	0.000000	-602	
17.968	1.073688	0.000000	2.459464	269	0.988525	0.033734	0.000000	725	
17.979	1.072562	0.000000	2.411553	-96	0.990550	0.101110	0.013489	-480	
17.991	1.072000	0.000000	2.368878	-183	0.992575	0.157028	0.043789	592	
18.002	1.070875	0.000000	2.332628	75	0.992575	0.134550	0.047108	-270	
18.013	1.069750	0.000000	2.298120	-37	0.993250	0.066900	0.023540	-435	
18.025	1.069750	0.000000	2.266501	-198	0.994600	0.067146	0.020084	222	
18.036	1.069750	0.000000	2.237768	-44	0.994600	0.067146	0.026514	-286	
18.048	1.072000	0.084417	2.213162	-352	0.994600	0.022530	0.020144	210	
18.059	1.075375	0.187537	2.251854	137	0.993925	0.000000	0.000000	-489	
18.070	1.075375	0.159409	2.366662	236	0.991900	0.000000	0.000000	792	
18.082	1.075375	0.046847	2.524213	188	0.991225	0.000000	0.000000	-443	
18.093	1.075375	0.000000	2.625163	381	0.991225	0.000000	0.000000	295	
18.104	1.075375	0.000000	2.625962	-327	0.991225	0.000000	0.000000	-393	
18.116	1.075375	0.000000	2.589236	185	0.990550	0.000000	0.000000	571	
18.127	1.075375	0.000000	2.556967	-287	0.990550	0.000000	0.000000	189	
18.139	1.075375	0.000000	2.530453	420	0.989875	0.000000	0.000000	-461	
18.150	1.077062	0.065402	2.509758	103	0.989200	0.000000	0.000000	179	
18.162	1.078187	0.102997	2.511974	320	0.987850	0.000000	0.000000	-497	
18.173	1.078187	0.074947	2.542729	179	0.985825	0.000000	0.000000	725	
18.184	1.079313	0.046366	2.609415	-2	0.983125	0.000000	0.000000	-361	
18.196	1.079875	0.055661	2.749584	-135	0.981775	0.000000	0.000000	-359	
18.207	1.081000	0.084711	2.815673	118	0.981775	0.000000	0.000000	-30	
18.219	1.102375	0.884977	2.815673	118	0.984475	0.103569	0.000000	-30	
18.230	1.163687	3.085515	2.815673	118	0.997975	0.561804	0.000000	-30	
18.241	1.224437	5.169550	2.815673	118	1.013500	1.135338	0.000000	-30	
18.252	1.272812	5.335227	2.815673	118	1.024975	1.250706	0.000000	-30	
18.264	1.315562	4.627950	2.815673	118	1.033750	1.073727	0.000000	-30	
18.275	1.352125	3.765145	2.815673	118	1.037800	0.599790	0.000000	-30	
18.286	1.374625	2.914112	2.815673	118	1.038475	0.218772	0.000000	-30	
18.297	1.386438	1.926311	2.815673	118	1.038475	0.059564	0.000000	-30	
18.308	1.388125	0.983989	2.815673	118	1.038475	0.000000	0.000000	-30	
18.319	1.386438	0.213629	2.815673	118	1.038475	0.000000	0.000000	-30	
18.331	1.384750	0.000000	2.815673	118	1.038475	0.000000	0.000000	-30	
18.342	1.383062	0.000000	2.815673	118	1.038475	0.000000	0.000000	-30	
18.353	1.381938	0.000000	2.815673	118	1.038475	0.000000	0.000000	-30	
18.364	1.381938	0.000000	2.815673	118	1.038475	0.000000	0.000000	-30	
18.375	1.381938	0.000000	2.815673	118	1.038475	0.000000	0.000000	-30	
18.387	1.381938	0.000000	2.815673	118	1.038475	0.000000	0.000000	-30	
18.398	1.381938	0.000000	2.815673	118	1.038475	0.000000	0.000000	-30	
18.409	1.381938	0.000000	2.815673	118	1.038475	0.000000	0.000000	-30	
18.420	1.381938	0.000000	2.815673	118	1.038475	0.000000	0.000000	-30	
18.431	1.381938	0.000000	2.815673	118	1.038475	0.000000	0.000000	-30	
18.443	1.381938	0.000000	2.815673	118	1.038475	0.000000	0.000000	-30	
18.454	1.381938	0.000000	2.815673	118	1.038475	0.000000	0.000000	-30	
18.465	1.381938	0.000000	2.815673	118	1.038475	0.000000	0.000000	-30	
18.476	1.381938	0.000000	2.815673	118	1.038475	0.000000	0.000000	-30	
18.487	1.381938	0.000000	2.815673	118	1.038475	0.000000	0.000000	-30	
18.498	1.381938	0.000000	2.815673	118	1.038475	0.000000	0.000000	-30	
18.510	1.381938	0.000000	2.815673	118	1.038475	0.000000	0.000000	-30	
18.521	1.381938	0.000000	2.815673	118	1.038475	0.000000	0.000000	-30	
18.532	1.381938	0.000000	2.815673	118	1.038475	0.000000	0.000000	-30	
18.543	1.381938	0.000000	2.815673	118	1.038475	0.000000	0.000000	-30	
18.554	1.381938	0.000000	2.815673	118	1.038475	0.000000	0.000000	-30	
18.565	1.381938	0.000000	2.815673	118	1.038475	0.000000	0.000000	-30	
18.577	1.381938	0.000000	2.815673	118	1.038475	0.000000	0.000000	-30	
18.588	1.381938	0.000000	2.815673	118	1.038475	0.000000	0.000000	-30	
18.599	1.381938	0.000000	2.815673	118	1.038475	0.000000	0.000000	-30	
18.610	1.381938	0.000000	2.815673	118	1.038475	0.000000	0.000000	-30	
18.621	1.381938	0.000000	2.815673	118	1.038475	0.000000	0.000000	-30	
18.632	1.381938	0.000000	2.815673	118	1.038475	0.000000	0.000000	-30	
18.644	1.381938	0.000000	2.815673	118	1.038475	0.000000	0.000000	-30	
18.655	1.382500	0.026802	2.815673	118	1.038475	0.000000	0.000000	-30	
