13.816	-933.750000	0.000000	0.000000	-1890.000000	0.000000	0.000000	
13.828	-933.750000	0.000000	0.000000	-1890.000000	0.000000	0.000000	
13.839	-933.750000	0.000000	0.000000	-1890.000000	0.000000	0.000000	
13.851	-933.750000	0.000000	0.000000	-1890.000000	0.000000	0.000000	
13.863	-933.750000	0.000000	0.000000	-1890.000000	0.000000	0.000000	
13.874	-933.750000	0.000000	0.000000	-1890.000000	0.000000	0.000000	
13.886	-933.750000	0.000000	0.000000	-1890.000000	0.000000	0.000000	
13.897	-933.750000	0.000000	0.000000	-1890.000000	0.000000	0.000000	
13.909	-933.750000	0.000000	0.000000	-1890.000000	0.000000	0.000000	
13.920	-933.750000	0.000000	0.000000	-1890.000000	0.000000	0.000000	
13.932	-933.750000	0.000000	0.000000	-1890.000000	0.000000	0.000000	
13.944	-933.750000	0.000000	0.000000	-1893.750000	0.000000	0.000000	
13.955	-933.750000	0.000000	0.000000	-1893.750000	0.000000	0.000000	
13.967	-933.750000	0.000000	0.000000	-1897.500000	0.000000	0.000000	
13.978	-926.250000	0.000000	0.000000	-1897.500000	0.000000	0.000000	
13.990	-926.250000	0.000000	0.000000	-1901.250000	0.000000	0.000000	
14.002	-922.500000	0.000000	0.000000	-1905.000000	0.000000	0.000000	
14.013	-911.250000	0.000000	0.000000	-1916.250000	0.000000	0.000000	
14.025	-903.750000	0.000000	0.000000	-1923.750000	0.000000	0.000000	
14.036	-888.750000	0.000000	0.000000	-1938.750000	0.000000	0.000000	
14.048	-870.000000	0.000000	0.000000	-1957.500000	0.000000	0.000000	
14.060	-843.750000	0.842999	0.000000	-1983.750000	0.000000	0.000000	
14.071	-825.000000	0.000000	0.000000	-2006.250000	0.000000	0.000000	
14.083	-791.250000	0.554368	0.000000	-2036.250000	0.000000	0.000000	
14.094	-746.250000	0.562569	0.000000	-2073.750000	0.000000	0.000000	
14.106	-716.250000	0.850402	0.326580	-2111.250000	0.000000	0.000000	
14.117	-667.500000	1.408134	0.555800	-2160.000000	0.000000	0.000000	
14.129	-618.750000	0.281057	0.990815	-2197.500000	0.000000	0.000000	
14.141	-573.750000	0.563711	1.084618	-2246.250000	0.000000	0.000000	
14.152	-525.000000	0.561772	1.519763	-2295.000000	0.000000	0.000000	
14.164	-468.750000	0.279023	1.738290	-2336.250000	0.000000	0.000000	
14.175	-412.500000	0.563711	1.922152	-2392.500000	0.000000	0.000000	
14.187	-360.000000	1.405568	2.056221	-2441.250000	0.000000	0.000000	
14.199	-296.250000	0.559733	2.263041	-2493.750000	0.000000	0.000000	
14.211	-243.750000	0.561999	2.577682	-2542.500000	0.000000	0.000000	
14.222	-183.750000	1.406422	3.278672	-2595.000000	0.000000	0.000000	
14.234	-131.250000	1.404999	3.908938	-2636.250000	0.000000	0.000000	
14.246	-82.500000	0.562113	3.992674	-2688.750000	0.000000	0.000000	
14.257	-41.250000	0.562113	4.218132	-2737.500000	0.000000	0.000000	
14.269	11.250000	0.553153	4.621059	-2775.000000	0.000000	0.000000	
14.280	60.000000	0.562569	4.806758	-2823.750000	0.000000	0.000000	
14.292	105.000000	0.562341	5.618231	-2861.250000	0.000000	0.000000	
14.303	142.500000	0.845567	5.816506	-2898.750000	0.000000	0.000000	
14.315	176.250000	0.565548	6.213826	-2932.500000	0.000000	0.000000	
14.327	213.750000	0.856523	6.348598	-2962.500000	0.000000	0.000000	
14.338	243.750000	0.000000	6.119122	-2988.750000	0.000000	0.000000	
14.350	266.250000	0.000000	6.121678	-3011.250000	0.335029	0.000000	
14.361	292.500000	0.000000	6.435866	-3037.500000	0.000000	0.000000	
14.373	311.250000	0.000000	6.758598	-3056.250000	0.000000	0.000000	
14.385	326.250000	0.000000	6.666114	-3063.750000	0.000000	0.000000	
14.396	341.250000	0.000000	7.007885	-3082.500000	0.337473	0.000000	
14.406	345.000000	0.000000	6.930812	-3090.000000	0.336315	0.000000	
14.417	352.500000	0.000000	6.861652	-3090.000000	0.000000	0.000000	
14.429	360.000000	0.000000	6.853040	-3101.250000	0.000000	0.000000	
14.441	360.000000	0.000000	7.206803	-3108.750000	0.000000	0.000000	
14.452	360.000000	0.000000	7.103559	-3108.750000	0.000000	0.000000	
14.464	360.000000	0.000000	7.061489	-3108.750000	0.000000	0.000000	
14.475	360.000000	0.000000	6.995385	-3108.750000	0.000000	0.000000	
14.487	360.000000	0.000000	6.967153	-3105.000000	1.033781	0.000000	
14.499	356.250000	0.000000	6.919321	-3093.750000	1.031009	0.000000	
14.511	333.750000	0.285097	6.898692	-3071.250000	1.026350	0.000000	
14.522	307.500000	0.280659	6.861579	-3052.500000	0.000000	0.000000	
14.534	281.250000	0.279247	6.843154	-3026.250000	1.005291	0.000000	
14.545	243.750000	0.000000	6.855966	-2988.750000	0.676042	0.000000	
14.557	198.750000	0.000000	6.934543	-2943.750000	0.337063	0.000000	
14.569	138.750000	0.000000	6.898404	-2891.250000	1.686340	0.000000	
14.580	82.500000	0.000000	6.813842	-2838.750000	0.339122	0.000000	
14.592	30.000000	0.000000	6.765313	-2786.250000	0.339398	0.000000	
14.604	-41.250000	0.000000	6.639173	-2730.000000	1.687707	0.000000	
14.615	-93.750000	0.000000	6.563389	-2677.500000	0.684796	0.000000	
14.627	-146.250000	0.000000	6.390773	-2613.750000	1.691133	0.000000	
14.638	-232.500000	0.000000	6.288668	-2550.000000	1.689418	0.000000	
14.650	-303.750000	0.000000	6.054766	-2486.250000	0.337405	0.000000	
14.662	-356.250000	0.000000	5.956207	-2422.500000	1.699068	0.000000	
14.673	-442.500000	0.000000	5.947853	-2358.750000	0.342609	0.000000	
14.685	-506.250000	0.000000	5.631607	-2298.750000	0.674672	0.000000	
14.697	-566.250000	0.000000	5.455772	-2235.000000	1.679877	0.000000	
14.708	-641.250000	0.000000	5.081157	-2175.000000	1.690104	0.000000	
14.720	-705.000000	0.000000	4.897596	-2118.750000	1.684975	0.000000	
14.732	-761.250000	0.000000	4.483878	-2058.750000	0.676453	0.000000	
14.743	-832.500000	0.000000	4.266119	-1995.000000	0.674672	0.000000	
14.755	-881.250000	0.734465	3.801202	-1942.500000	2.644074	0.000000	
14.765	-915.000000	0.000000	3.801202	-1901.250000	4.271196	0.000000	
14.777	-982.500000	0.000000	3.520876	-1848.750000	0.677003	0.000000	
14.789	-1031.250000	0.000000	3.255195	-1800.000000	1.696300	0.000000	
14.801	-1076.250000	0.000000	2.735963	-1751.250000	0.684233	0.000000	
14.812	-1125.000000	0.000000	2.470255	-1713.750000	0.678935	0.000000	
14.824	-1158.750000	0.274607	2.188224	-1676.250000	0.659057	0.000000	
14.836	-1196.250000	0.000000	1.655066	-1642.500000	0.000000	0.000000	
14.848	-1226.250000	0.000000	1.426873	-1616.250000	0.000000	0.000000	
14.859	-1252.500000	0.000000	1.032527	-1590.000000	0.000000	0.000000	
14.871	-1286.250000	0.000000	0.760350	-1567.500000	1.055619	0.000000	
14.883	-1305.000000	0.000000	0.250253	-1552.500000	0.000000	0.000000	
14.894	-1305.000000	0.000000	0.132063	-1537.500000	1.041972	0.000000	
14.906	-1320.000000	0.000000	0.000000	-1533.750000	0.000000	0.000000	
14.918	-1335.000000	0.281798	0.000000	-1526.250000	0.000000	0.000000	
14.929	-1335.000000	0.000000	0.000000	-1526.250000	0.000000	0.000000	
14.941	-1335.000000	0.000000	0.000000	-1526.250000	0.000000	0.000000	
14.953	-1335.000000	0.000000	0.000000	-1526.250000	0.000000	0.000000	
14.964	-1331.250000	0.000000	0.000000	-1537.500000	0.000000	0.000000	
14.976	-1312.500000	0.846254	0.000000	-1548.750000	0.000000	0.000000	
14.988	-1293.750000	0.000000	0.000000	-1563.750000	0.000000	0.000000	
15.000	-1290.000000	0.000000	0.000000	-1582.500000	0.336791	0.000000	
15.011	-1267.500000	0.843682	0.000000	-1605.000000	0.000000	0.000000	
15.023	-1233.750000	0.573137	0.000000	-1623.750000	0.343882	0.000000	
15.035	-1203.750000	0.839092	0.000000	-1646.250000	0.335637	0.000000	
15.046	-1192.500000	0.842999	0.000000	-1672.500000	0.000000	0.000000	
15.058	-1166.250000	0.000000	0.000000	-1691.250000	0.337952	0.000000	
15.070	-1136.250000	0.839092	0.000000	-1713.750000	0.335637	0.000000	
15.082	-1113.750000	0.846426	0.000000	-1740.000000	0.338570	0.000000	
15.093	-1083.750000	0.560524	0.000000	-1766.250000	0.336315	0.000000	
15.105	-1057.500000	0.565203	0.000000	-1792.500000	0.339122	0.000000	
15.117	-1027.500000	0.556368	0.000000	-1822.500000	0.000000	0.000000	
15.128	-993.750000	0.845052	0.000000	-1852.500000	0.000000	0.000000	
15.140	-963.750000	0.545116	0.000000	-1886.250000	0.000000	0.000000	
15.152	-926.250000	0.562569	0.000000	-1912.500000	0.000000	0.000000	
15.164	-896.250000	0.000000	0.000000	-1946.250000	0.000000	0.000000	
15.175	-858.750000	0.563139	0.000000	-1991.250000	0.000000	0.000000	
15.187	-817.500000	0.842658	0.000000	-2025.000000	0.000000	0.000000	
15.199	-780.000000	0.565664	0.000000	-2062.500000	0.000000	0.000000	
15.211	-731.250000	1.404714	0.000000	-2107.500000	0.000000	0.000000	
15.222	-690.000000	0.579357	0.072786	-2148.750000	0.347614	0.000000	
15.234	-656.250000	0.562341	0.369729	-2190.000000	0.000000	0.000000	
15.245	-596.250000	0.559508	0.634238	-2238.750000	0.000000	0.000000	
15.257	-551.250000	0.844538	0.737648	-2283.750000	0.000000	0.000000	
15.269	-506.250000	0.561091	0.895705	-2328.750000	0.000000	0.000000	
15.281	-442.500000	0.563025	1.308902	-2377.500000	0.000000	0.000000	
15.292	-393.750000	0.562227	1.858972	-2426.250000	0.000000	0.000000	
15.304	-341.250000	0.562797	1.990296	-2475.000000	0.000000	0.000000	
15.316	-285.000000	0.561658	2.282571	-2516.250000	0.000000	0.000000	
15.327	-240.000000	0.563139	2.526057	-2561.250000	0.000000	0.000000	
15.339	-187.500000	0.565779	3.212236	-2610.000000	0.000000	0.000000	
15.351	-138.750000	0.577549	3.442622	-2647.500000	0.000000	0.000000	
15.362	-93.750000	0.562683	4.077509	-2696.250000	0.000000	0.000000	
15.374	-56.250000	0.564628	4.191327	-2733.750000	0.000000	0.000000	
15.385	-7.500000	1.407563	4.463135	-2771.250000	0.000000	0.000000	
15.397	30.000000	0.847632	4.598884	-2812.500000	0.000000	0.000000	
15.409	67.500000	0.563254	4.686264	-2842.500000	0.000000	0.000000	
15.420	108.750000	0.843853	4.753189	-2876.250000	0.000000	0.000000	
15.432	131.250000	0.000000	4.930663	-2906.250000	0.000000	0.000000	
15.444	161.250000	0.562569	4.909320	-2932.500000	0.000000	0.000000	
15.455	195.000000	0.846426	4.784161	-2955.000000	0.338570	0.000000	
15.467	213.750000	0.000000	4.914598	-2981.250000	0.000000	0.000000	
15.479	232.500000	0.871399	4.826625	-2996.250000	0.000000	0.000000	
15.490	255.000000	0.000000	4.782797	-3015.000000	0.337678	0.000000	
15.502	266.250000	0.000000	5.127066	-3033.750000	0.000000	0.000000	
15.513	277.500000	0.000000	5.073762	-3041.250000	0.000000	0.000000	
15.525	288.750000	0.000000	5.425182	-3052.500000	0.336586	0.000000	
15.537	296.250000	0.000000	5.367243	-3056.250000	0.000000	0.000000	
15.549	296.250000	0.000000	5.289443	-3060.000000	0.000000	0.000000	
15.560	300.000000	0.000000	5.266013	-3060.000000	0.000000	0.000000	
15.572	300.000000	0.000000	5.249113	-3060.000000	0.000000	0.000000	
15.584	300.000000	0.000000	5.254086	-3060.000000	0.000000	0.000000	
15.595	300.000000	0.000000	5.278378	-3056.250000	0.000000	0.000000	
15.607	292.500000	0.000000	5.295878	-3041.250000	1.049853	0.000000	
15.618	270.000000	0.280602	5.357135	-3030.000000	0.000000	0.000000	
15.630	251.250000	0.280489	5.511053	-3003.750000	0.673173	0.000000	
15.642	225.000000	0.000000	5.698706	-2977.500000	0.000000	0.000000	
15.653	176.250000	0.000000	5.699773	-2943.750000	0.675083	0.000000	
15.665	138.750000	0.000000	5.699811	-2906.250000	0.675630	0.000000	
15.677	93.750000	0.000000	5.690588	-2857.500000	1.633425	0.000000	
15.688	37.500000	0.000000	5.680158	-2808.750000	0.674399	0.000000	
15.700	-22.500000	0.000000	5.638309	-2760.000000	0.675356	0.000000	
15.711	-75.000000	0.000000	5.605234	-2700.000000	1.687023	0.000000	
15.723	-131.250000	0.000000	5.510702	-2643.750000	0.336995	0.000000	
15.735	-195.000000	0.000000	5.454170	-2587.500000	0.694214	0.000000	
15.746	-262.500000	0.000000	5.303656	-2531.250000	0.677692	0.000000	
15.758	-318.750000	0.000000	5.214186	-2467.500000	0.337610	0.000000	
15.770	-375.000000	0.000000	5.014171	-2422.500000	0.673581	0.000000	
15.781	-446.250000	0.000000	4.898005	-2358.750000	0.337473	0.000000	
15.793	-498.750000	0.000000	4.773944	-2302.500000	0.681992	0.000000	
15.805	-566.250000	0.000000	4.506832	-2242.500000	1.685657	0.000000	
15.816	-633.750000	0.000000	4.359479	-2186.250000	0.674946	0.000000	
15.828	-678.750000	0.000000	4.048171	-2133.750000	0.671951	0.000000	
15.839	-746.250000	0.000000	3.882614	-2077.500000	0.336723	0.000000	
15.851	-810.000000	0.000000	3.546835	-2021.250000	0.675904	0.000000	
15.863	-855.000000	0.000000	3.364744	-1968.750000	0.335705	0.000000	
15.874	-900.000000	0.000000	2.993997	-1920.000000	0.675083	0.000000	
15.886	-952.500000	0.000000	2.796443	-1875.000000	0.675493	0.000000	
15.898	-993.750000	0.000000	2.385978	-1837.500000	0.670329	0.000000	
15.909	-1035.000000	0.000000	2.173197	-1792.500000	0.674672	0.000000	
15.921	-1080.000000	0.000000	1.958296	-1755.000000	0.675630	0.000000	
15.933	-1113.750000	0.282027	1.534595	-1725.000000	1.015298	0.000000	
15.944	-1143.750000	0.000000	1.310517	-1691.250000	0.673309	0.000000	
15.956	-1177.500000	0.000000	0.859086	-1665.000000	0.000000	0.000000	
15.968	-1203.750000	0.000000	0.647623	-1642.500000	1.011599	0.000000	
15.979	-1222.500000	0.000000	0.224131	-1623.750000	0.000000	0.000000	
15.991	-1241.250000	0.280262	0.123704	-1605.000000	1.008944	0.000000	
16.003	-1256.250000	0.281341	0.000000	-1597.500000	0.000000	0.000000	
16.015	-1271.250000	0.000000	0.000000	-1586.250000	0.000000	0.000000	
16.026	-1282.500000	0.000000	0.000000	-1582.500000	0.000000	0.000000	
16.038	-1282.500000	0.000000	0.000000	-1582.500000	0.000000	0.000000	
16.050	-1282.500000	0.000000	0.000000	-1582.500000	0.000000	0.000000	
16.061	-1282.500000	0.000000	0.000000	-1582.500000	0.000000	0.000000	
16.073	-1282.500000	0.000000	0.000000	-1586.250000	0.000000	0.000000	
16.085	-1271.250000	0.000000	0.000000	-1605.000000	0.337541	0.000000	
16.097	-1241.250000	0.561658	0.000000	-1623.750000	0.000000	0.000000	
16.108	-1211.250000	0.842999	0.000000	-1646.250000	0.000000	0.000000	
16.120	-1192.500000	0.844709	0.000000	-1676.250000	0.000000	0.000000	
16.132	-1162.500000	0.561658	0.000000	-1702.500000	0.000000	0.000000	
16.144	-1121.250000	0.576350	0.000000	-1736.250000	0.000000	0.000000	
16.155	-1083.750000	0.562683	0.000000	-1777.500000	0.000000	0.000000	
16.167	-1046.250000	0.563025	0.000000	-1815.000000	0.000000	0.000000	
16.179	-990.000000	0.562683	0.000000	-1860.000000	0.000000	0.000000	
16.190	-941.250000	0.281341	0.000000	-1912.500000	0.000000	0.000000	
16.202	-896.250000	0.566587	0.000000	-1950.000000	0.000000	0.000000	
16.214	-843.750000	0.546834	0.000000	-2006.250000	0.000000	0.000000	
16.225	-791.250000	1.409278	0.000000	-2058.750000	0.000000	0.000000	
16.237	-735.000000	1.405853	0.000000	-2111.250000	0.000000	0.000000	
16.249	-675.000000	0.561545	0.273018	-2175.000000	0.000000	0.000000	
16.260	-618.750000	0.281057	0.849763	-2227.500000	0.000000	0.000000	
16.272	-555.000000	1.435511	1.043237	-2280.000000	0.000000	0.000000	
16.284	-502.500000	0.561886	2.095391	-2332.500000	0.000000	0.000000	
16.295	-442.500000	0.287280	2.157738	-2385.000000	0.000000	0.000000	
16.307	-390.000000	0.561318	2.147909	-2430.000000	0.000000	0.000000	
16.318	-333.750000	0.281513	2.141040	-2482.500000	0.000000	0.000000	
16.330	-288.750000	0.561999	2.988059	-2520.000000	0.000000	0.000000	
16.342	-240.000000	0.550412	3.506708	-2565.000000	0.000000	0.000000	
16.353	-195.000000	0.562797	3.620675	-2606.250000	0.337678	0.000000	
16.365	-153.750000	0.562341	3.877748	-2640.000000	0.337405	0.000000	
16.377	-108.750000	0.561886	4.019369	-2685.000000	0.000000	0.000000	
16.388	-78.750000	0.841296	4.264374	-2715.000000	0.336518	0.000000	
16.400	-52.500000	0.000000	4.203018	-2745.000000	0.000000	0.000000	
16.409	-26.250000	0.562113	4.552366	-2760.000000	0.000000	0.000000	
16.421	-3.750000	0.844195	4.985065	-2778.750000	0.000000	0.000000	
16.432	3.750000	0.844367	4.852663	-2797.500000	0.000000	0.000000	
16.444	15.000000	0.000000	4.632828	-2805.000000	0.000000	0.000000	
16.455	26.250000	0.000000	4.646339	-2808.750000	0.000000	0.000000	
16.467	26.250000	0.000000	4.897142	-2808.750000	0.000000	0.000000	
16.479	26.250000	0.000000	4.831176	-2808.750000	0.000000	0.000000	
16.491	11.250000	0.000000	4.779198	-2786.250000	1.399804	0.000000	
16.502	-37.500000	0.000000	4.890843	-2752.500000	1.019233	0.000000	
16.514	-82.500000	0.000000	4.858657	-2703.750000	0.337884	0.000000	
16.525	-146.250000	0.000000	4.809005	-2636.250000	1.689418	0.000000	
16.537	-240.000000	0.000000	4.787217	-2557.500000	1.352632	0.000000	
16.548	-333.750000	0.000000	4.725869	-2475.000000	1.749020	0.000000	
16.560	-408.750000	0.000000	4.686583	-2396.250000	1.351260	0.000000	
16.572	-506.250000	0.000000	4.587580	-2313.750000	1.353181	0.000000	
16.583	-600.000000	0.000000	4.524849	-2231.250000	0.337541	0.000000	
16.595	-671.250000	0.000000	4.453691	-2152.500000	0.338502	0.000000	
16.607	-750.000000	0.000000	4.290937	-2085.000000	0.339398	0.000000	
16.619	-828.750000	0.000000	4.195221	-2013.750000	1.653202	0.000000	
16.630	-873.750000	0.000000	3.970746	-1957.500000	0.675493	0.000000	
16.642	-915.000000	0.000000	3.844707	-1916.250000	0.675083	0.000000	
16.654	-960.000000	0.000000	3.578959	-1886.250000	1.011804	0.000000	
16.665	-975.000000	0.281057	3.428895	-1867.500000	0.000000	0.000000	
16.677	-982.500000	0.000000	3.143653	-1856.250000	0.000000	0.000000	
16.689	-982.500000	0.000000	3.109986	-1856.250000	0.000000	0.000000	
16.700	-982.500000	0.000000	2.748646	-1856.250000	0.000000	0.000000	
16.712	-975.000000	0.842488	2.565442	-1875.000000	0.336995	0.000000	
16.724	-930.000000	0.562797	2.801375	-1908.750000	0.000000	0.000000	
16.735	-903.750000	0.000000	3.342171	-1942.500000	0.000000	0.000000	
16.747	-862.500000	1.406992	3.481372	-1991.250000	0.000000	0.000000	
16.759	-795.000000	0.276027	3.430337	-2043.750000	0.000000	0.000000	
16.770	-753.750000	0.572192	3.882483	-2088.750000	0.000000	0.000000	
16.782	-701.250000	0.562341	3.936920	-2152.500000	0.000000	0.000000	
16.793	-641.250000	0.573256	3.938379	-2197.500000	0.000000	0.000000	
16.805	-596.250000	0.566125	3.725519	-2242.500000	0.000000	0.000000	
16.817	-543.750000	0.281741	3.786726	-2295.000000	0.000000	0.000000	
16.828	-480.000000	1.406707	4.512506	-2343.750000	0.000000	0.000000	
16.840	-427.500000	0.562569	5.034308	-2396.250000	0.000000	0.000000	
16.852	-375.000000	0.562113	5.455200	-2448.750000	0.000000	0.000000	
16.863	-318.750000	0.281456	5.449430	-2490.000000	0.000000	0.000000	
16.875	-277.500000	0.000000	5.353443	-2531.250000	0.000000	0.000000	
16.886	-236.250000	0.844024	5.473350	-2572.500000	0.000000	0.000000	
16.898	-202.500000	0.000000	5.550931	-2598.750000	0.000000	0.000000	
16.910	-183.750000	0.000000	5.658023	-2617.500000	0.000000	0.000000	
16.921	-176.250000	0.858465	5.447720	-2625.000000	0.000000	0.000000	
16.933	-176.250000	0.000000	5.074950	-2625.000000	0.000000	0.000000	
16.945	-183.750000	0.000000	4.923496	-2606.250000	0.675356	0.000000	
16.956	-236.250000	0.000000	4.849831	-2557.500000	0.337747	0.000000	
16.968	-307.500000	0.000000	4.741194	-2505.000000	0.337473	0.000000	
16.979	-378.750000	0.000000	4.644728	-2426.250000	1.352907	0.000000	
16.991	-483.750000	0.000000	4.479752	-2336.250000	2.328348	0.000000	
17.003	-585.000000	0.000000	4.397336	-2250.000000	1.337696	0.000000	
17.014	-675.000000	0.000000	4.229286	-2156.250000	1.352083	0.000000	
17.026	-776.250000	0.000000	4.142985	-2062.500000	1.349618	0.000000	
17.038	-870.000000	0.000000	3.964207	-1980.000000	1.349072	0.000000	
17.050	-930.000000	0.000000	3.861841	-1908.750000	0.685642	0.000000	
17.061	-982.500000	0.000000	3.634782	-1863.750000	0.674536	0.000000	
17.073	-1035.000000	0.000000	3.520338	-1826.250000	0.000000	0.000000	
17.085	-1057.500000	0.000000	3.284842	-1796.250000	0.000000	0.000000	
17.096	-1061.250000	0.000000	3.270272	-1792.500000	0.000000	0.000000	
17.108	-1061.250000	0.000000	2.963390	-1788.750000	0.000000	0.000000	
17.120	-1061.250000	0.000000	2.800860	-1792.500000	0.000000	0.000000	
17.129	-1042.500000	0.572192	2.615221	-1815.000000	0.000000	0.000000	
17.141	-997.500000	0.561772	2.511764	-1852.500000	0.000000	0.000000	
17.152	-967.500000	0.843853	2.773502	-1890.000000	0.000000	0.000000	
17.164	-922.500000	0.283236	2.934201	-1927.500000	0.000000	0.000000	
17.176	-877.500000	0.833550	3.273598	-1968.750000	0.000000	0.000000	
17.187	-840.000000	0.563597	3.364406	-2010.000000	0.000000	0.000000	
17.199	-798.750000	0.558720	3.214781	-2047.500000	0.000000	0.000000	
17.211	-765.000000	0.842658	3.270234	-2081.250000	0.000000	0.000000	
17.223	-742.500000	0.000000	3.167375	-2115.000000	0.000000	0.000000	
17.234	-716.250000	0.000000	2.961544	-2141.250000	0.000000	0.000000	
17.246	-693.750000	0.000000	3.169578	-2160.000000	0.000000	0.000000	
17.257	-682.500000	0.000000	3.382046	-2175.000000	0.341836	0.000000	
17.269	-675.000000	0.000000	3.502924	-2182.500000	0.000000	0.000000	
17.281	-667.500000	0.000000	3.330465	-2186.250000	0.000000	0.000000	
17.292	-667.500000	0.000000	3.165826	-2190.000000	0.000000	0.000000	
17.304	-667.500000	0.000000	2.889498	-2190.000000	0.000000	0.000000	
17.316	-667.500000	0.000000	2.781559	-2190.000000	0.000000	0.000000	
17.327	-671.250000	0.000000	2.589311	-2190.000000	0.000000	0.000000	
17.339	-682.500000	0.281170	2.539868	-2186.250000	0.000000	0.000000	
17.351	-686.250000	0.000000	2.524289	-2175.000000	0.000000	0.000000	
17.362	-693.750000	0.000000	2.450842	-2160.000000	0.000000	0.000000	
17.374	-708.750000	0.000000	2.479112	-2148.750000	0.000000	0.000000	
17.386	-716.250000	0.000000	2.405793	-2137.500000	0.000000	0.000000	
17.397	-720.000000	0.000000	2.271399	-2126.250000	0.000000	0.000000	
17.409	-727.500000	0.000000	2.204990	-2118.750000	0.000000	0.000000	
17.421	-735.000000	0.000000	2.139509	-2111.250000	0.000000	0.000000	
17.432	-738.750000	0.000000	2.016805	-2103.750000	0.000000	0.000000	
17.444	-746.250000	0.000000	1.954885	-2096.250000	0.000000	0.000000	
17.456	-753.750000	0.000000	1.995468	-2085.000000	0.000000	0.000000	
17.467	-757.500000	0.000000	1.929931	-2073.750000	0.000000	0.000000	
17.479	-768.750000	0.000000	1.793160	-2070.000000	0.000000	0.000000	
17.490	-772.500000	0.000000	1.725934	-2066.250000	0.000000	0.000000	
17.502	-780.000000	0.280319	1.593520	-2058.750000	0.000000	0.000000	
17.514	-783.750000	0.000000	1.528603	-2051.250000	0.000000	0.000000	
17.526	-791.250000	0.000000	1.404059	-2047.500000	0.000000	0.000000	
17.537	-798.750000	0.000000	1.340550	-2043.750000	0.000000	0.000000	
17.549	-810.000000	0.284338	1.277041	-2036.250000	1.023617	0.000000	
17.560	-813.750000	0.281456	1.155081	-2032.500000	0.000000	0.000000	
17.572	-821.250000	0.000000	1.092660	-2028.750000	0.000000	0.000000	
17.584	-828.750000	0.000000	1.126761	-2025.000000	0.000000	0.000000	
17.595	-832.500000	0.000000	1.059527	-2021.250000	1.013445	0.000000	
17.607	-836.250000	0.000000	0.918464	-2017.500000	0.000000	0.000000	
17.619	-843.750000	0.279472	0.849270	-2010.000000	0.000000	0.000000	
17.630	-851.250000	0.000000	0.718006	-1998.750000	0.000000	0.000000	
17.642	-855.000000	0.000000	0.651727	-1991.250000	0.000000	0.000000	
17.654	-862.500000	0.000000	0.522049	-1983.750000	0.000000	0.000000	
17.665	-870.000000	0.000000	0.462476	-1972.500000	1.012829	0.000000	
17.677	-873.750000	0.000000	0.399747	-1968.750000	0.000000	0.000000	
17.688	-881.250000	0.000000	0.308793	-1961.250000	0.000000	0.000000	
17.700	-888.750000	0.000000	0.379833	-1950.000000	0.000000	0.000000	
17.712	-892.500000	0.000000	0.278419	-1946.250000	0.000000	0.000000	
17.723	-896.250000	0.000000	0.342847	-1938.750000	0.000000	0.000000	
17.735	-903.750000	0.000000	0.198755	-1931.250000	1.011394	0.000000	
17.747	-907.500000	0.000000	0.127356	-1931.250000	0.000000	0.000000	
17.758	-915.000000	0.000000	0.000000	-1923.750000	0.000000	0.000000	
17.770	-915.000000	0.000000	0.000000	-1923.750000	0.000000	0.000000	
17.782	-918.750000	0.000000	0.000000	-1923.750000	0.000000	0.000000	
17.793	-922.500000	0.000000	0.000000	-1923.750000	0.000000	0.000000	
17.805	-922.500000	0.000000	0.000000	-1920.000000	0.000000	0.000000	
17.817	-926.250000	0.281000	0.000000	-1920.000000	0.000000	0.000000	
17.828	-926.250000	0.000000	0.000000	-1920.000000	0.000000	0.000000	
17.840	-926.250000	0.000000	0.000000	-1920.000000	0.000000	0.000000	
17.852	-926.250000	0.000000	0.000000	-1920.000000	0.000000	0.000000	
17.863	-926.250000	0.000000	0.000000	-1920.000000	0.000000	0.000000	
17.875	-926.250000	0.000000	0.000000	-1920.000000	0.000000	0.000000	
17.887	-926.250000	0.000000	0.000000	-1920.000000	0.000000	0.000000	
17.898	-926.250000	0.000000	0.000000	-1920.000000	0.000000	0.000000	
17.910	-926.250000	0.000000	0.000000	-1920.000000	0.000000	0.000000	
17.921	-926.250000	0.000000	0.000000	-1920.000000	0.000000	0.000000	
17.933	-926.250000	0.000000	0.000000	-1920.000000	0.000000	0.000000	
17.944	-926.250000	0.000000	0.000000	-1920.000000	0.000000	0.000000	
17.956	-926.250000	0.000000	0.000000	-1920.000000	0.000000	0.000000	
17.968	-926.250000	0.000000	0.000000	-1920.000000	0.000000	0.000000	
17.980	-926.250000	0.000000	0.000000	-1920.000000	0.000000	0.000000	
17.992	-926.250000	0.000000	0.000000	-1920.000000	0.000000	0.000000	
18.003	-926.250000	0.000000	0.000000	-1920.000000	0.000000	0.000000	
18.015	-926.250000	0.000000	0.000000	-1920.000000	0.000000	0.000000	
18.027	-926.250000	0.000000	0.000000	-1920.000000	0.000000	0.000000	
18.038	-926.250000	0.000000	0.000000	-1920.000000	0.000000	0.000000	
18.050	-926.250000	0.000000	0.000000	-1920.000000	0.000000	0.000000	
18.061	-926.250000	0.000000	0.000000	-1920.000000	0.000000	0.000000	
18.073	-926.250000	0.000000	0.000000	-1920.000000	0.000000	0.000000	
18.085	-926.250000	0.000000	0.000000	-1920.000000	0.000000	0.000000	
18.096	-926.250000	0.000000	0.000000	-1920.000000	0.000000	0.000000	
18.108	-926.250000	0.000000	0.000000	-1920.000000	0.000000	0.000000	
18.120	-926.250000	0.000000	0.000000	-1920.000000	0.000000	0.000000	
18.131	-926.250000	0.000000	0.000000	-1920.000000	0.000000	0.000000	
18.143	-926.250000	0.000000	0.000000	-1920.000000	0.000000	0.000000	
18.155	-926.250000	0.000000	0.000000	-1916.250000	0.000000	0.000000	
18.166	-926.250000	0.000000	0.000000	-1912.500000	0.000000	0.000000	
18.178	-930.000000	0.000000	0.000000	-1912.500000	0.000000	0.000000	
18.190	-930.000000	0.000000	0.000000	-1908.750000	0.000000	0.000000	
18.201	-930.000000	0.000000	0.000000	-1908.750000	0.000000	0.000000	
18.213	-930.000000	0.000000	0.000000	-1905.000000	0.000000	0.000000	
18.225	-930.000000	0.000000	0.000000	-1905.000000	0.000000	0.000000	
18.236	-930.000000	0.000000	0.000000	-1901.250000	0.000000	0.000000	
18.248	-930.000000	0.000000	0.000000	-1901.250000	0.000000	0.000000	
18.260	-930.000000	0.000000	0.000000	-1901.250000	0.000000	0.000000	
18.271	-930.000000	0.000000	0.000000	-1901.250000	0.000000	0.000000	
18.283	-930.000000	0.000000	0.000000	-1901.250000	0.000000	0.000000	
18.294	-930.000000	0.000000	0.000000	-1901.250000	0.000000	0.000000	
18.306	-930.000000	0.000000	0.000000	-1901.250000	0.000000	0.000000	
18.318	-930.000000	0.000000	0.000000	-1901.250000	0.000000	0.000000	
18.329	-930.000000	0.000000	0.000000	-1901.250000	0.000000	0.000000	
18.341	-930.000000	0.000000	0.000000	-1901.250000	0.000000	0.000000	
18.352	-930.000000	0.000000	0.000000	-1901.250000	0.000000	0.000000	
18.364	-930.000000	0.000000	0.000000	-1901.250000	0.000000	0.000000	
18.375	-930.000000	0.000000	0.000000	-1901.250000	0.000000	0.000000	
18.387	-930.000000	0.000000	0.000000	-1901.250000	0.000000	0.000000	
18.399	-930.000000	0.000000	0.000000	-1901.250000	0.000000	0.000000	
18.411	-930.000000	0.000000	0.000000	-1901.250000	0.000000	0.000000	
18.422	-930.000000	0.000000	0.000000	-1901.250000	0.000000	0.000000	
18.434	-930.000000	0.000000	0.000000	-1867.500000	3.053340	0.000000	
18.446	-930.000000	0.000000	0.000000	-1871.250000	0.000000	0.000000	
18.457	-930.000000	0.000000	0.000000	-1957.500000	0.000000	0.000000	
18.469	-930.000000	0.000000	0.000000	-1923.750000	0.000000	0.000000	
18.480	-930.000000	0.000000	0.000000	-1920.000000	0.000000	0.000000	
18.492	-930.000000	0.000000	0.000000	-1920.000000	0.000000	0.000000	
18.504	-930.000000	0.000000	0.000000	-1920.000000	0.000000	0.000000	
18.515	-930.000000	0.000000	0.000000	-1920.000000	0.000000	0.000000	
18.527	-930.000000	0.000000	0.000000	-1920.000000	0.000000	0.000000	
18.538	-930.000000	0.000000	0.000000	-1920.000000	0.000000	0.000000	
18.550	-930.000000	0.000000	0.000000	-1920.000000	0.000000	0.000000	
18.561	-930.000000	0.000000	0.000000	-1920.000000	0.000000	0.000000	
18.573	-930.000000	0.000000	0.000000	-1920.000000	0.000000	0.000000	
18.585	-930.000000	0.000000	0.000000	-1920.000000	0.000000	0.000000	
18.596	-930.000000	0.000000	0.000000	-1920.000000	0.000000	0.000000	
18.608	-930.000000	0.000000	0.000000	-1920.000000	0.000000	0.000000	
18.620	-930.000000	0.000000	0.000000	-1920.000000	0.000000	0.000000	
18.631	-930.000000	0.000000	0.000000	-1920.000000	0.000000	0.000000	
18.643	-930.000000	0.000000	0.000000	-1920.000000	0.000000	0.000000	
18.654	-930.000000	0.000000	0.000000	-1920.000000	0.000000	0.000000	
18.666	-926.250000	0.000000	0.000000	-1920.000000	0.000000	0.000000	
18.678	-926.250000	0.000000	0.000000	-1923.750000	0.000000	0.000000	
18.689	-926.250000	0.000000	0.000000	-1923.750000	0.000000	0.000000	
18.701	-926.250000	0.000000	0.000000	-1923.750000	0.000000	0.000000	
18.712	-922.500000	0.000000	0.000000	-1927.500000	0.000000	0.000000	
18.724	-922.500000	0.000000	0.000000	-1927.500000	0.000000	0.000000	
18.735	-922.500000	0.000000	0.000000	-1927.500000	0.000000	0.000000	
18.747	-922.500000	0.000000	0.000000	-1927.500000	0.000000	0.000000	
18.759	-922.500000	0.000000	0.000000	-1927.500000	0.000000	0.000000	
18.770	-922.500000	0.000000	0.000000	-1927.500000	0.000000	0.000000	
18.782	-922.500000	0.000000	0.000000	-1927.500000	0.000000	0.000000	
18.794	-922.500000	0.000000	0.000000	-1927.500000	0.000000	0.000000	
18.805	-922.500000	0.000000	0.000000	-1927.500000	0.000000	0.000000	
18.817	-922.500000	0.000000	0.000000	-1927.500000	0.000000	0.000000	
18.828	-922.500000	0.000000	0.000000	-1927.500000	0.000000	0.000000	
18.840	-922.500000	0.000000	0.000000	-1931.250000	0.000000	0.000000	
18.851	-922.500000	0.000000	0.000000	-1931.250000	0.000000	0.000000	
18.863	-922.500000	0.000000	0.000000	-1931.250000	0.000000	0.000000	
18.875	-922.500000	0.000000	0.000000	-1931.250000	0.000000	0.000000	
18.886	-922.500000	0.000000	0.000000	-1931.250000	0.000000	0.000000	
18.898	-922.500000	0.000000	0.000000	-1931.250000	0.000000	0.000000	
18.909	-922.500000	0.000000	0.000000	-1931.250000	0.000000	0.000000	
18.921	-922.500000	0.000000	0.000000	-1931.250000	0.000000	0.000000	
18.933	-922.500000	0.000000	0.000000	-1931.250000	0.000000	0.000000	
18.944	-918.750000	0.000000	0.000000	-1931.250000	0.000000	0.000000	
18.956	-918.750000	0.000000	0.000000	-1931.250000	0.000000	0.000000	
18.967	-918.750000	0.000000	0.000000	-1935.000000	0.000000	0.000000	
18.979	-918.750000	0.000000	0.000000	-1935.000000	0.000000	0.000000	
18.991	-918.750000	0.000000	0.000000	-1935.000000	0.000000	0.000000	
19.002	-915.000000	0.000000	0.000000	-1935.000000	0.000000	0.000000	
19.014	-915.000000	0.000000	0.000000	-1935.000000	0.000000	0.000000	
19.025	-915.000000	0.000000	0.000000	-1938.750000	0.334962	0.000000	
19.037	-915.000000	0.000000	0.000000	-1938.750000	0.000000	0.000000	
19.049	-915.000000	0.000000	0.000000	-1938.750000	0.000000	0.000000	
19.060	-915.000000	0.000000	0.000000	-1942.500000	0.000000	0.000000	
19.072	-915.000000	0.000000	0.000000	-1942.500000	0.000000	0.000000	
19.083	-915.000000	0.000000	0.000000	-1942.500000	0.000000	0.000000	
19.095	-915.000000	0.000000	0.000000	-1942.500000	0.000000	0.000000	
19.107	-915.000000	0.000000	0.000000	-1942.500000	0.000000	0.000000	
19.118	-915.000000	0.000000	0.000000	-1942.500000	0.000000	0.000000	
19.130	-915.000000	0.000000	0.000000	-1942.500000	0.000000	0.000000	
19.142	-915.000000	0.000000	0.000000	-1908.750000	2.026480	0.000000	
19.153	-915.000000	0.000000	0.000000	-1766.250000	0.000000	0.000000	
19.165	-915.000000	0.000000	0.000000	-1976.250000	0.000000	0.000000	
19.176	-915.000000	0.000000	0.000000	-1968.750000	1.006100	0.000000	
19.188	-915.000000	0.000000	0.000000	-1905.000000	0.000000	0.000000	
19.200	-915.000000	0.000000	0.000000	-1942.500000	0.340926	0.000000	
19.211	-915.000000	0.000000	0.000000	-1942.500000	0.000000	0.000000	
19.223	-915.000000	0.000000	0.000000	-1942.500000	0.000000	0.000000	
19.235	-915.000000	0.000000	0.000000	-1942.500000	0.000000	0.000000	
19.246	-915.000000	0.000000	0.000000	-1942.500000	0.000000	0.000000	
19.258	-915.000000	0.000000	0.000000	-1942.500000	0.000000	0.000000	
19.270	-915.000000	0.000000	0.000000	-1942.500000	0.000000	0.000000	
19.281	-915.000000	0.000000	0.000000	-1942.500000	0.000000	0.000000	
19.293	-915.000000	0.000000	0.000000	-1942.500000	0.000000	0.000000	
19.304	-915.000000	0.000000	0.000000	-1942.500000	0.000000	0.000000	
19.316	-915.000000	0.000000	0.000000	-1942.500000	0.000000	0.000000	
19.328	-915.000000	0.000000	0.000000	-1942.500000	0.000000	0.000000	
19.339	-915.000000	0.000000	0.000000	-1942.500000	0.000000	0.000000	
19.351	-915.000000	0.000000	0.000000	-1942.500000	0.000000	0.000000	
19.363	-915.000000	0.000000	0.000000	-1942.500000	0.000000	0.000000	
19.374	-915.000000	0.000000	0.000000	-1942.500000	0.000000	0.000000	
19.386	-915.000000	0.000000	0.000000	-1942.500000	0.000000	0.000000	
19.397	-911.250000	0.000000	0.000000	-1942.500000	0.000000	0.000000	
19.409	-911.250000	0.000000	0.000000	-1942.500000	0.000000	0.000000	
19.421	-911.250000	0.000000	0.000000	-1942.500000	0.000000	0.000000	
19.432	-911.250000	0.000000	0.000000	-1946.250000	0.337747	0.000000	
19.444	-911.250000	0.000000	0.000000	-1946.250000	0.000000	0.000000	
19.455	-911.250000	0.000000	0.000000	-1946.250000	0.000000	0.000000	
19.467	-911.250000	0.000000	0.000000	-1946.250000	0.000000	0.000000	
19.479	-911.250000	0.000000	0.000000	-1946.250000	0.000000	0.000000	
19.490	-911.250000	0.000000	0.000000	-1946.250000	0.000000	0.000000	
19.502	-911.250000	0.000000	0.000000	-1946.250000	0.000000	0.000000	
19.513	-911.250000	0.000000	0.000000	-1946.250000	0.000000	0.000000	
19.525	-911.250000	0.000000	0.000000	-1946.250000	0.000000	0.000000	
19.536	-911.250000	0.000000	0.000000	-1946.250000	0.000000	0.000000	
19.548	-911.250000	0.000000	0.000000	-1946.250000	0.000000	0.000000	
19.560	-911.250000	0.000000	0.000000	-1946.250000	0.000000	0.000000	
19.571	-911.250000	0.000000	0.000000	-1946.250000	0.000000	0.000000	
19.583	-911.250000	0.000000	0.000000	-1946.250000	0.000000	0.000000	
19.594	-911.250000	0.000000	0.000000	-1942.500000	0.000000	0.000000	
19.606	-911.250000	0.000000	0.000000	-1942.500000	0.000000	0.000000	
19.617	-911.250000	0.000000	0.000000	-1942.500000	0.000000	0.000000	
19.629	-911.250000	0.000000	0.000000	-1942.500000	0.000000	0.000000	
19.641	-911.250000	0.000000	0.000000	-1942.500000	0.000000	0.000000	
19.652	-911.250000	0.000000	0.000000	-1942.500000	0.000000	0.000000	
19.664	-911.250000	0.000000	0.000000	-1942.500000	0.000000	0.000000	
19.675	-911.250000	0.000000	0.000000	-1942.500000	0.000000	0.000000	
19.687	-911.250000	0.000000	0.000000	-1942.500000	0.000000	0.000000	
19.698	-911.250000	0.000000	0.000000	-1942.500000	0.000000	0.000000	
19.710	-911.250000	0.000000	0.000000	-1942.500000	0.000000	0.000000	
19.722	-911.250000	0.000000	0.000000	-1942.500000	0.000000	0.000000	
19.733	-911.250000	0.000000	0.000000	-1942.500000	0.000000	0.000000	
19.745	-907.500000	0.000000	0.000000	-1942.500000	0.000000	0.000000	
19.756	-907.500000	0.000000	0.000000	-1942.500000	0.000000	0.000000	
19.768	-907.500000	0.000000	0.000000	-1942.500000	0.000000	0.000000	
19.780	-903.750000	0.831719	0.000000	-1942.500000	0.000000	0.000000	
19.791	-903.750000	0.000000	0.000000	-1942.500000	0.000000	0.000000	
19.803	-903.750000	0.000000	0.000000	-1942.500000	0.000000	0.000000	
19.814	-903.750000	0.000000	0.000000	-1942.500000	0.000000	0.000000	
19.826	-903.750000	0.000000	0.000000	-1946.250000	0.000000	0.000000	
19.837	-903.750000	0.000000	0.000000	-1946.250000	0.000000	0.000000	
19.849	-903.750000	0.000000	0.000000	-1946.250000	0.000000	0.000000	
19.861	-903.750000	0.000000	0.000000	-1946.250000	0.000000	0.000000	
19.872	-903.750000	0.000000	0.000000	-1946.250000	0.000000	0.000000	
19.884	-903.750000	0.000000	0.000000	-1946.250000	0.000000	0.000000	
19.895	-903.750000	0.000000	0.000000	-1946.250000	0.000000	0.000000	
19.907	-903.750000	0.000000	0.000000	-1946.250000	0.000000	0.000000	
19.918	-903.750000	0.000000	0.000000	-1946.250000	0.000000	0.000000	
19.930	-903.750000	0.000000	0.000000	-1946.250000	0.000000	0.000000	
19.942	-903.750000	0.000000	0.000000	-1946.250000	0.000000	0.000000	
19.953	-903.750000	0.000000	0.000000	-1946.250000	0.000000	0.000000	
19.965	-903.750000	0.000000	0.000000	-1946.250000	0.000000	0.000000	
19.976	-903.750000	0.000000	0.000000	-1946.250000	0.000000	0.000000	
19.988	-903.750000	0.000000	0.000000	-1946.250000	0.000000	0.000000	
20.000	-903.750000	0.000000	0.000000	-1946.250000	0.000000	0.000000	
20.011	-903.750000	0.000000	0.000000	-1946.250000	0.000000	0.000000	
20.023	-903.750000	0.000000	0.000000	-1946.250000	0.000000	0.000000	
20.034	-903.750000	0.000000	0.000000	-1946.250000	0.000000	0.000000	
20.046	-903.750000	0.000000	0.000000	-1950.000000	0.336859	0.000000	
20.058	-903.750000	0.000000	0.000000	-1953.750000	0.000000	0.000000	
20.069	-900.000000	0.000000	0.000000	-1953.750000	0.000000	0.000000	
20.081	-900.000000	0.000000	0.000000	-1957.500000	0.000000	0.000000	
20.093	-900.000000	0.000000	0.000000	-1957.500000	0.000000	0.000000	
20.104	-896.250000	0.000000	0.000000	-1957.500000	0.000000	0.000000	
20.116	-896.250000	0.000000	0.000000	-1961.250000	0.000000	0.000000	
20.127	-896.250000	0.000000	0.000000	-1961.250000	0.000000	0.000000	
20.139	-896.250000	0.000000	0.000000	-1961.250000	0.000000	0.000000	
20.151	-896.250000	0.000000	0.000000	-1961.250000	0.000000	0.000000	
20.162	-896.250000	0.000000	0.000000	-1961.250000	0.000000	0.000000	
20.174	-896.250000	0.000000	0.000000	-1961.250000	0.000000	0.000000	
20.185	-896.250000	0.000000	0.000000	-1961.250000	0.000000	0.000000	
20.197	-896.250000	0.000000	0.000000	-1961.250000	0.000000	0.000000	
20.206	-896.250000	0.000000	0.000000	-1961.250000	0.000000	0.000000	
20.218	-896.250000	0.000000	0.000000	-1961.250000	0.000000	0.000000	
20.229	-896.250000	0.000000	0.000000	-1961.250000	0.000000	0.000000	
20.241	-896.250000	0.000000	0.000000	-1957.500000	0.000000	0.000000	
20.253	-896.250000	0.000000	0.000000	-1957.500000	0.000000	0.000000	
20.264	-896.250000	0.000000	0.000000	-1957.500000	0.000000	0.000000	
20.276	-896.250000	0.000000	0.000000	-1957.500000	0.000000	0.000000	
20.287	-896.250000	0.000000	0.000000	-1957.500000	0.000000	0.000000	
20.299	-896.250000	0.000000	0.000000	-1957.500000	0.000000	0.000000	
20.311	-896.250000	0.000000	0.000000	-1957.500000	0.000000	0.000000	
20.322	-896.250000	0.000000	0.000000	-1957.500000	0.000000	0.000000	
20.334	-896.250000	0.000000	0.000000	-1957.500000	0.000000	0.000000	
20.346	-896.250000	0.000000	0.000000	-1957.500000	0.000000	0.000000	
20.357	-896.250000	0.000000	0.000000	-1957.500000	0.000000	0.000000	
20.369	-896.250000	0.000000	0.000000	-1957.500000	0.000000	0.000000	
20.380	-896.250000	0.000000	0.000000	-1957.500000	0.000000	0.000000	
20.392	-896.250000	0.000000	0.000000	-1957.500000	0.000000	0.000000	
20.404	-896.250000	0.000000	0.000000	-1957.500000	0.000000	0.000000	
20.415	-896.250000	0.000000	0.000000	-1957.500000	0.000000	0.000000	
20.427	-896.250000	0.000000	0.000000	-1957.500000	0.000000	0.000000	
20.438	-896.250000	0.000000	0.000000	-1957.500000	0.000000	0.000000	
20.450	-896.250000	0.000000	0.000000	-1957.500000	0.000000	0.000000	
20.462	-896.250000	0.000000	0.000000	-1957.500000	0.000000	0.000000	
20.473	-896.250000	0.000000	0.000000	-1957.500000	0.000000	0.000000	
20.485	-896.250000	0.000000	0.000000	-1781.250000	6.088080	0.000000	
20.496	-896.250000	0.000000	0.000000	-1706.250000	0.000000	0.000000	
20.508	-896.250000	0.000000	0.000000	-2070.000000	0.000000	0.000000	
20.520	-896.250000	0.000000	0.000000	-2036.250000	3.716720	0.000000	
20.531	-896.250000	0.000000	0.000000	-1938.750000	0.000000	0.139046	
20.543	-896.250000	0.000000	0.000000	-2013.750000	0.000000	0.718657	
20.554	-896.250000	0.000000	0.000000	-1995.000000	0.675083	0.241401	
20.566	-896.250000	0.000000	0.000000	-1987.500000	0.000000	0.563516	
20.577	-896.250000	0.000000	0.000000	-1987.500000	0.000000	0.479057	
20.589	-896.250000	0.000000	0.000000	-1987.500000	0.000000	0.200321	
20.601	-896.250000	0.000000	0.000000	-1987.500000	0.000000	0.000000	
20.612	-896.250000	0.000000	0.000000	-1987.500000	0.000000	0.000000	
20.624	-896.250000	0.000000	0.000000	-1987.500000	0.000000	0.000000	
20.635	-900.000000	0.000000	0.000000	-1987.500000	0.000000	0.000000	
20.647	-900.000000	0.000000	0.000000	-1987.500000	0.000000	0.000000	
20.659	-900.000000	0.000000	0.000000	-1987.500000	0.000000	0.000000	
20.670	-900.000000	0.000000	0.000000	-1987.500000	0.000000	0.000000	
20.682	-900.000000	0.000000	0.000000	-1987.500000	0.000000	0.000000	
20.693	-900.000000	0.000000	0.000000	-1987.500000	0.000000	0.000000	
20.705	-900.000000	0.000000	0.000000	-1987.500000	0.000000	0.000000	
20.716	-900.000000	0.000000	0.000000	-1995.000000	0.000000	0.000000	
20.728	-900.000000	0.000000	0.000000	-1995.000000	0.000000	0.000000	
20.740	-900.000000	0.000000	0.000000	-1998.750000	0.000000	0.000000	
20.751	-896.250000	0.000000	0.000000	-1998.750000	0.000000	0.000000	
20.763	-896.250000	0.000000	0.000000	-1998.750000	0.000000	0.000000	
20.775	-896.250000	0.000000	0.000000	-1998.750000	0.000000	0.000000	
20.786	-896.250000	0.000000	0.000000	-1998.750000	0.000000	0.000000	
20.798	-896.250000	0.000000	0.000000	-1998.750000	0.000000	0.000000	
20.809	-896.250000	0.000000	0.000000	-1998.750000	0.000000	0.000000	
20.821	-896.250000	0.000000	0.000000	-1998.750000	0.000000	0.000000	
20.832	-896.250000	0.000000	0.000000	-1998.750000	0.000000	0.000000	
20.844	-896.250000	0.000000	0.000000	-1998.750000	0.000000	0.000000	
20.856	-896.250000	0.000000	0.000000	-1788.750000	8.114145	0.000000	
20.867	-896.250000	0.000000	0.000000	-1395.000000	3.378151	0.472252	
20.879	-896.250000	0.000000	0.000000	-1428.750000	0.000000	3.129690	
20.890	-896.250000	0.000000	0.000000	-2133.750000	0.000000	3.284726	
20.902	-896.250000	0.000000	0.000000	-2238.750000	6.083139	2.767009	
20.914	-896.250000	0.000000	0.000000	-1957.500000	0.000000	4.666488	
20.925	-896.250000	0.000000	0.000000	-2111.250000	0.000000	6.455468	
20.937	-896.250000	0.000000	0.000000	-2141.250000	1.349072	5.729551	
20.949	-896.250000	0.000000	0.000000	-2077.500000	0.000000	4.641933	
20.960	-896.250000	0.000000	0.000000	-2103.750000	0.348123	5.171619	
20.972	-896.250000	0.000000	0.000000	-2107.500000	0.000000	3.911420	
20.983	-896.250000	0.000000	0.000000	-2107.500000	0.000000	3.476800	
20.995	-900.000000	0.000000	0.000000	-2107.500000	0.000000	2.396942	
21.009	-900.000000	0.000000	0.000000	-2107.500000	0.000000	1.879315	
21.019	-900.000000	0.000000	0.000000	-2107.500000	0.000000	0.861509	
21.031	-900.000000	0.000000	0.000000	-2107.500000	0.000000	0.418450	
21.042	-900.000000	0.000000	0.000000	-2107.500000	0.000000	0.000000	
21.054	-900.000000	0.000000	0.000000	-2107.500000	0.000000	0.000000	
21.065	-900.000000	0.000000	0.000000	-2107.500000	0.000000	0.000000	
21.077	-900.000000	0.000000	0.000000	-2107.500000	0.000000	0.000000	
21.089	-900.000000	0.000000	0.000000	-2107.500000	0.000000	0.000000	
21.100	-900.000000	0.000000	0.000000	-2107.500000	0.000000	0.000000	
21.112	-900.000000	0.000000	0.000000	-2111.250000	0.336383	0.000000	
21.124	-900.000000	0.000000	0.000000	-2111.250000	0.000000	0.000000	
21.135	-900.000000	0.000000	0.000000	-2111.250000	0.000000	0.000000	
21.147	-900.000000	0.000000	0.000000	-2111.250000	0.000000	0.000000	
21.158	-900.000000	0.000000	0.000000	-2111.250000	0.000000	0.000000	
21.170	-900.000000	0.000000	0.000000	-2111.250000	0.000000	0.000000	
21.182	-900.000000	0.000000	0.000000	-2025.000000	5.556027	0.000000	
21.193	-900.000000	0.000000	0.000000	-1721.250000	1.010576	0.000000	
21.205	-900.000000	0.000000	0.000000	-2002.500000	0.000000	0.000000	
21.217	-900.000000	0.000000	0.000000	-2257.500000	1.686681	0.000000	
21.228	-900.000000	0.000000	0.000000	-2047.500000	2.024017	0.000000	
21.240	-900.000000	0.000000	0.000000	-2073.750000	0.000000	0.512487	
21.252	-900.000000	0.000000	0.000000	-2133.750000	1.013651	0.000000	
21.263	-900.000000	0.000000	0.000000	-2100.000000	0.000000	0.000000	
21.275	-900.000000	0.000000	0.000000	-2107.500000	0.000000	0.000000	
21.286	-900.000000	0.000000	0.000000	-2107.500000	0.000000	0.000000	
21.298	-900.000000	0.000000	0.000000	-2107.500000	0.000000	0.000000	
21.310	-900.000000	0.000000	0.000000	-2107.500000	0.000000	0.000000	
21.321	-900.000000	0.000000	0.000000	-2107.500000	0.000000	0.000000	
21.333	-900.000000	0.000000	0.000000	-2111.250000	0.000000	0.000000	
21.344	-900.000000	0.000000	0.000000	-2111.250000	0.000000	0.000000	
21.356	-900.000000	0.000000	0.000000	-2111.250000	0.000000	0.000000	
21.368	-900.000000	0.000000	0.000000	-2111.250000	0.000000	0.000000	
21.379	-900.000000	0.000000	0.000000	-2111.250000	0.000000	0.000000	
21.391	-900.000000	0.000000	0.000000	-2111.250000	0.000000	0.000000	
21.403	-900.000000	0.000000	0.000000	-2111.250000	0.000000	0.000000	
21.414	-900.000000	0.000000	0.000000	-2111.250000	0.000000	0.000000	
21.426	-900.000000	0.000000	0.000000	-2111.250000	0.000000	0.000000	
21.438	-900.000000	0.000000	0.000000	-2111.250000	0.000000	0.000000	
21.449	-900.000000	0.000000	0.000000	-2111.250000	0.000000	0.000000	
21.461	-900.000000	0.000000	0.000000	-2111.250000	0.000000	0.000000	
21.472	-900.000000	0.000000	0.000000	-2111.250000	0.000000	0.000000	
21.484	-900.000000	0.000000	0.000000	-2111.250000	0.000000	0.000000	
21.493	-900.000000	0.000000	0.000000	-2107.500000	1.045460	0.000000	
21.504	-900.000000	0.000000	0.000000	-1826.250000	4.741913	0.000000	
21.515	-900.000000	0.000000	0.000000	-1908.750000	0.000000	0.000000	
21.527	-900.000000	0.000000	0.000000	-2261.250000	0.000000	0.000000	
21.539	-900.000000	0.000000	0.000000	-2111.250000	3.368587	0.000000	
21.551	-900.000000	0.000000	0.000000	-2066.250000	0.000000	0.000000	
21.562	-900.000000	0.000000	0.000000	-2148.750000	0.349804	0.205681	
21.574	-900.000000	0.000000	0.000000	-2111.250000	0.673854	0.000000	
21.586	-900.000000	0.000000	0.000000	-2111.250000	0.000000	0.000000	
21.597	-900.000000	0.000000	0.000000	-2115.000000	0.000000	0.000000	
21.609	-900.000000	0.000000	0.000000	-2115.000000	0.000000	0.000000	
21.620	-900.000000	0.000000	0.000000	-2115.000000	0.000000	0.000000	
21.632	-900.000000	0.000000	0.000000	-2115.000000	0.000000	0.000000	
21.644	-900.000000	0.000000	0.000000	-2115.000000	0.000000	0.000000	
21.655	-900.000000	0.000000	0.000000	-2115.000000	0.000000	0.000000	
21.667	-900.000000	0.000000	0.000000	-2115.000000	0.000000	0.000000	
21.679	-900.000000	0.000000	0.000000	-2115.000000	0.000000	0.000000	
21.690	-900.000000	0.000000	0.000000	-2115.000000	0.000000	0.000000	
21.702	-900.000000	0.000000	0.000000	-2115.000000	0.000000	0.000000	
21.713	-900.000000	0.000000	0.000000	-2115.000000	0.000000	0.000000	
21.725	-900.000000	0.000000	0.000000	-2115.000000	0.000000	0.000000	
21.737	-900.000000	0.000000	0.000000	-2115.000000	0.000000	0.000000	
21.748	-900.000000	0.000000	0.000000	-2115.000000	0.000000	0.000000	
21.760	-900.000000	0.000000	0.000000	-2115.000000	0.000000	0.000000	
21.772	-900.000000	0.000000	0.000000	-2115.000000	0.000000	0.000000	
21.783	-900.000000	0.000000	0.000000	-2115.000000	0.000000	0.000000	
21.795	-900.000000	0.000000	0.000000	-2115.000000	0.000000	0.000000	
21.806	-900.000000	0.000000	0.000000	-1830.000000	3.439534	0.000000	
21.818	-900.000000	0.000000	0.000000	-1935.000000	0.000000	0.000000	
21.830	-900.000000	0.000000	0.000000	-2250.000000	0.000000	0.000000	
21.841	-900.000000	0.000000	0.000000	-2107.500000	2.364706	0.000000	
21.853	-900.000000	0.000000	0.000000	-2081.250000	0.000000	0.874952	
21.864	-900.000000	0.000000	0.000000	-2145.000000	0.000000	0.811608	
21.876	-900.000000	0.000000	0.000000	-2115.000000	0.675356	0.091415	
21.888	-900.000000	0.000000	0.000000	-2118.750000	0.000000	0.053655	
21.899	-900.000000	0.000000	0.000000	-2118.750000	0.000000	0.000000	
21.911	-900.000000	0.000000	0.000000	-2118.750000	0.000000	0.000000	
21.922	-900.000000	0.000000	0.000000	-2118.750000	0.000000	0.000000	
21.934	-900.000000	0.000000	0.000000	-2118.750000	0.000000	0.000000	
21.946	-900.000000	0.000000	0.000000	-2118.750000	0.000000	0.000000	
21.957	-900.000000	0.000000	0.000000	-2118.750000	0.000000	0.000000	
21.969	-900.000000	0.000000	0.000000	-2118.750000	0.000000	0.000000	
21.980	-900.000000	0.000000	0.000000	-2118.750000	0.000000	0.000000	
21.992	-900.000000	0.000000	0.000000	-2118.750000	0.000000	0.000000	
22.004	-900.000000	0.000000	0.000000	-2118.750000	0.000000	0.000000	
22.015	-900.000000	0.000000	0.000000	-2118.750000	0.000000	0.000000	
22.027	-900.000000	0.000000	0.000000	-2122.500000	0.000000	0.000000	
22.038	-900.000000	0.000000	0.000000	-2122.500000	0.000000	0.000000	
22.050	-900.000000	0.000000	0.000000	-2122.500000	0.000000	0.000000	
22.062	-900.000000	0.000000	0.000000	-2122.500000	0.000000	0.000000	
22.073	-900.000000	0.000000	0.000000	-2122.500000	0.000000	0.000000	
22.085	-900.000000	0.000000	0.000000	-2122.500000	0.000000	0.000000	
22.097	-900.000000	0.000000	0.000000	-2115.000000	0.674536	0.000000	
22.108	-900.000000	0.000000	0.000000	-1740.000000	5.976439	0.000000	
22.120	-900.000000	0.000000	0.000000	-1683.750000	0.000000	0.335455	
22.131	-900.000000	0.000000	0.000000	-2238.750000	0.000000	1.764135	
22.143	-900.000000	0.000000	0.000000	-2253.750000	4.804435	1.283063	
22.155	-900.000000	0.000000	0.000000	-2051.250000	0.000000	1.184379	
22.166	-900.000000	0.000000	0.000000	-2178.750000	0.000000	4.156791	
22.178	-900.000000	0.000000	0.000000	-2178.750000	1.690790	3.523608	
22.189	-900.000000	0.000000	0.000000	-2148.750000	0.000000	2.852658	
22.201	-900.000000	0.000000	0.000000	-2167.500000	0.000000	2.662134	
22.213	-900.000000	0.000000	0.000000	-2167.500000	0.000000	1.658514	
22.224	-900.000000	0.000000	0.000000	-2167.500000	0.000000	1.211314	
22.236	-900.000000	0.000000	0.000000	-2167.500000	0.000000	0.437077	
22.248	-900.000000	0.000000	0.000000	-2167.500000	0.000000	0.076948	
22.259	-900.000000	0.000000	0.000000	-2167.500000	0.000000	0.000000	
22.271	-900.000000	0.000000	0.000000	-2167.500000	0.000000	0.000000	
22.282	-900.000000	0.000000	0.000000	-2167.500000	0.000000	0.000000	
22.294	-900.000000	0.000000	0.000000	-2167.500000	0.000000	0.000000	
22.306	-900.000000	0.000000	0.000000	-2167.500000	0.000000	0.000000	
22.317	-900.000000	0.000000	0.000000	-2167.500000	0.000000	0.000000	
22.329	-900.000000	0.000000	0.000000	-2167.500000	0.000000	0.000000	
22.341	-900.000000	0.000000	0.000000	-2167.500000	0.000000	0.000000	
22.352	-900.000000	0.000000	0.000000	-2167.500000	0.000000	0.000000	
22.364	-900.000000	0.000000	0.000000	-2167.500000	0.000000	0.000000	
22.375	-900.000000	0.000000	0.000000	-2167.500000	0.000000	0.000000	
22.387	-900.000000	0.000000	0.000000	-2156.250000	0.691476	0.000000	
22.399	-900.000000	0.000000	0.000000	-2152.500000	0.000000	0.000000	
22.411	-900.000000	0.000000	0.000000	-2182.500000	0.000000	0.000000	
22.422	-900.000000	0.000000	0.000000	-2175.000000	0.000000	0.000000	
22.434	-900.000000	0.000000	0.000000	-2175.000000	0.000000	0.000000	
22.446	-900.000000	0.000000	0.000000	-2175.000000	0.000000	0.000000	
22.457	-900.000000	0.000000	0.000000	-2175.000000	0.000000	0.000000	
22.469	-900.000000	0.000000	0.000000	-2175.000000	0.000000	0.000000	
22.481	-900.000000	0.000000	0.000000	-2175.000000	0.000000	0.000000	
22.492	-900.000000	0.000000	0.000000	-2175.000000	0.000000	0.000000	
22.504	-900.000000	0.000000	0.000000	-2175.000000	0.000000	0.000000	
22.515	-900.000000	0.000000	0.000000	-2175.000000	0.000000	0.000000	
22.527	-900.000000	0.000000	0.000000	-2175.000000	0.000000	0.000000	
22.538	-900.000000	0.000000	0.000000	-2175.000000	0.000000	0.000000	
22.550	-900.000000	0.000000	0.000000	-2175.000000	0.000000	0.000000	
22.562	-900.000000	0.000000	0.000000	-2175.000000	0.000000	0.000000	
22.573	-900.000000	0.000000	0.000000	-2175.000000	0.000000	0.000000	
22.585	-900.000000	0.000000	0.000000	-2175.000000	0.000000	0.000000	
22.596	-900.000000	0.000000	0.000000	-2175.000000	0.000000	0.000000	
22.608	-900.000000	0.000000	0.000000	-2175.000000	0.000000	0.000000	
22.620	-900.000000	0.000000	0.000000	-2175.000000	0.000000	0.000000	
22.631	-900.000000	0.000000	0.000000	-2175.000000	0.000000	0.000000	
22.643	-900.000000	0.000000	0.000000	-2175.000000	0.000000	0.000000	
22.654	-900.000000	0.000000	0.000000	-2175.000000	0.000000	0.000000	
22.666	-900.000000	0.000000	0.000000	-2175.000000	0.000000	0.000000	
22.678	-900.000000	0.000000	0.000000	-1938.750000	8.110853	0.000000	
22.689	-900.000000	0.000000	0.000000	-1533.750000	3.039720	0.000000	
22.701	-900.000000	0.000000	0.000000	-1736.250000	0.000000	2.389109	
22.710	-900.000000	0.000000	0.000000	-2295.000000	0.000000	1.880666	
22.721	-900.000000	0.000000	0.000000	-2310.000000	6.067138	1.373200	
22.733	-900.000000	0.000000	0.000000	-2058.750000	0.000000	4.365451	
22.745	-900.000000	0.000000	0.000000	-2223.750000	0.000000	5.802390	
22.756	-900.000000	0.000000	0.000000	-2235.000000	2.654608	4.432995	
22.768	-900.000000	0.000000	0.000000	-2178.750000	0.000000	4.360879	
22.779	-900.000000	0.000000	0.000000	-2208.750000	0.322510	4.193803	
22.791	-900.000000	0.000000	0.000000	-2201.250000	0.995875	2.990202	
22.803	-900.000000	0.000000	0.000000	-2201.250000	0.000000	2.483554	
22.814	-900.000000	0.000000	0.000000	-2201.250000	0.000000	1.520998	
22.826	-900.000000	0.000000	0.000000	-2201.250000	0.000000	1.090137	
22.837	-900.000000	0.000000	0.000000	-2201.250000	0.000000	0.336519	
22.849	-900.000000	0.000000	0.000000	-2201.250000	0.000000	0.000000	
22.861	-900.000000	0.000000	0.000000	-2201.250000	0.000000	0.000000	
22.872	-900.000000	0.000000	0.000000	-2201.250000	0.000000	0.000000	
22.884	-900.000000	0.000000	0.000000	-2201.250000	0.000000	0.000000	
22.896	-900.000000	0.000000	0.000000	-2201.250000	0.000000	0.000000	
22.907	-900.000000	0.000000	0.000000	-2201.250000	0.000000	0.000000	
22.919	-900.000000	0.000000	0.000000	-2201.250000	0.000000	0.000000	
22.930	-900.000000	0.000000	0.000000	-2201.250000	0.000000	0.000000	
22.942	-900.000000	0.000000	0.000000	-2201.250000	0.000000	0.000000	
22.953	-900.000000	0.000000	0.000000	-2201.250000	0.000000	0.000000	
22.965	-900.000000	0.000000	0.000000	-2201.250000	0.000000	0.000000	
22.977	-900.000000	0.000000	0.000000	-2201.250000	0.000000	0.000000	
22.989	-900.000000	0.000000	0.000000	-1931.250000	5.395195	0.000000	
23.000	-900.000000	0.000000	0.000000	-1927.500000	0.000000	0.000000	
23.012	-900.000000	0.000000	0.000000	-2325.000000	0.000000	0.116916	
23.023	-900.000000	0.000000	0.000000	-2216.250000	4.052959	0.000000	
23.035	-900.000000	0.000000	0.000000	-2126.250000	0.000000	0.576610	
23.047	-900.000000	0.000000	0.000000	-2235.000000	0.000000	1.619406	
23.058	-900.000000	0.000000	0.000000	-2197.500000	0.678796	1.206992	
23.070	-900.000000	0.000000	0.000000	-2190.000000	0.000000	1.390446	
23.082	-900.000000	0.000000	0.000000	-2197.500000	0.000000	0.984213	
23.093	-900.000000	0.000000	0.000000	-2197.500000	0.000000	0.256873	
23.105	-900.000000	0.000000	0.000000	-2197.500000	0.000000	0.000000	
23.116	-900.000000	0.000000	0.000000	-2197.500000	0.000000	0.000000	
23.128	-900.000000	0.000000	0.000000	-2197.500000	0.000000	0.000000	
23.140	-900.000000	0.000000	0.000000	-2197.500000	0.000000	0.000000	
23.151	-900.000000	0.000000	0.000000	-2197.500000	0.000000	0.000000	
23.163	-900.000000	0.000000	0.000000	-2197.500000	0.000000	0.000000	
23.175	-900.000000	0.000000	0.000000	-2197.500000	0.000000	0.000000	
23.186	-900.000000	0.000000	0.000000	-2197.500000	0.000000	0.000000	
23.198	-900.000000	0.000000	0.000000	-2197.500000	0.000000	0.000000	
23.209	-900.000000	0.000000	0.000000	-2197.500000	0.000000	0.000000	
23.221	-900.000000	0.000000	0.000000	-2197.500000	0.000000	0.000000	
23.233	-900.000000	0.000000	0.000000	-2201.250000	0.000000	0.000000	
23.244	-900.000000	0.000000	0.000000	-2201.250000	0.000000	0.000000	
23.256	-900.000000	0.000000	0.000000	-2201.250000	0.000000	0.000000	
23.268	-900.000000	0.000000	0.000000	-2201.250000	0.000000	0.000000	
23.279	-900.000000	0.000000	0.000000	-2201.250000	0.000000	0.000000	
23.291	-900.000000	0.000000	0.000000	-2148.750000	4.719840	0.000000	
23.302	-900.000000	0.000000	0.000000	-2040.000000	0.000000	0.000000	
23.314	-900.000000	0.000000	0.000000	-2257.500000	0.000000	0.000000	
23.326	-900.000000	0.000000	0.000000	-2223.750000	1.684294	0.000000	
23.337	-900.000000	0.000000	0.000000	-2171.250000	0.000000	0.000000	
23.349	-900.000000	0.000000	0.000000	-2220.000000	0.343670	0.000000	
23.360	-900.000000	0.000000	0.000000	-2205.000000	1.015298	0.000000	
23.372	-900.000000	0.000000	0.000000	-2205.000000	0.000000	0.000000	
23.383	-900.000000	0.000000	0.000000	-2205.000000	0.000000	0.000000	
23.395	-900.000000	0.000000	0.000000	-2205.000000	0.000000	0.000000	
23.407	-900.000000	0.000000	0.000000	-2205.000000	0.000000	0.000000	
23.419	-900.000000	0.000000	0.000000	-2205.000000	0.000000	0.000000	
23.430	-900.000000	0.000000	0.000000	-2201.250000	0.000000	0.000000	
23.442	-900.000000	0.000000	0.000000	-2201.250000	0.000000	0.000000	
23.453	-900.000000	0.000000	0.000000	-2201.250000	0.000000	0.000000	
23.465	-900.000000	0.000000	0.000000	-2201.250000	0.000000	0.000000	
23.477	-900.000000	0.000000	0.000000	-2201.250000	0.000000	0.000000	
23.488	-900.000000	0.000000	0.000000	-2201.250000	0.000000	0.000000	
23.500	-900.000000	0.000000	0.000000	-2201.250000	0.000000	0.000000	
23.511	-900.000000	0.000000	0.000000	-2201.250000	0.000000	0.000000	
23.523	-900.000000	0.000000	0.000000	-2201.250000	0.000000	0.000000	
23.534	-900.000000	0.000000	0.000000	-2201.250000	0.000000	0.000000	
23.546	-900.000000	0.000000	0.000000	-2201.250000	0.000000	0.000000	
23.558	-900.000000	0.000000	0.000000	-2201.250000	0.000000	0.000000	
23.569	-900.000000	0.000000	0.000000	-1886.250000	5.773299	0.000000	
23.581	-900.000000	0.000000	0.000000	-1938.750000	0.000000	0.000000	
23.593	-900.000000	0.000000	0.000000	-2366.250000	0.000000	0.142139	
23.604	-900.000000	0.000000	0.000000	-2197.500000	4.046396	0.000000	
23.616	-900.000000	0.000000	0.000000	-2137.500000	0.000000	2.189940	
23.627	-900.000000	0.000000	0.000000	-2246.250000	0.665508	2.687016	
23.639	-900.000000	0.000000	0.000000	-2205.000000	0.679905	1.713378	
23.651	-900.000000	0.000000	0.000000	-2201.250000	0.337473	1.650164	
23.662	-900.000000	0.000000	0.000000	-2208.750000	0.000000	1.115941	
23.674	-900.000000	0.000000	0.000000	-2208.750000	0.000000	0.710904	
23.686	-900.000000	0.000000	0.000000	-2208.750000	0.000000	0.336897	
23.697	-900.000000	0.000000	0.000000	-2208.750000	0.000000	0.000000	
23.709	-900.000000	0.000000	0.000000	-2208.750000	0.000000	0.000000	
23.720	-900.000000	0.000000	0.000000	-2208.750000	0.000000	0.000000	
23.732	-900.000000	0.000000	0.000000	-2208.750000	0.000000	0.000000	
23.744	-900.000000	0.000000	0.000000	-2208.750000	0.000000	0.000000	
23.755	-900.000000	0.000000	0.000000	-2208.750000	0.000000	0.000000	
23.767	-900.000000	0.000000	0.000000	-2208.750000	0.000000	0.000000	
23.779	-900.000000	0.000000	0.000000	-2208.750000	0.000000	0.000000	
23.790	-900.000000	0.000000	0.000000	-2208.750000	0.000000	0.000000	
23.802	-900.000000	0.000000	0.000000	-2208.750000	0.000000	0.000000	
23.814	-900.000000	0.000000	0.000000	-2208.750000	0.000000	0.000000	
23.825	-900.000000	0.000000	0.000000	-2212.500000	0.000000	0.000000	
23.837	-900.000000	0.000000	0.000000	-2212.500000	0.000000	0.000000	
23.848	-900.000000	0.000000	0.000000	-2216.250000	0.000000	0.000000	
23.860	-900.000000	0.000000	0.000000	-2216.250000	0.000000	0.000000	
23.872	-900.000000	0.000000	0.000000	-2216.250000	0.000000	0.000000	
23.883	-900.000000	0.000000	0.000000	-2216.250000	0.000000	0.000000	
23.895	-900.000000	0.000000	0.000000	-2216.250000	0.000000	0.000000	
23.906	-900.000000	0.000000	0.000000	-2216.250000	0.000000	0.000000	
23.918	-900.000000	0.000000	0.000000	-2216.250000	0.000000	0.000000	
23.930	-900.000000	0.000000	0.000000	-2137.500000	6.465692	0.000000	
23.941	-900.000000	0.000000	0.000000	-1646.250000	6.726293	0.000000	
23.953	-900.000000	0.000000	0.000000	-1470.000000	0.000000	3.499765	
23.964	-903.750000	0.281398	0.000000	-2115.000000	0.000000	4.758847	
23.976	-907.500000	0.000000	0.000000	-2505.000000	3.686065	3.547894	
23.988	-907.500000	0.000000	0.000000	-2100.000000	3.650813	3.724572	
23.999	-907.500000	0.000000	0.000000	-2163.750000	0.000000	8.702243	
24.011	-907.500000	0.000000	0.000000	-2302.500000	1.011599	7.828986	
24.022	-907.500000	0.000000	0.000000	-2205.000000	0.673581	6.651445	
24.034	-907.500000	0.000000	0.000000	-2231.250000	0.000000	6.925151	
24.046	-907.500000	0.000000	0.000000	-2246.250000	0.000000	6.182225	
24.057	-907.500000	0.000000	0.000000	-2238.750000	0.000000	4.839730	
24.069	-907.500000	0.000000	0.000000	-2238.750000	0.000000	4.240852	
24.081	-907.500000	0.000000	0.000000	-2238.750000	0.000000	3.194959	
24.093	-907.500000	0.000000	0.000000	-2238.750000	0.000000	2.707942	
24.104	-907.500000	0.000000	0.000000	-2242.500000	0.000000	1.852463	
24.116	-907.500000	0.000000	0.000000	-2246.250000	0.000000	1.475069	
24.128	-907.500000	0.000000	0.000000	-2246.250000	0.000000	0.898597	
24.139	-907.500000	0.000000	0.000000	-2246.250000	0.000000	0.550355	
24.151	-907.500000	0.000000	0.000000	-2246.250000	0.000000	0.000000	
24.163	-907.500000	0.000000	0.000000	-2250.000000	0.000000	0.000000	
24.174	-907.500000	0.000000	0.000000	-2250.000000	0.000000	0.000000	
24.186	-907.500000	0.000000	0.000000	-2250.000000	0.000000	0.000000	
24.198	-903.750000	0.000000	0.000000	-2250.000000	0.000000	0.000000	
24.210	-903.750000	0.000000	0.000000	-2250.000000	0.000000	0.000000	
24.221	-903.750000	0.000000	0.000000	-2253.750000	0.000000	0.000000	
24.233	-903.750000	0.000000	0.000000	-2253.750000	0.000000	0.000000	
24.245	-903.750000	0.000000	0.000000	-2253.750000	0.000000	0.000000	
24.256	-903.750000	0.000000	0.000000	-2253.750000	0.000000	0.000000	
24.268	-903.750000	0.000000	0.000000	-2253.750000	0.000000	0.000000	
24.279	-903.750000	0.000000	0.000000	-2253.750000	0.000000	0.000000	
24.291	-903.750000	0.000000	0.000000	-2253.750000	0.000000	0.000000	
24.302	-903.750000	0.000000	0.000000	-2253.750000	0.000000	0.000000	
24.314	-903.750000	0.000000	0.000000	-2253.750000	0.000000	0.000000	
24.326	-903.750000	0.000000	0.000000	-2253.750000	0.000000	0.000000	
24.337	-903.750000	0.000000	0.000000	-2253.750000	0.000000	0.000000	
24.349	-903.750000	0.000000	0.000000	-2253.750000	0.000000	0.000000	
24.360	-903.750000	0.000000	0.000000	-2253.750000	0.000000	0.000000	
24.372	-903.750000	0.000000	0.000000	-2253.750000	0.000000	0.000000	
24.384	-903.750000	0.000000	0.000000	-2253.750000	0.000000	0.000000	
24.395	-903.750000	0.000000	0.000000	-2253.750000	0.000000	0.000000	
24.407	-903.750000	0.000000	0.000000	-2257.500000	0.000000	0.000000	
24.419	-903.750000	0.000000	0.000000	-2257.500000	0.000000	0.000000	
24.430	-903.750000	0.000000	0.000000	-2257.500000	0.000000	0.000000	
24.442	-903.750000	0.000000	0.000000	-2257.500000	0.000000	0.000000	
24.453	-900.000000	0.000000	0.000000	-2261.250000	0.000000	0.000000	
24.465	-900.000000	0.000000	0.000000	-2261.250000	0.000000	0.000000	
24.477	-900.000000	0.000000	0.000000	-2261.250000	0.000000	0.000000	
24.488	-900.000000	0.000000	0.000000	-2261.250000	0.000000	0.000000	
24.500	-900.000000	0.000000	0.000000	-2261.250000	0.000000	0.000000	
24.511	-900.000000	0.000000	0.000000	-2261.250000	0.000000	0.000000	
24.523	-900.000000	0.000000	0.000000	-2261.250000	0.000000	0.000000	
24.534	-900.000000	0.000000	0.000000	-2250.000000	1.009759	0.000000	
24.546	-900.000000	0.000000	0.000000	-2208.750000	0.669251	0.000000	
24.558	-900.000000	0.000000	0.000000	-2160.000000	0.676316	0.000000	
24.569	-900.000000	0.000000	0.000000	-2126.250000	0.000000	0.000000	
24.581	-900.000000	0.000000	0.000000	-2100.000000	0.000000	0.000000	
24.593	-900.000000	0.000000	0.000000	-2081.250000	1.012419	0.000000	
24.604	-900.000000	0.000000	0.000000	-2070.000000	0.000000	0.000000	
24.616	-900.000000	0.000000	0.000000	-2066.250000	0.000000	0.000000	
24.627	-900.000000	0.000000	0.000000	-2070.000000	0.000000	0.000000	
24.639	-900.000000	0.000000	0.000000	-2092.500000	0.000000	0.000000	
24.651	-900.000000	0.000000	0.000000	-2145.000000	0.000000	0.000000	
24.662	-900.000000	0.000000	0.000000	-2178.750000	0.000000	0.000000	
24.674	-900.000000	0.000000	0.000000	-2208.750000	0.000000	0.000000	
24.685	-900.000000	0.000000	0.000000	-2235.000000	0.337200	0.000000	
24.697	-900.000000	0.000000	0.000000	-2250.000000	0.332687	0.000000	
24.708	-900.000000	0.000000	0.000000	-2253.750000	0.000000	0.000000	
24.720	-900.000000	0.000000	0.000000	-2257.500000	0.000000	0.000000	
24.731	-900.000000	0.000000	0.000000	-2257.500000	0.000000	0.000000	
24.743	-900.000000	0.000000	0.000000	-2257.500000	0.000000	0.000000	
24.755	-900.000000	0.000000	0.000000	-2257.500000	0.000000	0.000000	
24.766	-900.000000	0.000000	0.000000	-2246.250000	0.000000	0.000000	
24.778	-900.000000	0.000000	0.000000	-2216.250000	0.670194	0.000000	
24.789	-900.000000	0.000000	0.000000	-2163.750000	1.688733	0.000000	
24.801	-900.000000	0.000000	0.000000	-2096.250000	1.347980	0.000000	
24.813	-900.000000	0.000000	0.000000	-2006.250000	1.349892	0.000000	
24.824	-900.000000	0.000000	0.000000	-1935.000000	0.336791	0.000000	
24.836	-900.000000	0.000000	0.000000	-1905.000000	0.000000	0.000000	
24.847	-900.000000	0.000000	0.000000	-1905.000000	0.000000	0.000000	
24.859	-900.000000	0.000000	0.000000	-1916.250000	0.000000	0.000000	
24.871	-900.000000	0.000000	0.000000	-1957.500000	0.000000	0.000000	
24.882	-900.000000	0.000000	0.000000	-2013.750000	0.000000	0.000000	
24.894	-900.000000	0.000000	0.000000	-2077.500000	0.000000	0.000000	
24.906	-900.000000	0.000000	0.000000	-2152.500000	0.000000	0.000000	
24.917	-900.000000	0.000000	0.000000	-2208.750000	0.000000	0.000000	
24.929	-900.000000	0.000000	0.000000	-2242.500000	0.000000	0.000000	
24.941	-900.000000	0.000000	0.000000	-2253.750000	0.000000	0.000000	
24.952	-900.000000	0.000000	0.000000	-2253.750000	0.000000	0.000000	
24.964	-900.000000	0.000000	0.000000	-2253.750000	0.000000	0.000000	
24.975	-900.000000	0.000000	0.000000	-2253.750000	0.000000	0.000000	
24.987	-900.000000	0.000000	0.000000	-2250.000000	0.000000	0.000000	
24.999	-900.000000	0.000000	0.000000	-2220.000000	0.674672	0.000000	
25.010	-900.000000	0.000000	0.000000	-2167.500000	1.675484	0.000000	
25.022	-900.000000	0.000000	0.000000	-2096.250000	1.352358	0.000000	
25.033	-900.000000	0.000000	0.000000	-1980.000000	2.025248	0.000000	
25.045	-900.000000	0.000000	0.000000	-1860.000000	1.025929	0.000000	
25.057	-900.000000	0.000000	0.000000	-1762.500000	1.349892	0.000000	
25.068	-900.000000	0.000000	0.000000	-1691.250000	0.674809	0.000000	
25.080	-900.000000	0.000000	0.000000	-1665.000000	0.000000	0.000000	
25.092	-900.000000	0.000000	0.000000	-1672.500000	0.000000	0.000000	
25.103	-900.000000	0.000000	0.000000	-1710.000000	0.000000	0.000000	
25.115	-900.000000	0.000000	0.000000	-1777.500000	0.000000	0.000000	
25.126	-900.000000	0.000000	0.000000	-1867.500000	0.000000	0.000000	
25.138	-900.000000	0.000000	0.000000	-1953.750000	0.000000	0.000000	
25.149	-900.000000	0.000000	0.000000	-2036.250000	0.000000	0.000000	
25.161	-900.000000	0.000000	0.000000	-2111.250000	0.000000	0.000000	
25.173	-900.000000	0.000000	0.000000	-2182.500000	0.000000	0.000000	
25.184	-900.000000	0.000000	0.000000	-2212.500000	0.339398	0.000000	
25.196	-900.000000	0.000000	0.000000	-2231.250000	0.000000	0.000000	
25.208	-900.000000	0.000000	0.000000	-2242.500000	0.000000	0.000000	
25.219	-900.000000	0.000000	0.000000	-2246.250000	0.000000	0.000000	
25.231	-900.000000	0.000000	0.000000	-2246.250000	0.000000	0.000000	
25.242	-900.000000	0.000000	0.000000	-2257.500000	0.000000	0.000000	
25.254	-900.000000	0.000000	0.000000	-2261.250000	0.000000	0.000000	
25.266	-900.000000	0.000000	0.000000	-2261.250000	0.000000	0.000000	
25.277	-900.000000	0.000000	0.000000	-2265.000000	0.339398	0.000000	
25.292	-900.000000	0.000000	0.000000	-2265.000000	0.000000	0.000000	
25.302	-900.000000	0.000000	0.000000	-2265.000000	0.000000	0.000000	
25.313	-900.000000	0.000000	0.000000	-2268.750000	0.000000	0.000000	
25.325	-900.000000	0.000000	0.000000	-2268.750000	0.000000	0.000000	
25.337	-900.000000	0.000000	0.000000	-2272.500000	0.000000	0.000000	
25.348	-900.000000	0.000000	0.000000	-2272.500000	0.000000	0.000000	
25.360	-900.000000	0.000000	0.000000	-2272.500000	0.000000	0.000000	
25.371	-900.000000	0.000000	0.000000	-2272.500000	0.000000	0.000000	
25.383	-900.000000	0.000000	0.000000	-2272.500000	0.000000	0.000000	
25.394	-900.000000	0.000000	0.000000	-2272.500000	0.000000	0.000000	
25.406	-900.000000	0.000000	0.000000	-2272.500000	0.000000	0.000000	
25.418	-900.000000	0.000000	0.000000	-2272.500000	0.000000	0.000000	
25.429	-900.000000	0.000000	0.000000	-2272.500000	0.000000	0.000000	
25.441	-900.000000	0.000000	0.000000	-2272.500000	0.000000	0.000000	
25.453	-900.000000	0.000000	0.000000	-2268.750000	0.000000	0.000000	
25.464	-900.000000	0.000000	0.000000	-2265.000000	0.000000	0.000000	
25.476	-900.000000	0.000000	0.000000	-2261.250000	0.000000	0.000000	
25.487	-900.000000	0.000000	0.000000	-2253.750000	0.000000	0.000000	
25.499	-900.000000	0.000000	0.000000	-2242.500000	0.000000	0.000000	
25.511	-900.000000	0.000000	0.000000	-2223.750000	0.000000	0.000000	
25.522	-900.000000	0.000000	0.000000	-2205.000000	0.000000	0.000000	
25.534	-900.000000	0.000000	0.000000	-2171.250000	0.676042	0.000000	
25.546	-900.000000	0.000000	0.000000	-2122.500000	0.675904	0.000000	
25.557	-900.000000	0.000000	0.000000	-2077.500000	0.674809	0.000000	
25.569	-900.000000	0.000000	0.000000	-2021.250000	1.673800	0.000000	
25.581	-900.000000	0.000000	0.000000	-1942.500000	1.352083	0.000000	
25.592	-900.000000	0.000000	0.000000	-1863.750000	0.679627	0.000000	
25.604	-900.000000	0.000000	0.000000	-1815.000000	0.668983	0.000000	
25.615	-900.000000	0.000000	0.000000	-1766.250000	0.675767	0.000000	
25.627	-900.000000	0.000000	0.000000	-1698.750000	1.405710	0.000000	
25.639	-900.000000	0.000000	0.000000	-1590.000000	1.012009	0.000000	
25.651	-900.000000	0.000000	0.000000	-1466.250000	1.013445	0.000000	
25.662	-900.000000	0.000000	0.000000	-1372.500000	1.350439	0.106771	
25.674	-900.000000	0.000000	0.000000	-1305.000000	0.674536	0.851005	
25.686	-900.000000	0.000000	0.000000	-1267.500000	0.675904	0.789620	
25.697	-900.000000	0.000000	0.000000	-1245.000000	0.000000	1.193018	
25.709	-900.000000	0.000000	0.000000	-1237.500000	0.000000	1.002048	
25.721	-900.000000	0.000000	0.000000	-1237.500000	0.000000	1.293999	
25.732	-900.000000	0.000000	0.000000	-1271.250000	0.000000	0.823723	
25.744	-900.000000	0.000000	0.000000	-1335.000000	0.000000	0.641792	
25.755	-900.000000	0.000000	0.000000	-1436.250000	0.000000	0.324395	
25.767	-900.000000	0.000000	0.000000	-1548.750000	0.000000	0.191011	
25.779	-900.000000	0.000000	0.000000	-1695.000000	0.000000	0.000000	
25.791	-900.000000	0.000000	0.000000	-1852.500000	0.000000	0.000000	
25.802	-900.000000	0.000000	0.000000	-1965.000000	0.000000	0.000000	
25.814	-900.000000	0.000000	0.000000	-2025.000000	0.000000	0.000000	
25.825	-900.000000	0.000000	0.000000	-2055.000000	0.337747	0.000000	
25.837	-900.000000	0.000000	0.000000	-2077.500000	0.338227	0.000000	
25.849	-900.000000	0.000000	0.000000	-2081.250000	0.000000	0.000000	
25.860	-900.000000	0.000000	0.000000	-2081.250000	0.000000	0.000000	
25.872	-900.000000	0.000000	0.000000	-2081.250000	0.000000	0.000000	
25.884	-900.000000	0.000000	0.000000	-2073.750000	0.000000	0.000000	
25.895	-900.000000	0.000000	0.000000	-2051.250000	0.000000	0.000000	
25.907	-900.000000	0.000000	0.000000	-2006.250000	1.679877	0.000000	
25.919	-900.000000	0.000000	0.000000	-1931.250000	1.353456	0.000000	
25.930	-900.000000	0.000000	0.000000	-1833.750000	2.355629	0.000000	
25.942	-900.000000	0.000000	0.000000	-1725.000000	2.359920	0.000000	
25.953	-900.000000	0.000000	0.000000	-1612.500000	1.012009	0.620065	
25.965	-900.000000	0.000000	0.000000	-1518.750000	1.352358	1.392269	
25.977	-900.000000	0.000000	0.000000	-1443.750000	1.341737	2.027272	
25.989	-900.000000	0.000000	0.000000	-1346.250000	1.010168	1.977960	
26.000	-900.000000	0.000000	0.000000	-1237.500000	1.012624	2.379810	
26.012	-900.000000	0.000000	0.000000	-1147.500000	1.339310	3.028976	
26.024	-900.000000	0.000000	0.000000	-1072.500000	0.338708	3.426686	
26.035	-900.000000	0.000000	0.000000	-1027.500000	0.980439	4.311793	
26.047	-900.000000	0.000000	0.000000	-1031.250000	0.000000	4.227272	
26.059	-900.000000	0.000000	0.000000	-1061.250000	0.000000	3.443183	
26.070	-900.000000	0.000000	0.000000	-1106.250000	0.000000	3.104063	
26.082	-900.000000	0.000000	0.000000	-1170.000000	0.000000	2.530276	
26.094	-900.000000	0.000000	0.000000	-1293.750000	0.000000	2.270725	
26.105	-900.000000	0.000000	0.000000	-1481.250000	0.000000	1.800882	
26.117	-900.000000	0.000000	0.000000	-1657.500000	0.000000	1.596153	
26.129	-900.000000	0.000000	0.000000	-1751.250000	0.000000	1.382905	
26.140	-900.000000	0.000000	0.000000	-1755.000000	0.000000	0.971087	
26.152	-900.000000	0.000000	0.000000	-1777.500000	0.000000	0.780576	
26.164	-900.000000	0.000000	0.000000	-1848.750000	0.000000	0.448960	
26.175	-900.000000	0.000000	0.000000	-1912.500000	0.337610	0.286861	
26.187	-900.000000	0.000000	0.000000	-1927.500000	0.000000	0.000000	
26.199	-900.000000	0.000000	0.000000	-1927.500000	0.000000	0.011758	
26.210	-900.000000	0.000000	0.000000	-1927.500000	0.000000	0.000000	
26.222	-900.000000	0.000000	0.000000	-1920.000000	0.000000	0.000000	
26.233	-900.000000	0.000000	0.000000	-1871.250000	1.690447	0.000000	
26.245	-900.000000	0.000000	0.000000	-1807.500000	1.358977	0.000000	
26.257	-900.000000	0.000000	0.000000	-1695.000000	2.024017	0.751444	
26.268	-900.000000	0.000000	0.000000	-1537.500000	2.703618	2.214498	
26.280	-900.000000	0.000000	0.000000	-1372.500000	2.782654	2.974075	
26.292	-900.000000	0.000000	0.000000	-1211.250000	12.462092	5.220791	
26.304	-900.000000	0.000000	0.000000	-1091.250000	5.068254	4.656479	
26.315	-900.000000	0.000000	0.000000	-1008.750000	3.480013	4.502607	
26.327	-900.000000	0.000000	0.000000	-933.750000	0.000000	5.373521	
26.339	-900.000000	0.000000	0.000000	-836.250000	0.000000	6.729452	
26.350	-900.000000	0.000000	0.000000	-738.750000	5.249264	6.496572	
26.362	-900.000000	0.000000	0.000000	-701.250000	0.000000	9.009882	
26.373	-900.000000	0.000000	0.000000	-716.250000	0.000000	9.565117	
26.385	-900.000000	0.000000	0.000000	-772.500000	0.000000	9.183815	
26.397	-900.000000	0.000000	0.000000	-885.000000	0.000000	8.528174	
26.409	-900.000000	0.000000	0.000000	-1087.500000	0.000000	7.487366	
26.420	-900.000000	0.000000	0.000000	-1361.250000	0.000000	7.015322	
26.432	-900.000000	0.000000	0.000000	-1680.000000	0.000000	6.133205	
26.444	-900.000000	0.000000	0.000000	-1867.500000	0.000000	5.742998	
26.455	-900.000000	0.000000	0.000000	-1882.500000	0.000000	4.939671	
26.467	-900.000000	0.000000	0.000000	-1893.750000	0.000000	4.566390	
26.479	-900.000000	0.000000	0.000000	-1927.500000	0.000000	4.116722	
26.490	-900.000000	0.000000	0.000000	-1927.500000	0.000000	3.800272	
26.502	-900.000000	0.000000	0.000000	-1927.500000	0.000000	3.214230	
26.514	-900.000000	0.000000	0.000000	-1927.500000	0.000000	2.927237	
26.526	-900.000000	0.000000	0.000000	-1920.000000	0.000000	2.669744	
26.537	-900.000000	0.000000	0.000000	-1890.000000	0.661412	2.206050	
26.549	-900.000000	0.000000	0.000000	-1848.750000	1.699415	2.061198	
26.561	-900.000000	0.000000	0.000000	-1773.750000	1.351809	2.451966	
26.572	-900.000000	0.000000	0.000000	-1661.250000	2.362789	2.983556	
26.584	-900.000000	0.000000	0.000000	-1537.500000	2.083076	4.333388	
26.596	-900.000000	0.000000	0.000000	-1387.500000	1.730846	5.115938	
26.607	-900.000000	0.000000	0.000000	-1233.750000	2.083510	7.122041	
26.619	-900.000000	0.000000	0.000000	-1140.000000	1.352632	7.684171	
26.631	-900.000000	0.000000	0.000000	-1080.000000	0.675904	8.516582	
26.642	-900.000000	0.000000	0.000000	-1057.500000	0.000000	8.348355	
26.654	-900.000000	0.000000	0.000000	-1057.500000	0.000000	7.855838	
26.666	-900.000000	0.000000	0.000000	-1057.500000	0.000000	7.013926	
26.677	-900.000000	0.000000	0.000000	-1057.500000	0.000000	6.629758	
26.689	-900.000000	0.000000	0.000000	-1083.750000	0.000000	5.988789	
26.701	-900.000000	0.000000	0.000000	-1158.750000	0.000000	5.845213	
26.712	-900.000000	0.000000	0.000000	-1293.750000	0.000000	5.291678	
26.724	-900.000000	0.000000	0.000000	-1462.500000	0.000000	5.028609	
26.736	-900.000000	0.000000	0.000000	-1695.000000	0.000000	4.528852	
26.747	-900.000000	0.000000	0.000000	-1882.500000	0.000000	4.291115	
26.759	-900.000000	0.000000	0.000000	-1912.500000	1.020690	3.751567	
26.771	-900.000000	0.000000	0.000000	-1912.500000	0.000000	3.479014	
26.782	-900.000000	0.000000	0.000000	-1923.750000	0.337952	3.002775	
26.794	-900.000000	0.000000	0.000000	-1923.750000	0.000000	2.922987	
26.806	-900.000000	0.000000	0.000000	-1897.500000	0.659709	2.664439	
26.817	-900.000000	0.000000	0.000000	-1837.500000	1.655173	2.819196	
26.829	-900.000000	0.000000	0.000000	-1747.500000	2.358011	2.989361	
26.841	-900.000000	0.000000	0.000000	-1612.500000	1.689076	4.659173	
26.852	-900.000000	0.000000	0.000000	-1428.750000	3.709196	5.538415	
26.864	-900.000000	0.000000	0.000000	-1215.000000	4.484358	7.179158	
26.876	-900.000000	0.000000	0.000000	-1005.000000	2.759033	9.066628	
26.887	-900.000000	0.000000	0.000000	-855.000000	2.022789	10.828237	
26.899	-900.000000	0.000000	0.000000	-742.500000	1.351809	11.090783	
26.911	-900.000000	0.000000	0.000000	-697.500000	0.000000	11.326081	
26.922	-900.000000	0.000000	0.000000	-705.000000	0.000000	10.565419	
26.934	-900.000000	0.000000	0.000000	-738.750000	0.000000	9.926625	
26.945	-900.000000	0.000000	0.000000	-821.250000	0.000000	8.808391	
26.957	-900.000000	0.000000	0.000000	-941.250000	0.000000	8.223312	
26.969	-900.000000	0.000000	0.000000	-1170.000000	0.000000	7.189107	
26.980	-900.000000	0.000000	0.000000	-1462.500000	0.000000	6.691143	
26.992	-900.000000	0.000000	0.000000	-1777.500000	0.000000	5.749061	
27.003	-900.000000	0.000000	0.000000	-1908.750000	0.343953	5.323665	
27.015	-900.000000	0.000000	0.000000	-1901.250000	0.000000	4.440958	
27.027	-900.000000	0.000000	0.000000	-1908.750000	0.000000	4.029066	
27.038	-900.000000	0.000000	0.000000	-1920.000000	0.000000	3.290006	
27.050	-900.000000	0.000000	0.000000	-1920.000000	0.000000	2.933605	
27.062	-900.000000	0.000000	0.000000	-1920.000000	0.000000	2.591213	
27.073	-900.000000	0.000000	0.000000	-1897.500000	0.000000	1.966554	
27.085	-900.000000	0.000000	0.000000	-1852.500000	0.336586	1.739160	
27.097	-900.000000	0.000000	0.000000	-1755.000000	2.366145	2.166394	
27.108	-900.000000	0.000000	0.000000	-1597.500000	2.698690	2.706048	
27.120	-900.000000	0.000000	0.000000	-1425.000000	2.769929	4.209488	
27.132	-900.000000	0.000000	0.000000	-1226.250000	2.405687	5.800697	
27.143	-900.000000	0.000000	0.000000	-1076.250000	2.037219	8.232656	
27.155	-900.000000	0.000000	0.000000	-952.500000	1.012829	9.033716	
27.166	-900.000000	0.000000	0.000000	-870.000000	1.348799	8.943115	
27.178	-900.000000	0.000000	0.000000	-813.750000	0.665774	8.341687	
27.190	-900.000000	0.000000	0.000000	-802.500000	0.000000	7.933169	
27.201	-900.000000	0.000000	0.000000	-802.500000	0.000000	6.842971	
27.213	-900.000000	0.000000	0.000000	-836.250000	0.000000	6.364305	
27.225	-900.000000	0.000000	0.000000	-930.000000	0.000000	5.546537	
27.236	-900.000000	0.000000	0.000000	-1091.250000	0.000000	5.173008	
27.248	-900.000000	0.000000	0.000000	-1361.250000	0.000000	4.488420	
27.259	-900.000000	0.000000	0.000000	-1661.250000	0.000000	4.184449	
27.271	-900.000000	0.000000	0.000000	-1841.250000	0.000000	3.554635	
27.283	-900.000000	0.000000	0.000000	-1875.000000	0.000000	3.242796	
27.294	-900.000000	0.000000	0.000000	-1886.250000	0.000000	2.939918	
27.306	-900.000000	0.000000	0.000000	-1908.750000	0.000000	2.595073	
27.318	-900.000000	0.000000	0.000000	-1893.750000	0.664049	2.323961	
27.329	-900.000000	0.000000	0.000000	-1845.000000	0.663916	2.464263	
27.341	-900.000000	0.000000	0.000000	-1762.500000	1.013651	2.653008	
27.352	-900.000000	0.000000	0.000000	-1620.000000	2.687262	3.842302	
27.364	-900.000000	0.000000	0.000000	-1413.750000	3.374046	4.734813	
27.376	-900.000000	0.000000	0.000000	-1192.500000	3.409264	7.444642	
27.388	-900.000000	0.000000	0.000000	-997.500000	1.688049	9.365560	
27.400	-900.000000	0.000000	0.000000	-877.500000	2.033903	11.359870	
27.412	-900.000000	0.000000	0.000000	-817.500000	0.675767	11.668716	
27.423	-900.000000	0.000000	0.000000	-802.500000	0.000000	11.244038	
27.435	-900.000000	0.000000	0.000000	-802.500000	0.000000	11.000778	
27.446	-900.000000	0.000000	0.000000	-821.250000	0.000000	10.260339	
27.458	-900.000000	0.000000	0.000000	-900.000000	0.000000	8.966054	
27.470	-900.000000	0.000000	0.000000	-1068.750000	0.000000	8.362140	
27.481	-900.000000	0.000000	0.000000	-1320.000000	0.000000	7.260986	
27.493	-900.000000	0.000000	0.000000	-1578.750000	0.000000	6.751061	
27.505	-900.000000	0.000000	0.000000	-1818.750000	0.000000	5.820874	
27.516	-900.000000	0.000000	0.000000	-1905.000000	0.338021	5.357699	
27.528	-900.000000	0.000000	0.000000	-1905.000000	0.000000	4.463755	
27.540	-900.000000	0.000000	0.000000	-1916.250000	0.000000	4.048047	
27.551	-900.000000	0.000000	0.000000	-1927.500000	0.000000	3.303328	
27.563	-900.000000	0.000000	0.000000	-1920.000000	0.000000	2.942211	
27.575	-900.000000	0.000000	0.000000	-1875.000000	0.343457	2.594640	
27.586	-900.000000	0.000000	0.000000	-1803.750000	1.348799	2.386271	
27.598	-900.000000	0.000000	0.000000	-1676.250000	1.687023	2.332850	
27.610	-900.000000	0.000000	0.000000	-1466.250000	4.387148	3.902318	
27.621	-900.000000	0.000000	0.000000	-1181.250000	5.062094	5.588642	
27.633	-900.000000	0.000000	0.000000	-933.750000	3.014053	9.774786	
27.645	-900.000000	0.000000	0.000000	-723.750000	1.686340	11.261501	
27.656	-900.000000	0.000000	0.000000	-622.500000	0.675356	13.281198	
27.668	-900.000000	0.000000	0.000000	-611.250000	0.000000	13.409489	
27.679	-900.000000	0.000000	0.000000	-630.000000	0.337678	11.969307	
27.691	-900.000000	0.000000	0.000000	-682.500000	0.000000	11.280936	
27.703	-900.000000	0.000000	0.000000	-806.250000	0.000000	9.617882	
27.714	-900.000000	0.000000	0.000000	-1016.250000	0.000000	8.861585	
27.726	-900.000000	0.000000	0.000000	-1297.500000	0.000000	8.145151	
27.738	-900.000000	0.000000	0.000000	-1635.000000	0.000000	6.842312	
27.749	-900.000000	0.000000	0.000000	-1867.500000	0.000000	6.212049	
27.761	-900.000000	0.000000	0.000000	-1923.750000	1.143808	5.019494	
27.773	-900.000000	0.000000	0.000000	-1905.000000	0.000000	4.459338	
27.784	-900.000000	0.000000	0.000000	-1905.000000	0.000000	3.436182	
27.796	-900.000000	0.000000	0.000000	-1886.250000	1.013240	2.998042	
27.808	-900.000000	0.000000	0.000000	-1845.000000	0.667508	2.762540	
27.819	-900.000000	0.000000	0.000000	-1781.250000	1.347980	2.688275	
27.831	-900.000000	0.000000	0.000000	-1657.500000	2.063294	2.626932	
27.843	-900.000000	0.000000	0.000000	-1455.000000	3.039720	4.582126	
27.854	-900.000000	0.000000	0.000000	-1196.250000	3.705446	6.302334	
27.866	-900.000000	0.000000	0.000000	-918.750000	4.093630	10.324597	
27.878	-900.000000	0.000000	0.000000	-705.000000	2.745392	11.778689	
27.886	-900.000000	0.000000	0.000000	-615.000000	1.363985	12.832681	
27.898	-900.000000	0.000000	0.000000	-588.750000	0.000000	13.961889	
27.910	-900.000000	0.000000	0.000000	-618.750000	0.000000	13.303782	
27.921	-900.000000	0.000000	0.000000	-705.000000	0.000000	11.395845	
27.933	-900.000000	0.000000	0.000000	-836.250000	0.000000	10.541996	
27.945	-900.000000	0.000000	0.000000	-1053.750000	0.000000	9.049741	
27.956	-900.000000	0.000000	0.000000	-1372.500000	0.000000	8.346927	
27.968	-900.000000	0.000000	0.000000	-1728.750000	0.000000	7.041282	
27.980	-900.000000	0.000000	0.000000	-1950.000000	0.000000	6.468642	
27.992	-900.000000	0.000000	0.000000	-1946.250000	0.670733	5.302079	
28.003	-900.000000	0.000000	0.000000	-1886.250000	0.000000	4.956610	
28.015	-900.000000	0.000000	0.000000	-1882.500000	0.000000	5.285045	
28.027	-900.000000	0.000000	0.000000	-1860.000000	0.676179	4.358145	
28.038	-900.000000	0.000000	0.000000	-1751.250000	2.045140	4.569122	
28.050	-900.000000	0.000000	0.000000	-1590.000000	3.724275	5.836495	
28.062	-900.000000	0.000000	0.000000	-1368.750000	4.387148	6.968018	
28.074	-900.000000	0.000000	0.000000	-1125.000000	3.412057	9.949414	
28.085	-900.000000	0.000000	0.000000	-915.000000	3.370632	11.751602	
28.097	-900.000000	0.000000	0.000000	-727.500000	3.045277	14.311270	
28.109	-900.000000	0.000000	0.000000	-626.250000	0.671951	15.364290	
28.120	-900.000000	0.000000	0.000000	-626.250000	0.000000	15.471893	
28.132	-900.000000	0.000000	0.000000	-671.250000	0.000000	14.410197	
28.144	-900.000000	0.000000	0.000000	-783.750000	0.000000	12.498215	
28.155	-900.000000	0.000000	0.000000	-948.750000	0.000000	11.636121	
28.167	-900.000000	0.000000	0.000000	-1177.500000	0.000000	10.875884	
28.179	-900.000000	0.000000	0.000000	-1507.500000	0.000000	9.373566	
28.190	-900.000000	0.000000	0.000000	-1852.500000	0.000000	8.671235	
28.202	-900.000000	0.000000	0.000000	-2055.000000	0.000000	7.370942	
28.214	-900.000000	0.000000	0.000000	-2100.000000	0.000000	6.714615	
28.226	-900.000000	0.000000	0.000000	-2148.750000	0.000000	5.663419	
28.237	-900.000000	0.000000	0.000000	-2231.250000	0.000000	5.105921	
28.249	-900.000000	0.000000	0.000000	-2250.000000	0.000000	3.975107	
28.261	-900.000000	0.000000	0.000000	-2253.750000	0.000000	3.438880	
28.272	-900.000000	0.000000	0.000000	-2268.750000	0.000000	2.489381	
28.284	-900.000000	0.000000	0.000000	-2268.750000	0.000000	2.187357	
28.296	-900.000000	0.000000	0.000000	-2268.750000	0.000000	1.273965	
28.307	-900.000000	0.000000	0.000000	-2268.750000	0.000000	0.871569	
28.319	-900.000000	0.000000	0.000000	-2268.750000	0.000000	0.067335	
28.331	-900.000000	0.000000	0.000000	-2268.750000	0.000000	0.000000	
28.342	-900.000000	0.000000	0.000000	-2276.250000	0.000000	0.000000	
28.354	-900.000000	0.000000	0.000000	-2276.250000	0.000000	0.000000	
28.366	-900.000000	0.000000	0.000000	-2276.250000	0.000000	0.000000	
28.377	-900.000000	0.000000	0.000000	-2280.000000	0.000000	0.000000	
28.389	-896.250000	0.842317	0.000000	-2280.000000	0.000000	0.000000	
28.401	-896.250000	0.000000	0.000000	-2280.000000	0.000000	0.000000	
28.412	-896.250000	0.000000	0.000000	-2280.000000	0.000000	0.000000	
28.424	-896.250000	0.000000	0.000000	-2280.000000	0.000000	0.000000	
28.435	-896.250000	0.000000	0.000000	-2280.000000	0.000000	0.000000	
28.447	-896.250000	0.000000	0.000000	-2280.000000	0.000000	0.000000	
28.459	-896.250000	0.000000	0.000000	-2280.000000	0.000000	0.000000	
28.471	-896.250000	0.000000	0.000000	-2280.000000	0.000000	0.000000	
28.482	-896.250000	0.000000	0.000000	-2280.000000	0.000000	0.000000	
28.494	-896.250000	0.000000	0.000000	-2280.000000	0.000000	0.000000	
28.505	-896.250000	0.000000	0.000000	-2280.000000	0.000000	0.000000	
28.517	-896.250000	0.000000	0.000000	-2280.000000	0.000000	0.000000	
28.528	-896.250000	0.000000	0.000000	-2280.000000	0.000000	0.000000	
28.540	-896.250000	0.000000	0.000000	-2280.000000	0.000000	0.000000	
28.552	-896.250000	0.000000	0.000000	-2280.000000	0.000000	0.000000	
28.563	-896.250000	0.000000	0.000000	-2280.000000	0.000000	0.000000	
28.575	-896.250000	0.000000	0.000000	-2280.000000	0.000000	0.000000	
28.586	-896.250000	0.000000	0.000000	-2280.000000	0.000000	0.000000	
28.598	-896.250000	0.000000	0.000000	-2280.000000	0.000000	0.000000	
28.610	-896.250000	0.000000	0.000000	-2276.250000	0.000000	0.000000	
28.621	-896.250000	0.000000	0.000000	-2276.250000	0.000000	0.000000	
28.633	-896.250000	0.000000	0.000000	-2276.250000	0.000000	0.000000	
28.645	-896.250000	0.000000	0.000000	-2276.250000	0.000000	0.000000	
28.656	-896.250000	0.000000	0.000000	-2276.250000	0.000000	0.000000	
28.668	-896.250000	0.000000	0.000000	-2276.250000	0.000000	0.000000	
28.679	-896.250000	0.000000	0.000000	-2276.250000	0.000000	0.000000	
28.691	-896.250000	0.000000	0.000000	-2276.250000	0.000000	0.000000	
28.703	-896.250000	0.000000	0.000000	-2276.250000	0.000000	0.000000	
28.714	-896.250000	0.000000	0.000000	-2276.250000	0.000000	0.000000	
28.726	-896.250000	0.000000	0.000000	-2276.250000	0.000000	0.000000	
28.737	-896.250000	0.000000	0.000000	-2276.250000	0.000000	0.000000	
28.749	-896.250000	0.000000	0.000000	-2276.250000	0.000000	0.000000	
28.760	-892.500000	0.000000	0.000000	-2276.250000	0.000000	0.000000	
28.772	-888.750000	0.000000	0.000000	-2280.000000	0.338364	0.000000	
28.783	-888.750000	0.000000	0.000000	-2280.000000	0.000000	0.000000	
28.795	-888.750000	0.000000	0.000000	-2280.000000	0.000000	0.000000	
28.806	-888.750000	0.000000	0.000000	-2283.750000	0.000000	0.000000	
28.818	-885.000000	0.000000	0.000000	-2283.750000	0.000000	0.000000	
28.830	-881.250000	0.837068	0.000000	-2283.750000	0.000000	0.000000	
28.841	-881.250000	0.000000	0.000000	-2287.500000	0.000000	0.000000	
28.853	-881.250000	0.000000	0.000000	-2287.500000	0.000000	0.000000	
28.864	-877.500000	0.000000	0.000000	-2291.250000	0.000000	0.000000	
28.876	-877.500000	0.000000	0.000000	-2291.250000	0.000000	0.000000	
28.887	-877.500000	0.000000	0.000000	-2291.250000	0.000000	0.000000	
28.899	-877.500000	0.000000	0.000000	-2291.250000	0.000000	0.000000	
28.911	-877.500000	0.000000	0.000000	-2291.250000	0.000000	0.000000	
28.922	-877.500000	0.000000	0.000000	-2291.250000	0.000000	0.000000	
28.934	-877.500000	0.000000	0.000000	-2295.000000	0.000000	0.000000	
28.945	-877.500000	0.000000	0.000000	-2295.000000	0.000000	0.000000	
28.957	-873.750000	0.000000	0.000000	-2295.000000	0.000000	0.000000	
28.969	-873.750000	0.000000	0.000000	-2295.000000	0.000000	0.000000	
28.980	-873.750000	0.000000	0.000000	-2295.000000	0.000000	0.000000	
28.992	-873.750000	0.000000	0.000000	-2295.000000	0.000000	0.000000	
29.004	-873.750000	0.000000	0.000000	-2295.000000	0.000000	0.000000	
29.015	-873.750000	0.000000	0.000000	-2295.000000	0.000000	0.000000	
29.027	-873.750000	0.000000	0.000000	-2295.000000	0.000000	0.000000	
29.038	-873.750000	0.000000	0.000000	-2295.000000	0.000000	0.000000	
29.050	-873.750000	0.000000	0.000000	-2295.000000	0.000000	0.000000	
29.062	-873.750000	0.000000	0.000000	-2295.000000	0.000000	0.000000	
29.073	-873.750000	0.000000	0.000000	-2295.000000	0.000000	0.000000	
29.085	-881.250000	0.000000	0.000000	-2291.250000	0.000000	0.000000	
29.097	-885.000000	0.000000	0.000000	-2287.500000	0.000000	0.000000	
29.108	-888.750000	0.000000	0.000000	-2283.750000	0.995676	0.000000	
29.120	-888.750000	0.000000	0.000000	-2283.750000	0.000000	0.000000	
29.132	-892.500000	0.000000	0.000000	-2283.750000	0.000000	0.000000	
29.143	-896.250000	0.000000	0.000000	-2280.000000	0.000000	0.000000	
29.155	-900.000000	0.000000	0.000000	-2280.000000	0.000000	0.000000	
29.167	-903.750000	0.000000	0.000000	-2276.250000	0.000000	0.000000	
29.178	-907.500000	0.000000	0.000000	-2272.500000	0.000000	0.000000	
29.190	-907.500000	0.000000	0.000000	-2268.750000	0.000000	0.000000	
29.201	-907.500000	0.000000	0.000000	-2265.000000	0.000000	0.000000	
29.213	-911.250000	0.000000	0.000000	-2261.250000	0.000000	0.000000	
29.225	-911.250000	0.000000	0.000000	-2261.250000	0.000000	0.000000	
29.237	-911.250000	0.000000	0.000000	-2261.250000	0.000000	0.000000	
29.248	-911.250000	0.000000	0.000000	-2261.250000	0.000000	0.000000	
29.260	-911.250000	0.000000	0.000000	-2261.250000	0.000000	0.000000	
29.271	-911.250000	0.000000	0.000000	-2261.250000	0.000000	0.000000	
29.283	-911.250000	0.000000	0.000000	-2261.250000	0.000000	0.000000	
29.295	-911.250000	0.000000	0.000000	-2261.250000	0.000000	0.000000	
29.306	-911.250000	0.000000	0.000000	-2261.250000	0.000000	0.000000	
29.318	-911.250000	0.000000	0.000000	-2261.250000	0.000000	0.000000	
29.330	-911.250000	0.000000	0.000000	-2261.250000	0.000000	0.000000	
29.341	-911.250000	0.000000	0.000000	-2261.250000	0.000000	0.000000	
29.353	-911.250000	0.000000	0.000000	-2261.250000	0.000000	0.000000	
29.365	-911.250000	0.000000	0.000000	-2261.250000	0.000000	0.000000	
29.376	-911.250000	0.000000	0.000000	-2261.250000	0.000000	0.000000	
29.388	-911.250000	0.000000	0.000000	-2261.250000	0.000000	0.000000	
29.400	-911.250000	0.000000	0.000000	-2261.250000	0.000000	0.000000	
29.411	-911.250000	0.000000	0.000000	-2261.250000	0.000000	0.000000	
29.423	-911.250000	0.000000	0.000000	-2261.250000	0.000000	0.000000	
29.435	-911.250000	0.000000	0.000000	-2261.250000	0.000000	0.000000	
29.447	-911.250000	0.000000	0.000000	-2261.250000	0.000000	0.000000	
29.458	-911.250000	0.000000	0.000000	-2261.250000	0.000000	0.000000	
29.470	-911.250000	0.000000	0.000000	-2253.750000	0.996073	0.000000	
29.482	-915.000000	0.279304	0.000000	-2250.000000	0.000000	0.000000	
29.493	-918.750000	0.000000	0.000000	-2246.250000	0.000000	0.000000	
29.505	-922.500000	0.276853	0.000000	-2238.750000	0.996669	0.000000	
29.517	-926.250000	0.000000	0.000000	-2235.000000	0.000000	0.000000	
29.528	-930.000000	0.000000	0.000000	-2231.250000	0.000000	0.000000	
29.540	-930.000000	0.000000	0.000000	-2231.250000	0.000000	0.000000	
29.552	-933.750000	0.000000	0.000000	-2227.500000	0.000000	0.000000	
29.563	-933.750000	0.000000	0.000000	-2227.500000	0.000000	0.000000	
29.575	-933.750000	0.000000	0.000000	-2227.500000	0.000000	0.000000	
29.587	-933.750000	0.000000	0.000000	-2227.500000	0.000000	0.000000	
29.599	-933.750000	0.000000	0.000000	-2227.500000	0.000000	0.000000	
29.610	-933.750000	0.000000	0.000000	-2227.500000	0.000000	0.000000	
29.622	-933.750000	0.000000	0.000000	-2227.500000	0.000000	0.000000	
29.634	-933.750000	0.000000	0.000000	-2235.000000	0.000000	0.000000	
29.646	-933.750000	0.000000	0.000000	-2235.000000	0.000000	0.000000	
29.657	-622.500000	3.718484	0.000000	-1965.000000	4.118936	0.000000	
29.668	-56.250000	12.738376	0.000000	-1496.250000	11.567822	0.000000	
29.680	412.500000	15.936131	0.000000	-1098.750000	15.461438	0.000000	
29.691	776.250000	2.377459	0.000000	-783.750000	2.139713	0.000000	
29.703	1117.500000	9.886056	0.000000	-468.750000	10.636033	0.000000	
29.714	1320.000000	0.872677	0.000000	-255.000000	1.047213	0.000000	
29.726	1466.250000	2.666933	0.000000	-60.000000	5.600559	0.000000	
29.737	1518.750000	1.767579	0.000000	60.000000	6.363284	0.000000	
29.749	1522.500000	0.000000	0.000000	135.000000	1.214706	0.000000	
29.760	1522.500000	0.000000	0.000000	157.500000	0.000000	0.000000	
29.771	1522.500000	0.000000	0.000000	157.500000	0.000000	0.000000	
29.783	1522.500000	0.000000	0.000000	157.500000	0.000000	0.000000	
29.794	1522.500000	0.000000	0.000000	157.500000	0.000000	0.000000	
29.806	1522.500000	0.000000	0.000000	157.500000	0.000000	0.000000	
29.817	1522.500000	0.000000	0.000000	157.500000	0.000000	0.000000	
29.829	1522.500000	0.000000	0.000000	157.500000	0.000000	0.000000	
29.840	1522.500000	0.000000	0.000000	157.500000	0.000000	0.000000	
29.852	1522.500000	0.000000	0.000000	157.500000	0.000000	0.000000	
29.863	1522.500000	0.000000	0.000000	157.500000	0.000000	0.000000	
29.875	1522.500000	0.000000	0.000000	157.500000	0.000000	0.000000	
29.886	1522.500000	0.000000	0.000000	157.500000	0.000000	0.000000	
29.898	1522.500000	0.000000	0.000000	157.500000	0.000000	0.000000	
29.909	1522.500000	0.000000	0.000000	157.500000	0.000000	0.000000	
29.921	1522.500000	0.000000	0.000000	157.500000	0.000000	0.000000	
29.933	1522.500000	0.000000	0.000000	157.500000	0.000000	0.000000	
29.944	1522.500000	0.000000	0.000000	157.500000	0.000000	0.000000	
29.956	1522.500000	0.000000	0.000000	157.500000	0.000000	0.000000	
29.970	1522.500000	0.000000	0.000000	157.500000	0.000000	0.000000	
29.980	1522.500000	0.000000	0.000000	157.500000	0.000000	0.000000	
29.992	1522.500000	0.000000	0.000000	157.500000	0.000000	0.000000	
30.003	1522.500000	0.000000	0.000000	157.500000	0.000000	0.000000	
30.015	1522.500000	0.000000	0.000000	157.500000	0.000000	0.000000	
30.026	1522.500000	0.000000	0.000000	157.500000	0.000000	0.000000	
30.038	1522.500000	0.000000	0.000000	157.500000	0.000000	0.000000	
30.049	1522.500000	0.000000	0.000000	157.500000	0.000000	0.000000	
30.061	1522.500000	0.000000	0.000000	157.500000	0.000000	0.000000	
30.072	1522.500000	0.000000	0.000000	157.500000	0.000000	0.000000	
30.084	1522.500000	0.000000	0.000000	157.500000	0.000000	0.000000	
30.095	1522.500000	0.000000	0.000000	157.500000	0.000000	0.000000	
30.106	1522.500000	0.000000	0.000000	157.500000	0.000000	0.000000	
30.118	1522.500000	0.000000	0.000000	157.500000	0.000000	0.000000	
30.129	1522.500000	0.000000	0.000000	157.500000	0.000000	0.000000	
30.141	1522.500000	0.000000	0.000000	157.500000	0.000000	0.000000	
30.152	1522.500000	0.000000	0.000000	157.500000	0.000000	0.000000	
