24.898	0.998875	0.000000	0.852421	1.020925	0.000000	1.757925	
24.910	0.998875	0.000000	0.856688	1.020925	0.000000	1.758420	
24.921	0.998875	0.000000	0.858735	1.020925	0.000000	1.758353	
24.933	0.998875	0.000000	0.862176	1.020925	0.000000	1.757930	
24.944	0.998875	0.000000	0.863287	1.020925	0.000000	1.757718	
24.956	0.998875	0.000000	0.864243	1.020925	0.000000	1.757452	
24.967	0.998875	0.000000	0.864127	1.020925	0.000000	1.756804	
24.979	0.998875	0.000000	0.863871	1.020925	0.000000	1.756359	
24.990	0.998875	0.000000	0.862050	1.020925	0.000000	1.755555	
25.002	0.999438	0.056337	0.860497	1.020250	0.000000	1.755255	
25.013	1.000000	0.112515	0.911190	1.019575	0.000000	1.754394	
25.025	1.000000	0.112515	0.940997	1.018900	0.000000	1.753825	
25.036	1.000000	0.056178	0.974468	1.018900	0.000000	1.753297	
25.048	1.000000	0.000000	0.962410	1.018225	0.000000	1.750764	
25.059	1.000000	0.000000	0.943427	1.016875	0.000000	1.748947	
25.071	1.000563	0.054695	0.951117	1.016875	0.000000	1.742895	
25.082	1.000563	0.054695	0.945986	1.016875	0.000000	1.739163	
25.094	1.000563	0.054695	0.962009	1.016200	0.000000	1.730248	
25.105	1.000563	0.000000	0.953091	1.016200	0.000000	1.725475	
25.117	1.000563	0.000000	0.947583	1.016200	0.000000	1.714917	
25.128	1.000563	0.000000	0.938742	1.016200	0.000000	1.709473	
25.140	1.000563	0.000000	0.923228	1.016200	0.000000	1.703531	
25.151	1.000563	0.000000	0.916174	1.016200	0.000000	1.691697	
25.163	1.000563	0.000000	0.909792	1.016200	0.000000	1.685451	
25.174	1.000563	0.000000	0.898863	1.016200	0.000000	1.672926	
25.186	1.000563	0.000000	0.893936	1.016200	0.000000	1.666544	
25.197	1.000563	0.000000	0.885196	1.016200	0.000000	1.654153	
25.209	1.000563	0.000000	0.881355	1.016200	0.000000	1.648059	
25.220	1.000563	0.000000	0.873675	1.016200	0.000000	1.642553	
25.232	1.000563	0.000000	0.870093	1.016200	0.000000	1.631219	
25.243	1.000563	0.000000	0.863151	1.016200	0.000000	1.625844	
25.255	1.000563	0.000000	0.859619	1.016200	0.000000	1.616517	
25.266	1.000563	0.000000	0.856196	1.016875	0.067277	1.632482	
25.278	1.000563	0.000000	0.849886	1.016875	0.067277	1.649338	
25.289	1.000563	0.000000	0.846622	1.016875	0.067277	1.664240	
25.301	1.000563	0.000000	0.839293	1.016875	0.000000	1.659372	
25.312	1.000563	0.000000	0.835876	1.017550	0.067632	1.689638	
25.324	1.000563	0.000000	0.832295	1.018225	0.135568	1.704834	
25.335	1.000563	0.000000	0.825267	1.018225	0.067936	1.776837	
25.347	1.000563	0.000000	0.822094	1.018225	0.067936	1.785068	
25.358	1.000563	0.000000	0.815822	1.018225	0.000000	1.783336	
25.370	1.000563	0.000000	0.812950	1.018225	0.000000	1.773872	
25.381	1.000563	0.000000	0.808282	1.018225	0.000000	1.765162	
25.393	1.000563	0.000000	0.806441	1.018225	0.000000	1.750869	
25.404	1.000563	0.000000	0.803370	1.018225	0.000000	1.744398	
25.416	1.000563	0.000000	0.802170	1.018225	0.000000	1.732288	
25.427	1.000563	0.000000	0.801137	1.018225	0.000000	1.726977	
25.439	1.000563	0.000000	0.800016	1.018225	0.000000	1.716178	
25.450	1.000563	0.000000	0.799966	1.018225	0.000000	1.711008	
25.462	1.002813	0.227020	0.855360	1.017550	0.000000	1.701905	
25.477	1.006750	0.618786	1.139388	1.012150	0.000000	1.697592	
25.487	1.006750	0.506203	1.318964	1.009450	0.000000	1.692258	
25.499	1.006750	0.109363	1.392251	1.007425	0.000000	1.678493	
25.510	1.007313	0.055861	1.430591	1.003375	0.000000	1.670512	
25.522	1.011812	0.506620	1.497910	0.998650	0.000000	1.643292	
25.533	1.015750	0.899726	1.648384	0.994600	0.000000	1.623100	
25.545	1.016312	0.731572	2.077816	0.987175	0.000000	1.567628	
25.557	1.018000	0.375184	2.218783	0.979750	0.000000	1.528886	
25.569	1.022500	0.603583	2.417085	0.975700	0.000000	1.437498	
25.580	1.027000	1.016505	2.625561	0.970975	0.000000	1.386880	
25.592	1.028687	0.894670	3.057688	0.962875	0.000000	1.327117	
25.603	1.030375	0.613451	3.196224	0.957475	0.000000	1.190008	
25.615	1.034875	0.671975	3.307043	0.952750	0.000000	1.110147	
25.626	1.039937	1.064898	3.656624	0.947350	0.000000	0.935531	
25.638	1.042187	1.010965	3.899916	0.941950	0.000000	0.836919	
25.650	1.043875	0.677237	4.221952	0.936550	0.000000	0.619017	
25.661	1.048938	0.790115	4.345997	0.932500	0.000000	0.508009	
25.673	1.054562	1.238543	4.772789	0.927775	0.000000	0.248152	
25.685	1.055688	1.012162	4.989115	0.925075	0.000000	0.113907	
25.696	1.057938	0.617299	5.325244	0.922375	0.000000	0.000000	
25.708	1.063000	0.785868	5.462398	0.920350	0.000000	0.000000	
25.719	1.066937	1.067336	5.635826	0.914950	0.000000	0.000000	
25.731	1.069750	0.957233	6.041678	0.907525	0.000000	0.000000	
25.742	1.072000	0.730731	6.217271	0.900100	0.000000	0.000000	
25.754	1.077625	0.957947	6.564945	0.894700	0.000000	0.000000	
25.765	1.082125	1.183460	6.778774	0.889300	0.000000	0.000000	
25.777	1.083812	1.013696	7.244414	0.883225	0.000000	0.000000	
25.788	1.088313	0.844911	7.423577	0.877150	0.000000	0.000000	
25.800	1.092813	1.011889	7.798573	0.873100	0.000000	0.000000	
25.812	1.095062	0.955219	7.971135	0.868375	0.000000	0.000000	
25.823	1.098438	0.732827	8.128633	0.862300	0.000000	0.000000	
25.835	1.104063	1.014657	8.469222	0.856900	0.000000	0.000000	
25.846	1.106313	1.069201	8.639512	0.852850	0.000000	0.000000	
25.858	1.108562	0.786567	8.912717	0.848800	0.000000	0.000000	
25.869	1.112500	0.732341	9.046589	0.845425	0.000000	0.000000	
25.881	1.115312	0.789970	9.261025	0.841375	0.000000	0.000000	
25.892	1.117000	0.727317	9.351678	0.838675	0.000000	0.000000	
25.904	1.119250	0.555273	9.402122	0.834625	0.000000	0.000000	
25.915	1.122063	0.613270	9.531778	0.831250	0.000000	0.000000	
25.927	1.124313	0.613845	9.588736	0.827200	0.000000	0.000000	
25.938	1.126562	0.619585	9.715981	0.824500	0.000000	0.000000	
25.950	1.129375	0.624061	9.742925	0.822475	0.000000	0.000000	
25.961	1.132187	0.739131	9.890535	0.819775	0.000000	0.000000	
25.973	1.132750	0.508613	9.955927	0.817750	0.000000	0.000000	
25.984	1.133312	0.281834	9.964888	0.817075	0.000000	0.000000	
25.996	1.133875	0.112927	9.921550	0.816400	0.000000	0.000000	
26.007	1.134438	0.112470	9.867137	0.815725	0.000000	0.000000	
26.019	1.134438	0.056042	9.718436	0.815725	0.000000	0.000000	
26.031	1.134438	0.000000	9.631364	0.815725	0.000000	0.000000	
26.042	1.134438	0.000000	9.444875	0.815725	0.000000	0.000000	
26.054	1.134438	0.000000	9.357007	0.815725	0.000000	0.000000	
26.066	1.134438	0.000000	9.193297	0.815725	0.000000	0.000000	
26.077	1.134438	0.000000	9.121377	0.815725	0.000000	0.000000	
26.089	1.133875	0.000000	8.976232	0.815725	0.000000	0.000000	
26.100	1.131063	0.000000	8.907045	0.816400	0.067495	0.020249	
26.112	1.127687	0.000000	8.843960	0.819775	0.409106	0.061178	
26.123	1.124875	0.000000	8.713731	0.823150	0.741351	0.202066	
26.135	1.119812	0.000000	8.650014	0.825850	0.806790	0.242889	
26.146	1.115312	0.000000	8.525633	0.828550	0.743452	0.221621	
26.158	1.111375	0.000000	8.460107	0.834625	1.011121	0.243000	
26.169	1.107437	0.000000	8.323395	0.840700	1.418201	0.425460	
26.181	1.101250	0.000000	8.254052	0.842725	1.212728	0.424032	
26.192	1.096750	0.000000	8.089766	0.844750	0.812096	0.322998	
26.204	1.093938	0.000000	7.998260	0.854875	1.212648	0.304789	
26.215	1.090000	0.000000	7.899862	0.860950	1.756239	0.486715	
26.227	1.085500	0.000000	7.689885	0.860950	1.345344	0.443956	
26.238	1.083812	0.000000	7.571440	0.862300	0.476226	0.261842	
26.250	1.079875	0.000000	7.324697	0.873775	1.285787	0.345058	
26.261	1.074813	0.000000	7.188379	0.882550	2.168226	0.588259	
26.273	1.072562	0.000000	6.899979	0.879850	1.691114	0.630153	
26.284	1.069188	0.000000	6.749122	0.881200	0.678036	0.264447	
26.296	1.064125	0.000000	6.444718	0.891325	1.208800	0.182257	
26.307	1.061313	0.000000	6.282394	0.900775	2.082710	0.624716	
26.319	1.056813	0.000000	6.116904	0.898075	1.614868	0.604775	
26.331	1.052875	0.000000	5.787422	0.900100	0.609012	0.222050	
26.342	1.051188	0.000000	5.613566	0.910900	1.288171	0.223296	
26.354	1.047812	0.000000	5.259429	0.919000	2.099428	0.629828	
26.366	1.046125	0.000000	5.091253	0.917650	1.489940	0.568628	
26.378	1.045000	0.000000	4.729605	0.920350	0.476865	0.141909	
26.389	1.042187	0.000000	4.548499	0.931825	1.413596	0.262515	
26.401	1.039375	0.000000	4.196626	0.938575	2.162701	0.545877	
26.412	1.038813	0.000000	4.015922	0.934525	1.625183	1.085814	
26.424	1.037688	0.000000	3.662852	0.930475	0.275969	1.185462	
26.436	1.036562	0.000000	3.490029	0.932500	0.202349	0.900759	
26.447	1.035437	0.000000	3.331243	0.941275	1.080013	0.789954	
26.459	1.034312	0.000000	3.006836	0.950050	1.959251	1.102734	
26.470	1.032625	0.000000	2.852796	0.949375	1.486698	1.350723	
26.482	1.030938	0.000000	2.572779	0.948700	0.407620	1.370647	
26.493	1.030375	0.000000	2.438270	0.949375	0.068019	1.156503	
26.505	1.029250	0.000000	2.189290	0.959500	1.081261	0.992377	
26.517	1.028125	0.000000	2.074953	0.970300	2.161533	1.233541	
26.528	1.026438	0.000000	1.872226	0.968275	1.822789	1.545719	
26.540	1.024187	0.000000	1.777028	0.964225	0.608681	1.742631	
26.551	1.023062	0.000000	1.687694	0.966250	0.206356	1.586597	
26.563	1.021375	0.000000	1.531067	0.975700	1.147983	1.384634	
26.575	1.019688	0.000000	1.453866	0.983800	1.890675	1.541055	
26.586	1.017437	0.000000	1.326480	0.983125	1.483189	1.861087	
26.598	1.015750	0.000000	1.267376	0.983125	0.343002	1.789520	
26.609	1.014063	0.000000	1.160563	0.986500	0.336046	1.588078	
26.621	1.011812	0.000000	1.115260	0.998650	1.553355	1.481046	
26.632	1.009000	0.000000	1.028344	1.005400	2.162155	1.695243	
26.644	1.006188	0.000000	0.989320	1.002700	1.419462	2.131204	
26.656	1.003937	0.000000	0.952327	1.002025	0.204233	2.076131	
26.667	1.001688	0.000000	0.886943	1.007425	0.540549	1.716239	
26.679	0.998312	0.000000	0.853862	1.018900	1.679864	1.683415	
26.690	0.996063	0.000000	0.787201	1.022275	1.880653	2.014599	
26.702	0.994375	0.000000	0.755686	1.021600	1.006005	2.124365	
26.713	0.992688	0.000000	0.688392	1.021600	0.067223	2.011531	
26.725	0.991562	0.000000	0.652850	1.027675	0.600830	1.558041	
26.736	0.991000	0.000000	0.618719	1.037125	1.555673	1.515475	
26.748	0.991000	0.000000	0.542892	1.038475	1.620933	1.745552	
26.759	0.991000	0.000000	0.504202	1.035775	0.818032	1.828051	
26.771	0.991000	0.000000	0.427464	1.035100	0.000000	1.468950	
26.782	0.991000	0.000000	0.388259	1.037125	0.205387	1.253703	
26.794	0.991000	0.000000	0.314196	1.042525	0.741869	0.980579	
26.806	0.992125	0.113489	0.281794	1.044550	0.870617	0.972667	
26.817	0.994375	0.338293	0.348606	1.044550	0.532400	0.953314	
26.828	0.994937	0.394813	0.412782	1.044550	0.067495	0.727661	
26.840	0.995500	0.284330	0.497636	1.044550	0.000000	0.537955	
26.851	0.998312	0.333244	0.593531	1.044550	0.000000	0.177426	
26.863	1.001125	0.612011	0.686899	1.044550	0.000000	0.021725	
26.875	1.002813	0.614236	0.929560	1.044550	0.000000	0.000000	
26.886	1.004500	0.504590	1.025099	1.044550	0.000000	0.000000	
26.898	1.007875	0.620487	1.263830	1.043200	0.000000	0.000000	
26.909	1.010125	0.676741	1.388237	1.038475	0.000000	0.000000	
26.920	1.012375	0.620709	1.530368	1.030375	0.000000	0.000000	
26.932	1.015750	0.672006	1.781449	1.023625	0.000000	0.000000	
26.944	1.018563	0.727386	1.916224	1.018900	0.000000	0.000000	
26.955	1.020250	0.675403	2.185740	1.014850	0.000000	0.000000	
26.967	1.023062	0.618425	2.306443	1.006075	0.000000	0.000000	
26.978	1.028125	0.899408	2.589092	0.997975	0.000000	0.000000	
26.990	1.032063	1.119901	2.808689	0.990550	0.000000	0.000000	
27.001	1.033188	0.838511	3.200603	0.983800	0.000000	0.000000	
27.013	1.036000	0.558308	3.291051	0.975700	0.000000	0.000000	
27.024	1.042750	1.011874	3.391916	0.968275	0.000000	0.000000	
27.036	1.046687	1.295321	3.885055	0.960850	0.000000	0.000000	
27.047	1.046687	0.901479	4.124883	0.954100	0.000000	0.000000	
27.059	1.050063	0.450292	4.358635	0.946000	0.000000	0.000000	
27.070	1.054562	0.780058	4.452724	0.938575	0.000000	0.000000	
27.082	1.059625	1.235083	4.848054	0.931150	0.000000	0.000000	
27.093	1.061875	1.012067	5.066237	0.925750	0.000000	0.000000	
27.105	1.063000	0.619743	5.352132	0.919000	0.000000	0.000000	
27.117	1.068063	0.732319	5.460074	0.912925	0.000000	0.000000	
27.128	1.072000	1.013424	5.607994	0.907525	0.000000	0.000000	
27.140	1.073688	0.899646	5.982465	0.900775	0.000000	0.000000	
27.151	1.075938	0.618305	6.116396	0.895375	0.000000	0.000000	
27.163	1.079875	0.674257	6.336997	0.889975	0.000000	0.000000	
27.174	1.083250	0.902008	6.484783	0.884575	0.000000	0.000000	
27.186	1.086625	0.903139	6.852273	0.879175	0.000000	0.000000	
27.197	1.090000	0.846840	7.026257	0.874450	0.000000	0.000000	
27.209	1.092250	0.734743	7.291416	0.870400	0.000000	0.000000	
27.221	1.096187	0.791943	7.428396	0.865000	0.000000	0.000000	
27.232	1.099000	0.791956	7.572649	0.860950	0.000000	0.000000	
27.244	1.101812	0.788591	7.881951	0.856900	0.000000	0.000000	
27.255	1.103500	0.619069	7.971538	0.854200	0.000000	0.000000	
27.267	1.106313	0.617836	8.170150	0.850825	0.000000	0.000000	
27.278	1.109687	0.730226	8.258383	0.847450	0.000000	0.000000	
27.290	1.111938	0.732617	8.488907	0.844750	0.000000	0.000000	
27.301	1.113063	0.507015	8.610038	0.842050	0.000000	0.000000	
27.313	1.114750	0.392677	8.693240	0.839350	0.000000	0.000000	
27.325	1.117563	0.560134	8.769628	0.835975	0.000000	0.000000	
27.336	1.119250	0.562476	8.837760	0.833950	0.000000	0.000000	
27.348	1.119812	0.394856	8.956738	0.831250	0.000000	0.000000	
27.359	1.121500	0.337473	8.979516	0.828550	0.000000	0.000000	
27.371	1.123750	0.435533	9.025847	0.826525	0.000000	0.000000	
27.382	1.124875	0.435601	9.078743	0.825175	0.000000	0.000000	
27.394	1.126000	0.341349	9.148029	0.823825	0.000000	0.000000	
27.405	1.127687	0.339930	9.179668	0.822475	0.000000	0.000000	
27.417	1.128813	0.352528	9.224320	0.820450	0.000000	0.000000	
27.428	1.128813	0.239989	9.258221	0.819775	0.000000	0.000000	
27.440	1.129375	0.114784	9.251095	0.819775	0.000000	0.000000	
27.451	1.129375	0.058424	9.169243	0.819775	0.000000	0.000000	
27.463	1.129375	0.000000	9.117284	0.819775	0.000000	0.000000	
27.474	1.129375	0.000000	9.003082	0.819775	0.000000	0.000000	
27.486	1.129375	0.000000	8.942426	0.819775	0.000000	0.000000	
27.498	1.128813	0.000000	8.832170	0.819775	0.000000	0.000000	
27.509	1.127125	0.000000	8.778206	0.819775	0.000000	0.000000	
27.521	1.123188	0.000000	8.725692	0.822475	0.271360	0.019567	
27.532	1.120375	0.000000	8.626985	0.826525	0.679353	0.183516	
27.544	1.118688	0.000000	8.576789	0.827200	0.681489	0.224013	
27.555	1.115875	0.000000	8.475422	0.828550	0.409032	0.122996	
27.567	1.111375	0.000000	8.425675	0.834625	0.744932	0.141983	
27.579	1.108000	0.000000	8.313235	0.841375	1.422448	0.426734	
27.590	1.104625	0.000000	8.254205	0.841375	1.083916	0.365914	
27.602	1.100688	0.000000	8.123858	0.842725	0.405028	0.246649	
27.613	1.097875	0.000000	8.055961	0.850150	0.876144	0.200950	
27.625	1.095062	0.000000	7.977453	0.858250	1.686230	0.424833	
27.636	1.091125	0.000000	7.800894	0.856900	1.418067	0.445180	
27.648	1.087188	0.000000	7.708714	0.857575	0.405221	0.243026	
27.659	1.084937	0.000000	7.493276	0.865000	0.812557	0.243767	
27.671	1.082125	0.000000	7.376164	0.875800	1.891113	0.486209	
27.682	1.077062	0.000000	7.132581	0.874450	1.618287	0.567334	
27.694	1.074250	0.000000	6.998445	0.874450	0.540813	0.263554	
27.706	1.072000	0.000000	6.716259	0.883225	0.877682	0.101383	
27.717	1.067500	0.000000	6.577678	0.893350	1.890786	0.546996	
27.729	1.063563	0.000000	6.425742	0.892000	1.755222	0.587362	
27.740	1.060187	0.000000	6.111125	0.892675	0.675208	0.223720	
27.752	1.055688	0.000000	5.949507	0.901450	0.945954	0.141832	
27.763	1.053437	0.000000	5.627702	0.912250	2.028385	0.608515	
27.775	1.051188	0.000000	5.458475	0.910900	1.828305	0.609270	
27.786	1.048375	0.000000	5.114717	0.910900	0.754910	0.447125	
27.798	1.046687	0.000000	4.940841	0.919000	0.872622	0.162168	
27.809	1.046687	0.000000	4.777210	0.929800	1.956290	0.424767	
27.821	1.043875	0.000000	4.428425	0.928450	1.755077	0.567132	
27.832	1.041062	0.000000	4.254071	0.927775	0.679870	0.384798	
27.844	1.040500	0.000000	3.919230	0.936550	0.885700	0.225065	
27.855	1.039937	0.000000	3.750592	0.946675	1.892280	0.487709	
27.867	1.038813	0.000000	3.425665	0.946000	1.751513	0.549136	
27.879	1.037688	0.000000	3.279047	0.945325	0.533979	0.595394	
27.890	1.036562	0.000000	2.981644	0.948025	0.271546	0.432828	
27.902	1.035437	0.000000	2.842118	0.958150	1.285413	0.352520	
27.913	1.034312	0.000000	2.717628	0.964900	1.966458	0.533700	
27.925	1.031500	0.000000	2.471140	0.963550	1.419822	1.007796	
27.936	1.030375	0.000000	2.357542	0.962200	0.406657	1.035409	
27.948	1.029250	0.000000	2.149395	0.963550	0.135733	0.695525	
27.960	1.027562	0.000000	2.060453	0.973675	1.148589	0.624348	
27.971	1.025313	0.000000	1.887180	0.982450	2.024235	1.019832	
27.983	1.023062	0.000000	1.808641	0.980425	1.618505	1.270607	
27.994	1.021375	0.000000	1.670779	0.977725	0.471028	1.398536	
28.006	1.018563	0.000000	1.605769	0.979075	0.135074	1.137947	
28.017	1.016312	0.000000	1.544802	0.987850	1.019807	1.027239	
28.029	1.014063	0.000000	1.436147	0.999325	2.171441	1.375476	
28.040	1.012375	0.000000	1.384878	0.997975	1.831294	1.681089	
28.052	1.009000	0.000000	1.289944	0.994600	0.543573	1.850053	
28.063	1.005625	0.000000	1.243679	0.995275	0.067223	1.631042	
28.075	1.003937	0.000000	1.155499	1.004725	1.012522	1.470480	
28.086	1.001125	0.000000	1.109033	1.016875	2.225959	1.667382	
28.098	0.997187	0.000000	1.013453	1.014850	1.959816	1.973633	
28.109	0.994937	0.000000	0.966277	1.010800	0.750092	2.233969	
28.121	0.993813	0.000000	0.915665	1.012825	0.200079	2.047538	
28.132	0.992125	0.000000	0.810159	1.020925	1.008239	1.759255	
28.144	0.991000	0.000000	0.757744	1.028350	1.751244	1.851771	
28.155	0.989875	0.000000	0.640161	1.028350	1.416420	2.063852	
28.167	0.989312	0.000000	0.577987	1.028350	0.404870	1.984613	
28.178	0.988750	0.000000	0.452026	1.031725	0.336960	1.756841	
28.190	0.988750	0.000000	0.384536	1.041175	1.283062	1.505549	
28.202	0.988750	0.000000	0.246355	1.046575	1.760850	1.606800	
28.213	0.988750	0.000000	0.181548	1.044550	1.223190	1.855501	
28.225	0.988750	0.000000	0.114142	1.043875	0.135129	1.770032	
28.236	0.988750	0.000000	0.000000	1.044550	0.067715	1.336737	
28.248	0.988750	0.000000	0.000000	1.049950	0.607640	1.170113	
28.259	0.989875	0.112449	0.016785	1.053325	0.946250	1.099811	
28.271	0.991000	0.226813	0.051108	1.053325	0.677297	1.098885	
28.282	0.992125	0.341783	0.102535	1.052650	0.136643	1.050828	
28.294	0.994375	0.396316	0.102493	1.051300	0.000000	0.739504	
28.305	0.997187	0.564945	0.118915	1.051300	0.000000	0.567800	
28.317	1.000563	0.787592	0.368041	1.051300	0.000000	0.263890	
28.328	1.000563	0.562491	0.476602	1.051300	0.000000	0.137887	
28.340	1.002813	0.394556	0.661245	1.051300	0.000000	0.000000	
28.351	1.007313	0.677178	0.744697	1.050625	0.000000	0.000000	
28.363	1.010687	0.958332	1.094502	1.045900	0.000000	0.000000	
28.375	1.011250	0.675176	1.264021	1.038475	0.000000	0.000000	
28.386	1.012938	0.338303	1.426622	1.031050	0.000000	0.000000	
28.397	1.018563	0.787137	1.553145	1.024975	0.000000	0.000000	
28.409	1.021937	1.068005	1.739462	1.019575	0.000000	0.000000	
28.420	1.021937	0.673731	2.121574	1.012825	0.000000	0.000000	
28.432	1.024187	0.336551	2.225196	1.006075	0.000000	0.000000	
28.444	1.030938	0.898834	2.474788	0.998650	0.000000	0.000000	
28.455	1.034312	1.179148	2.705047	0.991900	0.000000	0.000000	
28.467	1.034312	0.786335	3.105403	0.983800	0.000000	0.000000	
28.479	1.036000	0.282173	3.177532	0.976375	0.000000	0.000000	
28.490	1.042187	0.788239	3.229036	0.970975	0.000000	0.000000	
28.502	1.046687	1.183233	3.633343	0.964900	0.000000	0.000000	
28.513	1.046687	0.901725	3.855863	0.958150	0.000000	0.000000	
28.525	1.048375	0.338357	4.082557	0.950725	0.000000	0.000000	
28.536	1.052875	0.618309	4.150012	0.943975	0.000000	0.000000	
28.548	1.056813	0.914958	4.463970	0.937900	0.000000	0.000000	
28.560	1.059625	0.857161	4.662334	0.932500	0.000000	0.000000	
28.571	1.061313	0.631722	4.819551	0.926425	0.000000	0.000000	
28.583	1.064125	0.615966	5.024423	0.920350	0.000000	0.000000	
28.594	1.068625	0.839604	5.135857	0.914950	0.000000	0.000000	
28.606	1.070875	0.900246	5.486450	0.910225	0.000000	0.000000	
28.617	1.071437	0.565831	5.659045	0.904825	0.000000	0.000000	
28.629	1.074813	0.503630	5.822198	0.898750	0.000000	0.000000	
28.640	1.078750	0.730377	5.952558	0.894700	0.000000	0.000000	
28.652	1.079875	0.729456	6.217668	0.890650	0.000000	0.000000	
28.663	1.081563	0.452818	6.310163	0.884575	0.000000	0.000000	
28.675	1.086063	0.619079	6.413857	0.879850	0.000000	0.000000	
28.686	1.089437	0.955604	6.747513	0.875800	0.000000	0.000000	
28.698	1.090000	0.674311	6.933883	0.872425	0.000000	0.000000	
28.709	1.093375	0.506032	7.211092	0.867700	0.000000	0.000000	
28.721	1.097312	0.729445	7.338649	0.862975	0.000000	0.000000	
28.733	1.099563	0.841795	7.684673	0.859600	0.000000	0.000000	
28.744	1.100688	0.561970	7.833632	0.857575	0.000000	0.000000	
28.756	1.103500	0.506081	8.028749	0.854200	0.000000	0.000000	
28.767	1.105750	0.561615	8.117929	0.850150	0.000000	0.000000	
28.779	1.108562	0.672138	8.230428	0.847450	0.000000	0.000000	
28.790	1.110250	0.561415	8.496582	0.845425	0.000000	0.000000	
28.802	1.111938	0.509538	8.594377	0.843400	0.000000	0.000000	
28.814	1.113625	0.453330	8.758101	0.840025	0.000000	0.000000	
28.825	1.115312	0.393221	8.847388	0.838000	0.000000	0.000000	
28.837	1.116438	0.393576	8.972535	0.836650	0.000000	0.000000	
28.848	1.117000	0.277373	9.013541	0.834625	0.000000	0.000000	
28.860	1.118125	0.223822	9.049658	0.833275	0.000000	0.000000	
28.871	1.118688	0.169639	9.084890	0.831925	0.000000	0.000000	
28.883	1.119250	0.168924	9.068325	0.831250	0.000000	0.000000	
28.894	1.119250	0.113442	9.041560	0.830575	0.000000	0.000000	
28.906	1.119250	0.056246	9.015821	0.830575	0.000000	0.000000	
28.917	1.119250	0.000000	8.964502	0.830575	0.000000	0.000000	
28.929	1.119250	0.000000	8.937158	0.830575	0.000000	0.000000	
28.940	1.119250	0.000000	8.858682	0.830575	0.000000	0.000000	
28.952	1.118688	0.000000	8.818710	0.830575	0.000000	0.000000	
28.963	1.116438	0.000000	8.778626	0.831250	0.068777	0.000000	
28.975	1.113625	0.000000	8.696559	0.833950	0.335711	0.080457	
28.986	1.111375	0.000000	8.656670	0.838675	0.809768	0.182325	
28.998	1.108562	0.000000	8.566890	0.839350	0.742248	0.222674	
29.010	1.103500	0.000000	8.518613	0.841375	0.539600	0.182355	
29.021	1.100688	0.000000	8.418265	0.848125	0.876939	0.263082	
29.033	1.097875	0.000000	8.363277	0.853525	1.417265	0.404931	
29.044	1.093938	0.000000	8.238523	0.853525	1.011073	0.404840	
29.056	1.088875	0.000000	8.171904	0.856225	0.471743	0.162211	
29.067	1.086625	0.000000	8.094281	0.865675	1.215409	0.182412	
29.079	1.084375	0.000000	7.917328	0.871750	1.822882	0.546865	
29.090	1.080438	0.000000	7.824822	0.870400	1.282120	0.486004	
29.102	1.075938	0.000000	7.606137	0.872425	0.406516	0.121386	
29.113	1.074250	0.000000	7.486682	0.882550	1.218688	0.223428	
29.125	1.070875	0.000000	7.238154	0.889975	1.959005	0.486839	
29.137	1.065250	0.000000	7.101075	0.887275	1.417281	0.526923	
29.148	1.063563	0.000000	6.810533	0.889300	0.403699	0.304243	
29.160	1.060187	0.000000	6.658150	0.900775	1.350794	0.303608	
29.171	1.054000	0.000000	6.511413	0.908200	2.090966	0.567608	
29.183	1.050625	0.000000	6.185194	0.904825	1.552125	0.506778	
29.194	1.047812	0.000000	6.017223	0.907525	0.610172	0.283989	
29.206	1.044438	0.000000	5.683792	0.918325	1.357363	0.366547	
29.217	1.043313	0.000000	5.507770	0.925750	2.033068	0.589737	
29.229	1.040500	0.000000	5.151356	0.923725	1.487503	0.588268	
29.240	1.038250	0.000000	4.982306	0.925075	0.472463	0.182471	
29.252	1.037125	0.000000	4.619685	0.937225	1.351478	0.182693	
29.263	1.035437	0.000000	4.438684	0.944650	2.093905	0.628171	
29.275	1.033188	0.000000	4.269418	0.941275	1.552015	0.608094	
29.286	1.030938	0.000000	3.909426	0.943300	0.473275	0.163263	
29.298	1.029812	0.000000	3.731347	0.955450	1.418843	0.243137	
29.309	1.029250	0.000000	3.391001	0.962875	2.161895	0.648568	
29.321	1.027562	0.000000	3.218008	0.959500	1.554118	0.567926	
29.332	1.027000	0.000000	2.877494	0.961525	0.475417	0.324454	
29.344	1.025875	0.000000	2.710431	0.974350	1.487787	0.324995	
29.355	1.024750	0.000000	2.556539	0.981775	2.230230	0.608367	
29.367	1.023625	0.000000	2.237641	0.977725	1.620126	0.547455	
29.379	1.022500	0.000000	2.084517	0.979750	0.470569	0.477926	
29.390	1.021375	0.000000	1.801893	0.990550	1.348175	0.363641	
29.402	1.019688	0.000000	1.664150	1.000000	2.290861	0.606021	
29.413	1.018000	0.000000	1.407692	0.999325	1.754003	0.910781	
29.425	1.016875	0.000000	1.296288	0.999325	0.473495	0.854315	
29.436	1.015750	0.000000	1.077493	1.003375	0.404701	0.639111	
29.448	1.014063	0.000000	0.977883	1.017550	1.820704	0.510117	
29.459	1.011812	0.000000	0.884189	1.025650	2.564587	0.807379	
29.471	1.009000	0.000000	0.720009	1.020250	1.754526	1.451120	
29.482	1.006188	0.000000	0.643371	1.014850	0.336833	1.481266	
29.494	1.003937	0.000000	0.509352	1.020250	0.540131	1.196191	
29.505	1.001688	0.000000	0.447192	1.031725	1.687673	1.258563	
29.517	0.998875	0.000000	0.330728	1.036450	2.158444	1.486835	
29.529	0.996063	0.000000	0.275983	1.033750	1.212191	2.006942	
29.540	0.994375	0.000000	0.173087	1.033075	0.132806	1.999323	
29.552	0.992688	0.000000	0.127555	1.037800	0.472362	1.665779	
29.561	0.991000	0.000000	0.079565	1.046575	1.350633	1.687889	
29.572	0.989312	0.000000	0.028913	1.054000	2.094592	1.909782	
29.584	0.988187	0.000000	0.000000	1.051300	1.422559	2.403069	
29.595	0.987063	0.000000	0.000000	1.050625	0.268373	2.390110	
29.607	0.985375	0.000000	0.000000	1.051975	0.137411	2.043047	
29.619	0.983688	0.000000	0.000000	1.060075	0.948834	1.918031	
29.630	0.983125	0.000000	0.000000	1.064800	1.420757	2.078111	
29.642	0.983125	0.000000	0.000000	1.062775	1.016500	2.204945	
29.653	0.983125	0.000000	0.000000	1.059400	0.136081	2.173852	
29.665	0.983125	0.000000	0.000000	1.059400	0.000000	1.833322	
29.677	0.983688	0.056452	0.000000	1.059400	0.000000	1.603746	
29.688	0.987625	0.447349	0.100661	1.059400	0.000000	1.216455	
29.700	0.991000	0.787641	0.185464	1.059400	0.000000	1.039304	
29.711	0.991562	0.677157	0.202745	1.059400	0.000000	0.729985	
29.723	0.996063	0.675583	0.169460	1.058725	0.000000	0.604649	
29.734	1.003375	1.236871	0.572364	1.056700	0.000000	0.376906	
29.745	1.005062	1.237007	0.864134	1.051975	0.000000	0.281412	
29.757	1.005062	0.619448	1.261789	1.046575	0.000000	0.196158	
29.769	1.005625	0.056314	1.257765	1.041175	0.000000	0.058231	
29.780	1.011812	0.674018	1.270768	1.037800	0.000000	0.000000	
29.792	1.020813	1.577202	1.708289	1.031050	0.000000	0.000000	
29.803	1.020813	1.410624	2.059447	1.021600	0.000000	0.000000	
29.815	1.020813	0.450388	2.482019	1.012150	0.000000	0.000000	
29.826	1.021375	0.055459	2.447400	1.005400	0.000000	0.000000	
29.838	1.029812	0.898157	2.582652	0.998650	0.000000	0.000000	
29.849	1.037125	1.631091	2.883340	0.990550	0.000000	0.000000	
29.861	1.037125	1.296058	3.502826	0.980425	0.000000	0.000000	
29.873	1.037125	0.282347	3.620151	0.972325	0.000000	0.000000	
29.884	1.039937	0.285006	3.613882	0.966925	0.000000	0.000000	
29.896	1.048375	1.129077	3.781911	0.960850	0.000000	0.000000	
29.907	1.051750	1.408714	4.059549	0.952750	0.000000	0.000000	
29.919	1.051750	0.844534	4.522385	0.943300	0.000000	0.000000	
29.930	1.052875	0.227506	4.571126	0.937225	0.000000	0.000000	
29.942	1.059625	0.787337	4.694668	0.931825	0.000000	0.000000	
29.953	1.065812	1.404109	4.911522	0.925075	0.000000	0.000000	
29.965	1.066375	1.122198	5.400353	0.917650	0.000000	0.000000	
29.976	1.066937	0.447112	5.493032	0.912250	0.000000	0.000000	
29.988	1.071437	0.502066	5.521328	0.906850	0.000000	0.000000	
30.000	1.077625	1.123013	5.710509	0.900100	0.000000	0.000000	
30.011	1.078750	1.067689	5.923448	0.893350	0.000000	0.000000	
30.023	1.079875	0.559241	6.191671	0.887275	0.000000	0.000000	
30.034	1.083812	0.505126	6.257492	0.882550	0.000000	0.000000	
30.046	1.089437	1.011328	6.527586	0.877150	0.000000	0.000000	
30.057	1.091125	1.012247	6.704227	0.872425	0.000000	0.000000	
30.069	1.092813	0.617562	6.947309	0.867025	0.000000	0.000000	
30.080	1.098438	0.786374	7.056306	0.861625	0.000000	0.000000	
30.092	1.101812	1.068694	7.198102	0.857575	0.000000	0.000000	
30.104	1.102937	0.787499	7.495436	0.854200	0.000000	0.000000	
30.120	1.106875	0.557151	7.627233	0.848800	0.000000	0.000000	
30.130	1.110250	0.752813	7.680305	0.846100	0.000000	0.000000	
30.141	1.111938	0.753880	7.772300	0.843400	0.000000	0.000000	
30.153	1.113063	0.474172	7.925195	0.840700	0.000000	0.000000	
30.164	1.114750	0.393350	7.952343	0.838675	0.000000	0.000000	
30.176	1.117000	0.449910	7.940715	0.835975	0.000000	0.000000	
30.188	1.117563	0.393619	7.965495	0.834625	0.000000	0.000000	
30.199	1.117563	0.168767	7.928102	0.833275	0.000000	0.000000	
30.211	1.117563	0.000000	7.852103	0.832600	0.000000	0.000000	
30.223	1.117563	0.000000	7.701733	0.832600	0.000000	0.000000	
30.234	1.117563	0.000000	7.629470	0.832600	0.000000	0.000000	
30.246	1.117563	0.000000	7.559519	0.832600	0.000000	0.000000	
30.257	1.117563	0.000000	7.435810	0.832600	0.000000	0.000000	
30.269	1.115875	0.000000	7.380822	0.832600	0.000000	0.000000	
30.281	1.111938	0.000000	7.283659	0.836650	0.402689	0.100550	
30.292	1.108000	0.000000	7.237083	0.841375	0.875816	0.202204	
30.304	1.104625	0.000000	7.152031	0.842725	0.876848	0.263054	
30.315	1.100688	0.000000	7.109595	0.844075	0.540570	0.182199	
30.327	1.096187	0.000000	7.018085	0.852850	1.082541	0.182951	
30.338	1.092813	0.000000	6.967824	0.858925	1.621146	0.466731	
30.350	1.088875	0.000000	6.916411	0.858925	1.213405	0.465522	
30.362	1.084937	0.000000	6.793972	0.860950	0.470071	0.162210	
30.373	1.082687	0.000000	6.723408	0.871750	1.281379	0.182227	
30.385	1.078187	0.000000	6.570392	0.879175	2.024400	0.607320	
30.397	1.074250	0.000000	6.481070	0.876475	1.416978	0.546683	
30.408	1.072562	0.000000	6.283202	0.879175	0.473178	0.161637	
30.420	1.068063	0.000000	6.181377	0.889975	1.348897	0.242860	
30.431	1.064125	0.000000	5.947133	0.896050	1.889964	0.566989	
30.443	1.062438	0.000000	5.820974	0.894700	1.349523	0.485912	
30.454	1.059625	0.000000	5.564501	0.896725	0.475919	0.283341	
30.466	1.056250	0.000000	5.424196	0.907525	1.281835	0.283957	
30.477	1.055125	0.000000	5.280574	0.913600	1.889557	0.526959	
30.489	1.053437	0.000000	4.991210	0.911575	1.348554	0.465065	
30.500	1.050625	0.000000	4.838304	0.912925	0.335485	0.222327	
30.512	1.048938	0.000000	4.525006	0.922375	1.079985	0.283400	
30.524	1.048375	0.000000	4.367050	0.929125	1.754714	0.506670	
30.535	1.047812	0.000000	4.057947	0.927100	1.352168	0.405651	
30.547	1.047250	0.000000	3.898959	0.927775	0.337070	0.202951	
30.558	1.047250	0.000000	3.591819	0.935875	0.947369	0.101869	
30.567	1.046687	0.000000	3.436681	0.941950	1.553196	0.465959	
30.579	1.046125	0.000000	3.286214	0.941275	1.416065	0.465918	
30.591	1.046125	0.000000	3.000924	0.941275	0.406292	0.344383	
30.603	1.046125	0.000000	2.874972	0.947350	0.610158	0.081490	
30.614	1.045000	0.000000	2.625058	0.955450	1.419639	0.284491	
30.626	1.044438	0.000000	2.509721	0.954775	1.349974	0.446165	
30.637	1.043313	0.000000	2.407274	0.954775	0.538915	0.324690	
30.649	1.042750	0.000000	2.208321	0.959500	0.475421	0.102047	
30.660	1.042187	0.000000	2.118537	0.968950	1.419917	0.304588	
30.672	1.041062	0.000000	1.961601	0.969625	1.487494	0.446248	
30.684	1.039375	0.000000	1.889076	0.968950	0.607110	0.323813	
30.695	1.038250	0.000000	1.760529	0.973675	0.473444	0.142033	
30.707	1.036000	0.000000	1.703853	0.983800	1.488593	0.365456	
30.718	1.033750	0.000000	1.605725	0.984475	1.555682	0.487035	
30.730	1.030938	0.000000	1.560784	0.983800	0.675247	0.359667	
30.741	1.029812	0.000000	1.518902	0.987175	0.332173	0.262953	
30.753	1.028125	0.000000	1.446519	0.995950	1.209481	0.322339	
30.764	1.025313	0.000000	1.413711	1.000000	1.552776	0.464056	
30.776	1.021937	0.000000	1.350605	1.000000	0.946281	0.702297	
30.787	1.020250	0.000000	1.322132	1.000000	0.135570	0.637452	
30.799	1.017437	0.000000	1.259979	1.004050	0.404865	0.480466	
30.810	1.015188	0.000000	1.227287	1.014850	1.486123	0.536566	
30.822	1.012938	0.000000	1.157121	1.018225	1.757900	0.818555	
30.833	1.009562	0.000000	1.118087	1.014175	1.082312	1.312120	
30.845	1.006188	0.000000	1.077311	1.012150	0.068635	1.344407	
30.856	1.004500	0.000000	0.993749	1.014175	0.201941	1.137103	
30.868	1.001688	0.000000	0.948865	1.022950	1.082168	1.137926	
30.879	0.998312	0.000000	0.852841	1.027675	1.554712	1.573997	
30.891	0.996625	0.000000	0.800444	1.027000	1.080929	1.818607	
30.902	0.994937	0.000000	0.692848	1.026325	0.202750	1.904910	
30.914	0.993250	0.000000	0.632072	1.026325	0.000000	1.752631	
30.925	0.992125	0.000000	0.569082	1.030375	0.404123	1.626081	
30.937	0.992125	0.000000	0.440029	1.036450	1.011310	1.744238	
30.949	0.992125	0.000000	0.371122	1.037125	1.010121	1.907218	
30.960	0.992125	0.000000	0.227782	1.035775	0.403183	2.136491	
30.972	0.992125	0.000000	0.159145	1.033750	0.000000	2.090810	
30.983	0.992125	0.000000	0.014838	1.033750	0.000000	1.920386	
30.995	0.994375	0.226143	0.033748	1.033750	0.000000	1.825169	
31.006	0.996063	0.394799	0.118440	1.033750	0.000000	1.741082	
31.018	0.996063	0.338735	0.118440	1.033750	0.000000	1.604447	
31.029	0.998312	0.337633	0.084562	1.033750	0.000000	1.546389	
31.041	1.003375	0.732367	0.242970	1.033075	0.000000	1.453615	
31.052	1.004500	0.789185	0.387954	1.027675	0.000000	1.417562	
31.064	1.005062	0.450889	0.582818	1.021600	0.000000	1.361511	
31.075	1.009562	0.563503	0.653599	1.018225	0.000000	1.337718	
31.087	1.015750	1.125576	1.006354	1.012150	0.000000	1.317294	
31.099	1.017437	1.126812	1.254214	1.003375	0.000000	1.279457	
31.110	1.017437	0.508570	1.533717	0.995950	0.000000	1.254501	
31.121	1.021937	0.505011	1.592885	0.988525	0.000000	1.194271	
31.133	1.028687	1.125936	1.724664	0.981100	0.000000	1.160852	
31.144	1.032063	1.352794	2.266650	0.973675	0.000000	1.077684	
31.156	1.032063	0.791365	2.498358	0.968275	0.000000	1.028749	
31.168	1.033188	0.226040	2.624676	0.962875	0.000000	0.909294	
31.179	1.039937	0.787422	2.701607	0.956800	0.000000	0.845793	
31.191	1.046687	1.462621	3.190441	0.950050	0.000000	0.771733	
31.202	1.047250	1.182885	3.464494	0.944650	0.000000	0.599764	
31.214	1.047250	0.337744	3.654725	0.940600	0.000000	0.510793	
31.225	1.050625	0.337535	3.678532	0.937900	0.000000	0.302076	
31.237	1.056813	0.955620	3.770669	0.934525	0.000000	0.188298	
31.248	1.060187	1.236177	4.182634	0.932500	0.000000	0.000000	
31.260	1.060187	0.673738	4.376492	0.931150	0.000000	0.000000	
31.272	1.061875	0.292888	4.495620	0.927100	0.000000	0.000000	
31.283	1.066937	0.684062	4.555247	0.921025	0.000000	0.000000	
31.295	1.071437	1.078073	4.918659	0.914275	0.000000	0.000000	
31.307	1.071437	0.731729	5.081252	0.910225	0.000000	0.000000	
31.318	1.072562	0.306653	5.193511	0.906175	0.000000	0.000000	
31.330	1.077625	0.645622	5.269279	0.900100	0.000000	0.000000	
31.341	1.080438	0.926254	5.396396	0.895375	0.000000	0.000000	
31.353	1.080438	0.619037	5.635580	0.891325	0.000000	0.000000	
31.364	1.081563	0.224125	5.656637	0.887275	0.000000	0.000000	
31.376	1.086625	0.618763	5.728147	0.882550	0.000000	0.000000	
31.388	1.088875	0.844688	5.834002	0.878500	0.000000	0.000000	
31.399	1.088875	0.564715	6.049614	0.875800	0.000000	0.000000	
31.411	1.090000	0.170450	6.056594	0.873100	0.000000	0.000000	
31.422	1.092813	0.392552	6.097398	0.868375	0.000000	0.000000	
31.434	1.095062	0.617445	6.162862	0.864325	0.000000	0.000000	
31.445	1.096187	0.559558	6.259213	0.862975	0.000000	0.000000	
31.457	1.097312	0.337593	6.368748	0.860950	0.000000	0.000000	
31.468	1.099563	0.393572	6.398812	0.858925	0.000000	0.000000	
31.480	1.100688	0.392196	6.467277	0.856225	0.000000	0.000000	
31.491	1.101250	0.277369	6.485343	0.855550	0.000000	0.000000	
31.503	1.101250	0.109125	6.471491	0.854875	0.000000	0.000000	
31.514	1.101812	0.109395	6.421910	0.854200	0.000000	0.000000	
31.526	1.101812	0.056087	6.331173	0.853525	0.000000	0.000000	
31.537	1.101812	0.000000	6.276060	0.853525	0.000000	0.000000	
31.549	1.101812	0.000000	6.204472	0.853525	0.000000	0.000000	
31.561	1.098438	0.000000	6.076742	0.854875	0.134538	0.040361	
31.573	1.088313	0.000000	6.020604	0.864325	1.080545	0.182149	
31.585	1.077062	0.000000	5.918093	0.877825	2.363715	0.688817	
31.596	1.063563	0.000000	5.866375	0.889975	3.243926	0.892500	
31.608	1.041625	0.000000	5.760243	0.904825	3.513365	0.973205	
31.619	1.020813	0.000000	5.694146	0.929125	4.659391	1.276404	
31.631	1.002813	0.000000	5.533789	0.956125	6.146641	1.600021	
31.642	0.983688	0.000000	5.439544	0.971650	5.941838	2.673488	
31.654	0.962313	0.000000	5.346065	0.977050	3.579802	3.752380	
31.665	0.946000	0.000000	5.120684	0.977050	1.353899	4.404888	
31.677	0.937000	0.000000	4.998110	0.987850	1.283520	4.229213	
31.689	0.931375	0.000000	4.737375	1.009450	3.308641	4.580264	
31.700	0.931375	0.000000	4.593035	1.008100	3.305532	4.906822	
31.712	0.934750	0.337435	4.374760	0.988525	1.482573	5.234775	
31.723	0.943750	1.236545	4.456524	0.978400	0.000000	4.781715	
31.735	0.949938	1.799885	4.682266	0.977725	0.000000	4.334718	
31.746	0.953875	1.573161	5.274016	0.974350	0.000000	3.333064	
31.758	0.961750	1.460187	5.529778	0.968950	0.000000	2.868549	
31.769	0.964562	1.292161	5.826307	0.969625	0.066926	2.056439	
31.781	0.966250	0.898548	5.901350	0.971650	0.269033	1.730795	
31.793	0.970750	0.672831	5.840285	0.974350	0.539976	1.305212	
31.804	0.971875	0.674121	5.757604	0.977725	0.745202	1.165041	
31.816	0.973562	0.502580	5.537375	0.979075	0.678915	1.074787	
31.827	0.976937	0.554542	5.413652	0.979075	0.340202	0.841941	
31.839	0.979750	0.720261	5.323863	0.979750	0.136665	0.656955	
31.850	0.981438	0.668494	5.208404	0.982450	0.337917	0.262558	
31.862	0.985375	0.675499	5.167751	0.988525	0.948580	0.247918	
31.873	0.988187	0.787126	5.115659	0.988525	0.878426	0.338176	
31.885	0.991000	0.784029	5.096867	0.986500	0.402756	0.327932	
31.897	0.994375	0.786436	5.091351	0.982450	0.000000	0.049764	
31.908	0.996063	0.676258	5.084710	0.982450	0.000000	0.000000	
31.920	0.998312	0.560238	5.040544	0.982450	0.000000	0.000000	
31.931	1.002250	0.667154	5.029499	0.982450	0.000000	0.000000	
31.943	1.003375	0.666619	5.043466	0.982450	0.000000	0.000000	
31.954	1.005062	0.555507	5.015567	0.980425	0.000000	0.000000	
31.966	1.009562	0.618272	4.990980	0.976375	0.000000	0.000000	
31.977	1.011812	0.846868	5.088054	0.972325	0.000000	0.000000	
31.989	1.013500	0.679185	5.127362	0.968275	0.000000	0.000000	
32.000	1.016875	0.567314	5.201279	0.966250	0.000000	0.000000	
32.012	1.020250	0.791312	5.249777	0.962200	0.000000	0.000000	
32.024	1.021937	0.729786	5.355984	0.957475	0.000000	0.000000	
32.035	1.025875	0.726254	5.441199	0.953425	0.000000	0.000000	
32.047	1.027562	0.667760	5.514271	0.950050	0.000000	0.000000	
32.058	1.028687	0.503643	5.611149	0.947350	0.000000	0.000000	
32.070	1.033188	0.616529	5.637083	0.943975	0.000000	0.000000	
32.081	1.036000	0.847955	5.810549	0.939925	0.000000	0.000000	
32.093	1.037125	0.681940	5.916335	0.935875	0.000000	0.000000	
32.104	1.040500	0.566067	6.043622	0.931825	0.000000	0.000000	
32.116	1.043313	0.738755	6.111880	0.928450	0.000000	0.000000	
32.128	1.046125	0.785734	6.315966	0.924400	0.000000	0.000000	
32.139	1.049500	0.777740	6.434620	0.920350	0.000000	0.000000	
32.151	1.051750	0.725192	6.540018	0.916300	0.000000	0.000000	
32.162	1.055688	0.839110	6.785563	0.913600	0.000000	0.000000	
32.174	1.059625	0.952777	6.946754	0.909550	0.000000	0.000000	
32.185	1.061875	0.894479	7.242473	0.904825	0.000000	0.000000	
32.197	1.065812	0.772384	7.370531	0.900100	0.000000	0.000000	
32.208	1.069750	0.940935	7.672627	0.896725	0.000000	0.000000	
32.220	1.072562	0.951168	7.819870	0.892675	0.000000	0.000000	
32.231	1.075938	0.778235	8.094175	0.887275	0.000000	0.000000	
32.243	1.079875	0.842227	8.237455	0.882550	0.000000	0.000000	
32.254	1.082125	0.845554	8.355786	0.878500	0.000000	0.000000	
32.266	1.084937	0.728720	8.574398	0.875800	0.000000	0.000000	
32.278	1.088875	0.789599	8.688365	0.871750	0.000000	0.000000	
32.289	1.090000	0.732754	8.926188	0.867025	0.000000	0.000000	
32.301	1.092250	0.563651	9.002337	0.862975	0.000000	0.000000	
32.312	1.096187	0.676734	9.112362	0.860950	0.000000	0.000000	
32.324	1.099000	0.840100	9.240751	0.857575	0.000000	0.000000	
32.335	1.099563	0.559298	9.353292	0.854200	0.000000	0.000000	
32.347	1.101812	0.393376	9.439945	0.851500	0.000000	0.000000	
32.358	1.103500	0.452737	9.467731	0.850150	0.000000	0.000000	
32.370	1.104625	0.394703	9.504757	0.849475	0.000000	0.000000	
32.381	1.104625	0.226795	9.514071	0.848125	0.000000	0.000000	
32.393	1.105188	0.112340	9.420053	0.847450	0.000000	0.000000	
32.405	1.105750	0.111768	9.379505	0.847450	0.000000	0.000000	
32.416	1.105750	0.056042	9.283044	0.847450	0.000000	0.000000	
32.428	1.105750	0.000000	9.237468	0.847450	0.000000	0.000000	
32.439	1.105750	0.000000	9.161249	0.847450	0.000000	0.000000	
32.451	1.104063	0.000000	9.028635	0.847450	0.000000	0.000000	
32.462	1.099563	0.000000	8.963967	0.850150	0.267365	0.020770	
32.474	1.096750	0.000000	8.839214	0.854200	0.672097	0.181306	
32.485	1.095625	0.000000	8.778025	0.854875	0.670798	0.222010	
32.497	1.091688	0.000000	8.657885	0.856225	0.472884	0.141865	
32.508	1.087750	0.000000	8.590785	0.861625	0.679505	0.163485	
32.520	1.086625	0.000000	8.441471	0.867700	1.220444	0.305080	
32.532	1.084375	0.000000	8.363847	0.867700	0.950731	0.325791	
32.543	1.080438	0.000000	8.275753	0.868375	0.341354	0.202615	
32.554	1.078187	0.000000	8.080170	0.874450	0.678447	0.183351	
32.563	1.077062	0.000000	7.973845	0.881200	1.291165	0.345084	
32.577	1.074250	0.000000	7.788457	0.881875	1.113157	0.374527	
32.588	1.070875	0.000000	7.675001	0.881875	0.303213	0.232577	
32.600	1.068625	0.000000	7.415853	0.887275	0.539157	0.102066	
32.611	1.066375	0.000000	7.279524	0.895375	1.354475	0.304107	
32.623	1.063563	0.000000	6.994376	0.896050	1.284181	0.406367	
32.634	1.059062	0.000000	6.854954	0.896050	0.542976	0.264827	
32.646	1.055688	0.000000	6.545846	0.900775	0.472693	0.102127	
32.657	1.053437	0.000000	6.385739	0.910225	1.414680	0.363535	
32.669	1.049500	0.000000	6.065532	0.911575	1.481877	0.464820	
32.681	1.045000	0.000000	5.895497	0.911575	0.607270	0.282514	
32.692	1.045000	0.000000	5.722011	0.915625	0.403836	0.080937	
32.704	1.043875	0.000000	5.369425	0.926425	1.485373	0.405164	
32.715	1.040500	0.000000	5.201357	0.927775	1.688118	0.506436	
32.727	1.038813	0.000000	4.839649	0.927100	0.810350	0.283635	
32.739	1.038250	0.000000	4.660174	0.931150	0.400147	0.096508	
32.750	1.037125	0.000000	4.322487	0.941950	1.482551	0.444765	
32.762	1.034875	0.000000	4.152481	0.943975	1.752262	0.525678	
32.773	1.033750	0.000000	3.823499	0.942625	0.944251	0.472341	
32.785	1.032625	0.000000	3.665655	0.946675	0.405226	0.101277	
32.796	1.030375	0.000000	3.522235	0.958150	1.553050	0.262633	
32.808	1.028687	0.000000	3.231795	0.961525	1.893134	0.588181	
32.819	1.027000	0.000000	3.095266	0.959500	1.150432	0.832247	
32.831	1.025875	0.000000	2.847189	0.959500	0.068692	0.710140	
32.842	1.023625	0.000000	2.727848	0.962875	0.340039	0.563458	
32.854	1.021937	0.000000	2.505162	0.974350	1.487397	0.480740	
32.866	1.019688	0.000000	2.408094	0.980425	2.024422	0.938463	
32.877	1.017437	0.000000	2.215070	0.976375	1.351473	1.202182	
32.889	1.015750	0.000000	2.125519	0.974350	0.202515	1.263636	
32.900	1.014063	0.000000	2.040256	0.977050	0.271223	1.103994	
32.912	1.012375	0.000000	1.887141	0.988525	1.417230	1.039429	
32.923	1.010125	0.000000	1.814008	0.994600	2.024393	1.274273	
32.935	1.006750	0.000000	1.682101	0.991900	1.347785	1.708997	
32.947	1.004500	0.000000	1.619016	0.991225	0.202513	1.667786	
32.958	1.002250	0.000000	1.501097	0.994600	0.335564	1.478867	
32.970	0.999438	0.000000	1.444871	1.006750	1.551361	1.363116	
32.981	0.996625	0.000000	1.393014	1.012825	2.160883	1.611430	
32.992	0.995500	0.000000	1.283512	1.009450	1.487320	2.104860	
33.004	0.993250	0.000000	1.229556	1.006750	0.205809	2.102174	
33.015	0.991000	0.000000	1.124788	1.010125	0.334543	1.758818	
33.027	0.989875	0.000000	1.069911	1.020250	1.347931	1.686706	
33.038	0.989312	0.000000	0.959822	1.024300	1.755292	1.978833	
33.050	0.987625	0.000000	0.907590	1.023625	1.012989	2.070816	
33.061	0.986500	0.000000	0.795665	1.023625	0.134854	2.016533	
33.073	0.985375	0.000000	0.739410	1.028350	0.472314	1.649450	
33.085	0.984812	0.000000	0.683513	1.037800	1.417593	1.582007	
33.096	0.984250	0.000000	0.574332	1.040500	1.619857	1.885577	
33.108	0.984250	0.000000	0.518511	1.039150	0.810502	2.003817	
33.119	0.984250	0.000000	0.411147	1.038475	0.000000	1.763145	
33.131	0.984250	0.000000	0.356704	1.041850	0.335170	1.587313	
33.142	0.984250	0.000000	0.250618	1.048600	1.012493	1.486212	
33.154	0.984250	0.000000	0.200318	1.049950	1.079392	1.548286	
33.165	0.984250	0.000000	0.109756	1.049275	0.539412	1.598900	
33.177	0.984812	0.056064	0.066886	1.048600	0.000000	1.386034	
33.188	0.987063	0.282799	0.063263	1.048600	0.000000	1.217445	
33.200	0.988750	0.451880	0.169766	1.048600	0.000000	0.835156	
33.211	0.989312	0.396534	0.256295	1.049275	0.065222	0.671901	
33.223	0.991000	0.338469	0.381651	1.049275	0.065222	0.425855	
33.234	0.993813	0.507685	0.447600	1.049275	0.065222	0.329718	
33.246	0.996063	0.623211	0.686163	1.049275	0.000000	0.245568	
33.257	0.997750	0.567916	0.817919	1.049275	0.000000	0.075065	
33.269	1.001125	0.617516	0.942292	1.048600	0.000000	0.006039	
33.280	1.003937	0.724757	1.198100	1.045225	0.000000	0.000000	
33.292	1.007313	0.839974	1.337894	1.039150	0.000000	0.000000	
33.303	1.009562	0.726983	1.648136	1.031050	0.000000	0.000000	
33.315	1.012938	0.783627	1.802394	1.022950	0.000000	0.000000	
33.326	1.016875	0.896695	2.112869	1.017550	0.000000	0.000000	
33.338	1.019688	0.899612	2.302242	1.011475	0.000000	0.000000	
33.349	1.020813	0.678244	2.565137	1.004050	0.000000	0.000000	
33.361	1.025313	0.681081	2.673358	0.995275	0.000000	0.000000	
33.373	1.030938	1.088725	2.886276	0.987850	0.000000	0.000000	
33.385	1.032063	0.917053	3.279543	0.981100	0.000000	0.000000	
33.396	1.032625	0.454790	3.402167	0.975700	0.000000	0.000000	
33.408	1.037688	0.566660	3.575099	0.968275	0.000000	0.000000	
33.419	1.043313	1.132610	3.753368	0.962200	0.000000	0.000000	
33.431	1.044438	1.017989	3.993731	0.956125	0.000000	0.000000	
33.442	1.045000	0.509772	4.325636	0.949375	0.000000	0.000000	
33.454	1.050063	0.564986	4.404729	0.941275	0.000000	0.000000	
33.466	1.054562	1.015522	4.716391	0.934525	0.000000	0.000000	
33.477	1.056250	1.016620	4.907968	0.929125	0.000000	0.000000	
33.489	1.058500	0.621521	5.222069	0.923050	0.000000	0.000000	
33.500	1.063000	0.792575	5.340665	0.916300	0.000000	0.000000	
33.512	1.066937	1.021670	5.689721	0.910900	0.000000	0.000000	
33.523	1.068625	0.870719	5.856950	0.905500	0.000000	0.000000	
33.535	1.070875	0.641417	5.971330	0.899425	0.000000	0.000000	
33.546	1.074813	0.754789	6.207317	0.894025	0.000000	0.000000	
33.558	1.078750	0.959198	6.356775	0.888625	0.000000	0.000000	
33.570	1.081563	0.902552	6.704871	0.883225	0.000000	0.000000	
33.581	1.084937	0.845409	6.872808	0.877825	0.000000	0.000000	
33.593	1.089437	0.955871	7.200333	0.873100	0.000000	0.000000	
33.604	1.091125	0.842835	7.354648	0.868375	0.000000	0.000000	
33.616	1.094500	0.790120	7.513910	0.862300	0.000000	0.000000	
33.627	1.099563	0.960275	7.780475	0.857575	0.000000	0.000000	
33.639	1.102937	1.073485	7.969105	0.853525	0.000000	0.000000	
33.650	1.104625	0.844530	8.314765	0.848800	0.000000	0.000000	
33.662	1.108562	0.732052	8.418752	0.844075	0.000000	0.000000	
33.673	1.113625	1.011393	8.706796	0.840025	0.000000	0.000000	
33.685	1.115875	1.013680	8.885037	0.835975	0.000000	0.000000	
33.696	1.117563	0.675397	9.108624	0.832600	0.000000	0.000000	
33.708	1.120375	0.560986	9.143141	0.827875	0.000000	0.000000	
33.719	1.122625	0.615094	9.189332	0.825175	0.000000	0.000000	
33.731	1.123750	0.502613	9.270969	0.823150	0.000000	0.000000	
33.742	1.124875	0.334695	9.265652	0.821125	0.000000	0.000000	
33.754	1.127687	0.451788	9.268334	0.818425	0.000000	0.000000	
33.765	1.129938	0.619919	9.289568	0.816400	0.000000	0.000000	
33.777	1.130500	0.450807	9.367268	0.815725	0.000000	0.000000	
33.789	1.131063	0.198849	9.353839	0.815050	0.000000	0.000000	
33.800	1.131625	0.086151	9.296878	0.814375	0.000000	0.000000	
33.812	1.132187	0.142192	9.180901	0.813700	0.000000	0.000000	
33.823	1.132187	0.112333	9.118128	0.813700	0.000000	0.000000	
33.835	1.132187	0.000000	8.981076	0.813700	0.000000	0.000000	
33.846	1.132187	0.000000	8.891609	0.813700	0.000000	0.000000	
33.858	1.132187	0.000000	8.737090	0.813700	0.000000	0.000000	
33.869	1.131625	0.000000	8.663792	0.813700	0.000000	0.000000	
33.881	1.128250	0.000000	8.528055	0.815050	0.135969	0.000000	
33.892	1.124875	0.000000	8.464627	0.818425	0.473487	0.121582	
33.904	1.121500	0.000000	8.407564	0.820450	0.682263	0.183726	
33.916	1.118125	0.000000	8.290654	0.822475	0.614890	0.204831	
33.927	1.114750	0.000000	8.232876	0.827875	0.884200	0.204923	
33.939	1.109125	0.000000	8.117457	0.833950	1.282886	0.364477	
33.950	1.103500	0.000000	8.054660	0.835975	1.142762	0.384212	
33.962	1.099000	0.000000	7.920326	0.840025	0.941979	0.302024	
33.973	1.095625	0.000000	7.851844	0.848800	1.414947	0.364112	
33.985	1.090000	0.000000	7.687960	0.854875	1.823505	0.526157	
33.996	1.084937	0.000000	7.596481	0.854875	1.215150	0.404605	
34.008	1.081563	0.000000	7.504232	0.861625	0.877645	0.263015	
34.019	1.075938	0.000000	7.288976	0.876475	2.156843	0.566402	
34.031	1.070313	0.000000	7.171066	0.879850	2.428050	0.747747	
34.043	1.065812	0.000000	6.924657	0.878500	1.284409	0.424273	
34.054	1.061313	0.000000	6.788281	0.885925	0.870842	0.222103	
34.066	1.054562	0.000000	6.497901	0.903475	2.495667	0.748700	
34.077	1.048375	0.000000	6.344177	0.905500	2.698291	0.829397	
34.089	1.044438	0.000000	6.031111	0.902125	1.349728	0.687978	
34.101	1.041062	0.000000	5.862353	0.912925	1.147596	0.262878	
34.112	1.036000	0.000000	5.689570	0.928450	2.636863	0.567203	
34.124	1.033188	0.000000	5.344972	0.927775	2.569323	0.811270	
34.135	1.030375	0.000000	5.162757	0.925075	1.088131	0.568597	
34.147	1.025875	0.000000	4.792746	0.936550	1.147741	0.418247	
34.158	1.023625	0.000000	4.616410	0.950725	2.563144	0.647940	
34.170	1.021375	0.000000	4.237741	0.950050	2.429759	1.171721	
34.181	1.017437	0.000000	4.046793	0.946000	0.944561	1.171606	
34.193	1.015188	0.000000	3.676917	0.948700	0.269748	0.925470	
34.204	1.014625	0.000000	3.486443	0.962200	1.623411	0.589079	
34.216	1.012938	0.000000	3.297814	0.977050	3.104581	0.789689	
34.227	1.011250	0.000000	2.935414	0.974350	2.501250	1.424360	
34.239	1.009000	0.000000	2.751276	0.967600	0.748006	1.456875	
34.250	1.007313	0.000000	2.389471	0.972325	0.471235	0.959920	
34.262	1.005625	0.000000	2.212726	0.989875	2.224729	0.878778	
34.273	1.004500	0.000000	1.876452	0.999325	0.000000	1.131690	
34.285	1.002813	0.000000	1.707227	0.994600	2.092908	1.701606	
34.296	1.001688	0.000000	1.540358	0.991225	0.404114	1.686016	
34.308	1.000000	0.000000	1.225706	1.000000	0.943534	1.150040	
34.320	0.998875	0.000000	1.067826	1.018900	2.832054	1.162743	
34.331	0.998312	0.000000	0.763547	1.022275	3.107021	1.854083	
34.343	0.997187	0.000000	0.625859	1.012825	1.557306	2.109007	
34.354	0.996625	0.000000	0.344518	1.013500	0.269612	1.752343	
34.366	0.996625	0.000000	0.209346	1.027675	1.620474	1.650970	
34.377	0.996625	0.000000	0.000000	1.037800	2.630751	1.678966	
34.389	0.996625	0.000000	0.000000	1.037125	2.023912	2.113739	
34.400	0.994937	0.000000	0.000000	1.036450	0.604126	2.079613	
34.412	0.990438	0.000000	0.000000	1.043875	0.746273	1.596033	
34.423	0.985937	0.000000	0.000000	1.060075	2.369347	1.546820	
34.435	0.983688	0.000000	0.000000	1.064800	2.774693	2.052778	
34.447	0.981438	0.000000	0.000000	1.060075	1.556977	2.270510	
34.458	0.977500	0.000000	0.000000	1.060075	0.266648	1.926514	
34.470	0.973562	0.000000	0.000000	1.068850	0.940706	1.707285	
34.481	0.971875	0.000000	0.000000	1.081000	2.151767	1.619013	
34.493	0.971313	0.000000	0.000000	1.081675	2.020046	1.943177	
34.504	0.969625	0.000000	0.000000	1.077625	0.871611	2.027516	
34.516	0.969063	0.000000	0.000000	1.077625	0.066392	1.592986	
34.527	0.969063	0.000000	0.000000	1.082350	0.541312	1.328096	
34.539	0.969063	0.000000	0.000000	1.089100	1.216181	1.107170	
34.550	0.969063	0.000000	0.000000	1.089100	1.084740	1.092951	
34.562	0.970187	0.113749	0.017244	1.087075	0.477167	0.897761	
34.574	0.974125	0.505718	0.084496	1.085725	0.000000	0.649313	
34.585	0.976375	0.731416	0.219425	1.085725	0.000000	0.415134	
34.597	0.978063	0.674212	0.201918	1.085725	0.000000	0.000000	
34.609	0.984250	0.880446	0.196493	1.085725	0.000000	0.000000	
34.620	0.991562	1.442855	0.415887	1.085050	0.000000	0.000000	
34.632	0.993250	1.350268	0.466895	1.078975	0.000000	0.000000	
34.643	0.997187	1.012830	0.287202	1.067500	0.000000	0.000000	
34.655	1.010687	1.743556	0.371095	1.056025	0.000000	0.000000	
34.666	1.018563	2.474022	1.376816	1.047925	0.000000	0.000000	
34.678	1.013500	1.689358	1.850548	1.039150	0.000000	0.000000	
34.689	1.010125	0.391359	2.072810	1.029025	0.000000	0.000000	
34.701	1.015750	0.614575	2.112502	1.016875	0.000000	0.000000	
34.712	1.025875	1.628832	2.240553	1.008100	0.000000	0.000000	
34.724	1.029250	1.798069	2.859959	1.000000	0.000000	0.000000	
34.735	1.029812	1.015559	3.100195	0.989875	0.000000	0.000000	
34.747	1.033188	0.450894	3.214075	0.977050	0.000000	0.000000	
34.758	1.042750	1.351419	3.330724	0.967600	0.000000	0.000000	
34.770	1.050063	1.970638	3.933039	0.960175	0.000000	0.000000	
34.781	1.050063	1.464788	4.233432	0.952075	0.000000	0.000000	
34.793	1.051188	0.508181	4.384227	0.939925	0.000000	0.000000	
34.805	1.058500	0.843916	4.429142	0.929125	0.000000	0.000000	
34.816	1.068625	1.857080	4.605369	0.923050	0.000000	0.000000	
34.828	1.070313	1.745437	5.275079	0.914950	0.000000	0.000000	
34.837	1.070875	1.070598	5.498359	0.907525	0.000000	0.000000	
34.848	1.073125	0.394992	5.548473	0.898075	0.000000	0.000000	
34.860	1.082125	1.183137	5.670989	0.889975	0.000000	0.000000	
34.872	1.086625	1.520872	5.865608	0.883225	0.000000	0.000000	
34.883	1.086625	1.012994	6.246639	0.876475	0.000000	0.000000	
34.895	1.090562	0.563908	6.298659	0.869050	0.000000	0.000000	
34.906	1.096750	1.013737	6.454877	0.862975	0.000000	0.000000	
34.918	1.100688	1.292581	6.616620	0.856900	0.000000	0.000000	
34.929	1.102937	1.010197	6.811083	0.852175	0.000000	0.000000	
34.941	1.106875	0.784321	7.018704	0.846775	0.000000	0.000000	
34.953	1.111938	1.013083	7.133822	0.841375	0.000000	0.000000	
34.964	1.114750	1.072683	7.415071	0.837325	0.000000	0.000000	
34.976	1.116438	0.731841	7.500123	0.833275	0.000000	0.000000	
34.987	1.120375	0.675988	7.621172	0.827875	0.000000	0.000000	
34.999	1.123750	0.843194	7.699021	0.823150	0.000000	0.000000	
35.010	1.125437	0.730674	7.871562	0.820450	0.000000	0.000000	
35.022	1.127687	0.563066	7.914336	0.817750	0.000000	0.000000	
35.034	1.132750	0.845628	7.963383	0.813700	0.000000	0.000000	
35.045	1.136125	1.015592	8.214440	0.811000	0.000000	0.000000	
35.057	1.137812	0.845241	8.358031	0.808300	0.000000	0.000000	
35.069	1.140062	0.563826	8.520313	0.804925	0.000000	0.000000	
35.080	1.144000	0.675016	8.583778	0.801550	0.000000	0.000000	
35.092	1.147375	0.896847	8.767008	0.799525	0.000000	0.000000	
35.103	1.149625	0.838759	8.871137	0.798850	0.000000	0.000000	
35.115	1.153000	0.733898	9.089934	0.797500	0.000000	0.000000	
35.127	1.158625	1.016614	9.236294	0.795475	0.000000	0.000000	
35.138	1.162562	1.180913	9.619109	0.794125	0.000000	0.000000	
35.150	1.163125	0.784596	9.758946	0.793450	0.000000	0.000000	
35.161	1.163125	0.278764	9.797674	0.793450	0.000000	0.000000	
35.170	1.163125	0.056200	9.738111	0.793450	0.000000	0.000000	
35.182	1.163125	0.000000	9.527212	0.793450	0.000000	0.000000	
35.193	1.163125	0.000000	9.397259	0.793450	0.000000	0.000000	
35.205	1.162562	0.000000	9.172148	0.793450	0.000000	0.000000	
35.216	1.159750	0.000000	9.066934	0.795475	0.203116	0.040629	
35.228	1.155813	0.000000	8.881995	0.800200	0.675866	0.102179	
35.239	1.153000	0.000000	8.795302	0.802900	0.877105	0.263165	
35.251	1.149625	0.000000	8.713084	0.803575	0.606015	0.242834	
35.262	1.141188	0.000000	8.560346	0.808975	0.742016	0.202050	
35.274	1.129938	0.000000	8.492197	0.819775	1.687520	0.384547	
35.285	1.120375	0.000000	8.348582	0.821125	1.620853	0.506513	
35.297	1.111938	0.000000	8.274547	0.821800	0.812336	0.364696	
35.309	1.105750	0.000000	8.117389	0.831250	1.013620	0.264043	
35.320	1.103500	0.000000	8.027934	0.843400	2.228158	0.567360	
35.332	1.097875	0.000000	7.826776	0.843400	2.027608	0.689098	
35.344	1.091125	0.000000	7.722834	0.843400	0.743549	0.343915	
35.355	1.087750	0.000000	7.480926	0.852850	1.014742	0.142944	
35.367	1.084937	0.000000	7.350718	0.867700	2.497600	0.668474	
35.379	1.078750	0.000000	7.213927	0.865000	2.159041	0.749280	
35.390	1.073688	0.000000	6.933270	0.865000	0.877876	0.324317	
35.402	1.069750	0.000000	6.780684	0.877825	1.418751	0.203542	
35.413	1.064125	0.000000	6.472207	0.892675	2.905773	0.831308	
35.425	1.057938	0.000000	6.305579	0.887950	2.432060	0.830720	
35.437	1.052875	0.000000	5.960240	0.888625	0.944654	0.303668	
35.448	1.048375	0.000000	5.781432	0.904150	1.824056	0.324322	
35.460	1.044438	0.000000	5.427174	0.917650	3.169305	0.749408	
35.471	1.042750	0.000000	5.239563	0.912250	2.499617	0.849354	
35.483	1.038250	0.000000	5.050996	0.912250	0.738332	0.699817	
35.494	1.035437	0.000000	4.680250	0.924400	1.416579	0.622720	
35.506	1.033750	0.000000	4.487418	0.934525	2.430264	0.774074	
35.518	1.030375	0.000000	4.099994	0.933850	1.891791	1.130858	
35.529	1.027000	0.000000	3.918179	0.933850	0.540935	1.048038	
35.541	1.025875	0.000000	3.532200	0.940600	0.675881	0.568742	
35.552	1.024187	0.000000	3.341967	0.956125	2.227588	0.588110	
35.562	1.022500	0.000000	3.153564	0.964225	2.965701	0.898893	
35.573	1.020250	0.000000	2.793655	0.959500	2.088678	1.529389	
35.585	1.019125	0.000000	2.611600	0.952750	0.402021	1.444152	
35.597	1.018000	0.000000	2.268130	0.960850	0.811710	0.891097	
35.608	1.016875	0.000000	2.095378	0.978400	2.569750	0.964906	
35.620	1.015750	0.000000	1.759725	0.983800	3.040890	1.350264	
35.631	1.015188	0.000000	1.597508	0.973000	1.756152	1.912124	
35.643	1.014625	0.000000	1.449063	0.970975	0.204420	1.750151	
35.654	1.013500	0.000000	1.145433	0.985150	1.553172	1.348603	
35.666	1.012375	0.000000	1.000460	1.000675	3.104706	1.470912	
35.677	1.011250	0.000000	0.736473	0.998650	2.700513	2.079476	
35.689	1.010125	0.000000	0.610252	0.993250	0.810850	2.064526	
35.700	1.009000	0.000000	0.379507	0.998650	0.539920	1.416505	
35.712	1.008438	0.000000	0.281266	1.018900	2.566274	1.368737	
35.723	1.007875	0.000000	0.093017	1.027675	3.443429	1.678230	
35.735	1.007313	0.000000	0.009400	1.017550	2.167626	2.332884	
35.747	1.007313	0.000000	0.000000	1.014850	0.338750	2.236419	
35.758	1.006188	0.000000	0.000000	1.027675	1.417380	1.703690	
35.770	1.002250	0.000000	0.000000	1.041850	2.835005	1.801194	
35.781	0.997187	0.000000	0.000000	1.039825	2.430644	2.266165	
35.793	0.993813	0.000000	0.000000	1.036450	0.743680	2.192558	
35.804	0.991562	0.000000	0.000000	1.042525	0.606805	1.835444	
35.816	0.989312	0.000000	0.000000	1.058725	2.229936	1.507128	
35.827	0.987063	0.000000	0.000000	1.063450	2.565803	1.686151	
35.839	0.984812	0.000000	0.000000	1.058050	1.421777	1.917782	
35.850	0.983125	0.000000	0.000000	1.058725	0.267812	1.668603	
35.862	0.982000	0.000000	0.000000	1.068175	1.077540	1.155993	
35.873	0.980313	0.000000	0.000000	1.078975	2.156519	1.138119	
35.885	0.978625	0.000000	0.000000	1.078975	1.888265	1.354884	
35.897	0.978063	0.000000	0.000000	1.076275	0.672974	1.238727	
35.908	0.978063	0.000000	0.000000	1.076950	0.066260	0.947424	
35.920	0.978063	0.000000	0.000000	1.083025	0.674509	0.293275	
35.931	0.978063	0.000000	0.000000	1.091800	1.551942	0.344159	
35.943	0.978625	0.056567	0.000000	1.091125	1.417567	0.465978	
35.954	0.982562	0.450780	0.051015	1.084375	0.674863	0.324284	
35.966	0.986500	0.843570	0.219425	1.081675	0.000000	0.000000	
35.977	0.987625	0.730017	0.253002	1.081675	0.000000	0.000000	
35.989	0.990438	0.618974	0.185314	1.081675	0.000000	0.000000	
36.001	0.997750	1.069494	0.253437	1.077625	0.000000	0.000000	
36.012	1.002250	1.406158	0.438314	1.068175	0.000000	0.000000	
36.024	1.004500	1.123127	0.502817	1.058725	0.000000	0.000000	
36.035	1.008438	0.841472	0.704757	1.052650	0.000000	0.000000	
36.047	1.012938	1.013092	1.071678	1.045225	0.000000	0.000000	
36.058	1.014625	0.900610	1.232898	1.037800	0.000000	0.000000	
36.070	1.018000	0.729861	1.500908	1.027675	0.000000	0.000000	
36.081	1.022500	0.900963	1.635971	1.018900	0.000000	0.000000	
36.093	1.027000	1.127701	2.001971	1.010800	0.000000	0.000000	
36.104	1.029812	1.013841	2.206215	1.004050	0.000000	0.000000	
36.116	1.032063	0.733349	2.539015	0.994600	0.000000	0.000000	
36.127	1.035437	0.732108	2.666900	0.985150	0.000000	0.000000	
36.139	1.041062	1.014239	2.813582	0.976375	0.000000	0.000000	
36.150	1.045563	1.235827	3.266549	0.969625	0.000000	0.000000	
36.162	1.045563	0.787341	3.497349	0.962200	0.000000	0.000000	
36.173	1.048375	0.505268	3.725711	0.954775	0.000000	0.000000	
36.185	1.054562	0.900134	3.865421	0.945325	0.000000	0.000000	
36.196	1.057938	1.180371	4.272902	0.937900	0.000000	0.000000	
36.208	1.059625	0.841466	4.483851	0.931150	0.000000	0.000000	
36.220	1.062438	0.618268	4.785707	0.923725	0.000000	0.000000	
36.231	1.066937	0.841810	4.921740	0.916300	0.000000	0.000000	
36.243	1.070875	1.069395	5.119684	0.909550	0.000000	0.000000	
36.254	1.072000	0.845417	5.515114	0.903475	0.000000	0.000000	
36.266	1.075375	0.677824	5.656624	0.896725	0.000000	0.000000	
36.277	1.080438	0.901350	5.973907	0.889300	0.000000	0.000000	
36.289	1.082687	0.957393	6.172629	0.882550	0.000000	0.000000	
36.300	1.084937	0.727450	6.492195	0.876475	0.000000	0.000000	
36.312	1.091125	0.951735	6.661955	0.871075	0.000000	0.000000	
36.323	1.093938	1.120119	7.107577	0.865675	0.000000	0.000000	
36.335	1.096187	0.895830	7.308897	0.858925	0.000000	0.000000	
36.347	1.101250	0.839556	7.477586	0.854200	0.000000	0.000000	
36.358	1.105750	1.065010	7.835306	0.850150	0.000000	0.000000	
36.370	1.108000	1.010965	8.065381	0.844750	0.000000	0.000000	
36.381	1.111375	0.783302	8.403007	0.840025	0.000000	0.000000	
36.393	1.115312	0.841726	8.534440	0.835975	0.000000	0.000000	
36.404	1.117000	0.786311	8.797938	0.831925	0.000000	0.000000	
36.416	1.118688	0.563573	8.879607	0.827200	0.000000	0.000000	
36.428	1.120937	0.452300	8.975311	0.824500	0.000000	0.000000	
36.439	1.123188	0.505380	9.008702	0.823150	0.000000	0.000000	
36.451	1.123750	0.391801	9.026858	0.821800	0.000000	0.000000	
36.462	1.123750	0.167256	9.011810	0.820450	0.000000	0.000000	
36.474	1.124313	0.112038	8.964272	0.819775	0.000000	0.000000	
36.485	1.124313	0.055906	8.828305	0.819775	0.000000	0.000000	
36.497	1.124313	0.055906	8.757480	0.819775	0.000000	0.000000	
36.508	1.124313	0.000000	8.616338	0.819775	0.000000	0.000000	
36.520	1.123750	0.000000	8.543344	0.819775	0.000000	0.000000	
36.531	1.120375	0.000000	8.474594	0.821125	0.134284	0.020199	
36.543	1.116438	0.000000	8.351812	0.826525	0.672986	0.161617	
36.554	1.113625	0.000000	8.292818	0.829900	1.009837	0.262511	
36.563	1.110813	0.000000	8.235635	0.829900	0.807893	0.282752	
36.575	1.105188	0.000000	8.122688	0.833950	0.674767	0.182106	
36.586	1.099563	0.000000	8.066906	0.844075	1.418218	0.283520	
36.598	1.095062	0.000000	7.939632	0.850150	1.955042	0.586513	
36.609	1.090562	0.000000	7.871033	0.850150	1.213383	0.484896	
36.621	1.084937	0.000000	7.721006	0.854875	0.673494	0.202048	
36.632	1.081000	0.000000	7.634193	0.868375	1.826670	0.426254	
36.644	1.075938	0.000000	7.438241	0.875125	2.501167	0.709420	
36.656	1.070313	0.000000	7.329755	0.872425	1.484923	0.546937	
36.667	1.065812	0.000000	7.213573	0.878500	0.742581	0.263120	
36.679	1.061313	0.000000	6.968485	0.895375	2.295659	0.608241	
36.690	1.055688	0.000000	6.832014	0.898750	2.635943	0.831354	
36.702	1.049500	0.000000	6.548627	0.894700	1.487692	0.506955	
36.713	1.045563	0.000000	6.393016	0.902125	0.803322	0.222497	
36.725	1.042750	0.000000	6.064662	0.919675	2.494457	0.383601	
36.736	1.037688	0.000000	5.893479	0.921025	2.773275	0.851034	
36.748	1.034875	0.000000	5.549073	0.915625	1.356362	0.710521	
36.759	1.033188	0.000000	5.365944	0.923725	0.883574	0.209432	
36.771	1.029250	0.000000	5.180004	0.941275	2.564692	0.526599	
36.782	1.025875	0.000000	4.814152	0.940600	2.700291	1.251462	
36.794	1.024750	0.000000	4.622340	0.928450	1.215992	1.523512	
36.805	1.023625	0.000000	4.238247	0.925075	0.068130	1.234344	
36.817	1.020813	0.000000	4.057044	0.936550	1.216044	1.119225	
36.828	1.019688	0.000000	3.671879	0.948700	2.429520	1.190556	
36.840	1.018563	0.000000	3.480922	0.947350	2.024987	1.636196	
36.852	1.017437	0.000000	3.116509	0.945325	0.539058	1.704674	
36.863	1.016875	0.000000	2.930615	0.948025	0.270143	1.206183	
36.875	1.016312	0.000000	2.747984	0.962200	1.688332	1.054772	
36.886	1.015750	0.000000	2.400763	0.972325	2.699855	1.438825	
36.898	1.015188	0.000000	2.227041	0.968275	2.025129	1.718121	
36.909	1.014625	0.000000	1.896152	0.964900	0.540061	1.630592	
36.921	1.014625	0.000000	1.740930	0.970975	0.607334	1.388197	
36.932	1.014063	0.000000	1.461278	0.983125	1.822246	1.252782	
36.944	1.013500	0.000000	1.328478	0.989200	2.362491	1.585869	
36.955	1.013500	0.000000	1.202602	0.985825	1.484929	1.779955	
36.967	1.013500	0.000000	0.980784	0.985825	0.272210	1.553663	
36.978	1.012938	0.000000	0.877471	0.991900	0.672958	1.299142	
36.990	1.012938	0.000000	0.691326	1.005400	2.022734	1.294129	
37.001	1.012938	0.000000	0.613503	1.008100	2.156059	1.520508	
37.013	1.012938	0.000000	0.466775	1.002700	1.147584	1.716485	
37.025	1.012938	0.000000	0.402777	1.001350	0.000000	1.501072	
37.036	1.012938	0.000000	0.296196	1.007425	0.611367	1.247713	
37.048	1.012938	0.000000	0.249968	1.015525	1.420287	1.070323	
37.059	1.012938	0.000000	0.208549	1.016200	1.411117	1.155933	
37.071	1.012938	0.000000	0.143184	1.014850	0.536379	1.155847	
37.082	1.013500	0.057079	0.116478	1.014850	0.000000	0.927034	
37.094	1.014063	0.113553	0.132563	1.017550	0.269386	0.502437	
37.105	1.014063	0.113553	0.150366	1.023625	0.875526	0.420225	
37.117	1.014063	0.056475	0.169015	1.026325	1.081232	0.526880	
37.128	1.014063	0.000000	0.154290	1.026325	0.676717	0.557103	
37.140	1.014063	0.000000	0.139980	1.026325	0.068438	0.490213	
37.151	1.014063	0.000000	0.137329	1.026325	0.000000	0.182120	
37.163	1.014063	0.000000	0.136887	1.029025	0.273709	0.032496	
37.175	1.014063	0.000000	0.143968	1.034425	0.814400	0.224137	
37.186	1.014063	0.000000	0.150597	1.034425	0.814320	0.264206	
37.198	1.014063	0.000000	0.169889	1.034425	0.337020	0.289472	
37.209	1.014625	0.056475	0.182184	1.033750	0.000000	0.238255	
37.221	1.015188	0.112607	0.264046	1.033750	0.000000	0.167677	
37.232	1.015188	0.112607	0.300410	1.033750	0.000000	0.001770	
37.244	1.015188	0.056132	0.379830	1.033750	0.000000	0.000000	
37.255	1.015188	0.000000	0.393181	1.033750	0.000000	0.000000	
37.267	1.015750	0.056178	0.442032	1.033750	0.000000	0.000000	
37.278	1.015750	0.056178	0.506624	1.033750	0.000000	0.000000	
37.290	1.015750	0.000000	0.538876	1.033750	0.000000	0.000000	
37.301	1.016312	0.055437	0.583589	1.033750	0.000000	0.000000	
37.313	1.016875	0.111981	0.615879	1.033750	0.000000	0.000000	
37.324	1.016875	0.056544	0.697384	1.033075	0.000000	0.000000	
37.336	1.016875	0.056544	0.742584	1.032400	0.000000	0.000000	
37.347	1.016875	0.000000	0.754933	1.032400	0.000000	0.000000	
37.359	1.016875	0.000000	0.791966	1.032400	0.000000	0.000000	
37.370	1.016875	0.000000	0.802880	1.032400	0.000000	0.000000	
37.382	1.016875	0.000000	0.827388	1.032400	0.000000	0.052050	
37.394	1.016875	0.000000	0.840046	1.031725	0.000000	0.089215	
37.405	1.016875	0.000000	0.864010	1.029700	0.000000	0.172109	
37.417	1.016875	0.000000	0.876217	1.027675	0.000000	0.214563	
37.428	1.016875	0.000000	0.900824	1.026325	0.000000	0.254395	
37.440	1.016875	0.000000	0.912140	1.026325	0.000000	0.338101	
37.451	1.016875	0.000000	0.924004	1.025650	0.000000	0.378722	
37.463	1.016875	0.000000	0.946882	1.023625	0.000000	0.454882	
37.474	1.016875	0.000000	0.957553	1.022275	0.000000	0.492973	
37.486	1.016875	0.000000	0.977227	1.022275	0.000000	0.566042	
37.497	1.016875	0.000000	0.986901	1.021600	0.000000	0.601025	
37.509	1.016875	0.000000	1.003713	1.020250	0.000000	0.632720	
37.520	1.016875	0.000000	1.011485	1.019575	0.000000	0.697149	
37.532	1.016875	0.000000	1.026604	1.018225	0.000000	0.727899	
37.543	1.016875	0.000000	1.034008	1.017550	0.000000	0.783269	
37.555	1.016875	0.000000	1.042098	1.016875	0.000000	0.812742	
37.567	1.016875	0.000000	1.056707	1.016875	0.000000	0.861387	
37.578	1.016875	0.000000	1.064496	1.015525	0.000000	0.884047	
37.590	1.016875	0.000000	1.080507	1.014850	0.000000	0.905155	
37.601	1.016875	0.000000	1.088947	1.014850	0.000000	0.942758	
37.613	1.016875	0.000000	1.105378	1.014175	0.000000	0.960523	
37.625	1.016875	0.000000	1.113651	1.013500	0.000000	0.992428	
37.636	1.016875	0.000000	1.122379	1.012825	0.000000	1.006014	
37.648	1.016875	0.000000	1.138433	1.012825	0.000000	1.031323	
37.659	1.016875	0.000000	1.146487	1.012150	0.000000	1.042700	
37.671	1.016875	0.000000	1.163301	1.012150	0.000000	1.061834	
37.682	1.016875	0.000000	1.171437	1.012150	0.000000	1.070554	
37.694	1.016875	0.000000	1.189150	1.011475	0.000000	1.078628	
37.705	1.016875	0.000000	1.198240	1.011475	0.000000	1.092276	
37.717	1.016875	0.000000	1.215290	1.011475	0.000000	1.098394	
37.729	1.015750	0.000000	1.223518	1.011475	0.000000	1.109836	
37.740	1.015188	0.000000	1.231664	1.011475	0.000000	1.114561	
37.752	1.015188	0.000000	1.245421	1.011475	0.000000	1.123525	
37.763	1.014625	0.000000	1.251718	1.011475	0.000000	1.127541	
37.774	1.014063	0.000000	1.262386	1.011475	0.000000	1.133993	
37.786	1.014063	0.000000	1.266917	1.011475	0.000000	1.136411	
37.798	1.013500	0.000000	1.274683	1.011475	0.000000	1.138467	
37.809	1.012938	0.000000	1.278161	1.011475	0.000000	1.140575	
37.820	1.012375	0.000000	1.280867	1.011475	0.000000	1.140699	
37.832	1.012375	0.000000	1.284877	1.011475	0.000000	1.140182	
37.843	1.012375	0.000000	1.286487	1.011475	0.000000	1.139676	
37.855	1.012375	0.000000	1.288097	1.011475	0.000000	1.138536	
37.867	1.012375	0.000000	1.288209	1.011475	0.000000	1.138109	
37.878	1.012375	0.000000	1.287473	1.011475	0.000000	1.137484	
37.890	1.012375	0.000000	1.286374	1.011475	0.000000	1.136410	
37.901	1.012375	0.000000	1.282951	1.011475	0.000000	1.136157	
37.913	1.012375	0.000000	1.280907	1.011475	0.000000	1.135955	
37.924	1.012375	0.000000	1.278494	1.011475	0.000000	1.136004	
37.936	1.012375	0.000000	1.273413	1.011475	0.000000	1.137030	
37.947	1.012375	0.000000	1.270919	1.011475	0.000000	1.138016	
37.959	1.012375	0.000000	1.265587	1.011475	0.000000	1.141070	
37.970	1.012375	0.000000	1.262952	1.011475	0.000000	1.143163	
37.982	1.012375	0.000000	1.258559	1.011475	0.000000	1.145248	
37.993	1.012375	0.000000	1.256727	1.011475	0.000000	1.150945	
38.005	1.012375	0.000000	1.254938	1.011475	0.000000	1.154392	
38.016	1.012375	0.000000	1.251756	1.011475	0.000000	1.161225	
38.028	1.012375	0.000000	1.250154	1.011475	0.000000	1.164760	
38.039	1.012375	0.000000	1.247182	1.011475	0.000000	1.171771	
38.051	1.012375	0.000000	1.245780	1.011475	0.000000	1.175012	
38.062	1.011812	0.000000	1.242560	1.011475	0.000000	1.177950	
38.071	1.011812	0.000000	1.240762	1.011475	0.000000	1.182533	
38.083	1.011250	0.000000	1.238764	1.011475	0.000000	1.184187	
38.094	1.011250	0.000000	1.233598	1.011475	0.000000	1.185797	
38.106	1.011250	0.000000	1.230625	1.011475	0.000000	1.187929	
38.117	1.011250	0.000000	1.224535	1.011475	0.000000	1.188584	
38.129	1.011250	0.000000	1.221315	1.011475	0.000000	1.189986	
38.141	1.011250	0.000000	1.218311	1.011475	0.000000	1.190803	
38.152	1.011250	0.000000	1.212350	1.011475	0.000000	1.192274	
38.164	1.011250	0.000000	1.209676	1.011475	0.000000	1.193195	
38.175	1.011250	0.000000	1.204697	1.011475	0.000000	1.195539	
38.187	1.011250	0.000000	1.202568	1.011475	0.000000	1.196911	
38.198	1.011250	0.000000	1.199049	1.011475	0.000000	1.198893	
38.210	1.011250	0.000000	1.197769	1.011475	0.000000	1.203872	
38.221	1.011250	0.000000	1.196680	1.011475	0.000000	1.206738	
38.233	1.011250	0.000000	1.195055	1.011475	0.000000	1.214115	
38.244	1.011250	0.000000	1.194481	1.011475	0.000000	1.218190	
38.256	1.011250	0.000000	1.193485	1.011475	0.000000	1.226402	
38.267	1.011250	0.000000	1.193003	1.011475	0.000000	1.230810	
38.279	1.011250	0.000000	1.192627	1.011475	0.000000	1.239334	
38.290	1.011250	0.000000	1.192744	1.011475	0.000000	1.242975	
38.302	1.011250	0.000000	1.193556	1.011475	0.000000	1.246744	
38.313	1.011250	0.000000	1.194360	1.011475	0.000000	1.252949	
38.325	1.025875	1.549090	1.194360	1.028350	1.713276	1.252949	
38.336	1.060187	4.567018	1.194360	1.070875	5.447285	1.252949	
38.347	1.090000	7.420527	1.194360	1.108000	8.982245	1.252949	
38.358	1.114187	7.450167	1.194360	1.139725	9.354485	1.252949	
38.370	1.132750	6.434210	1.194360	1.166050	8.183396	1.252949	
38.381	1.141188	4.426816	1.194360	1.181575	6.160691	1.252949	
38.392	1.142875	2.621551	1.194360	1.189675	4.575574	1.252949	
38.404	1.142313	0.463036	1.194360	1.191700	2.826421	1.252949	
38.415	1.142313	0.049951	1.194360	1.191700	1.674088	1.252949	
38.426	1.142313	0.000000	1.194360	1.191700	0.046285	1.252949	
38.437	1.142313	0.000000	1.194360	1.191700	0.000000	1.252949	
38.448	1.142313	0.000000	1.194360	1.191700	0.000000	1.252949	
38.459	1.142313	0.000000	1.194360	1.191700	0.000000	1.252949	
38.470	1.142313	0.000000	1.194360	1.191700	0.000000	1.252949	
38.482	1.142313	0.000000	1.194360	1.191700	0.000000	1.252949	
38.493	1.142313	0.000000	1.194360	1.191700	0.000000	1.252949	
38.504	1.142313	0.000000	1.194360	1.191700	0.000000	1.252949	
38.516	1.142313	0.000000	1.194360	1.191700	0.000000	1.252949	
38.527	1.142313	0.000000	1.194360	1.191700	0.000000	1.252949	
38.538	1.142313	0.000000	1.194360	1.191700	0.000000	1.252949	
38.549	1.142313	0.000000	1.194360	1.191700	0.000000	1.252949	
38.561	1.142313	0.000000	1.194360	1.191700	0.000000	1.252949	
38.572	1.142313	0.000000	1.194360	1.191700	0.000000	1.252949	
38.584	1.142313	0.000000	1.194360	1.191700	0.000000	1.252949	
38.595	1.142313	0.000000	1.194360	1.191700	0.000000	1.252949	
38.606	1.142313	0.000000	1.194360	1.191700	0.000000	1.252949	
38.617	1.142313	0.000000	1.194360	1.191700	0.000000	1.252949	
38.629	1.142313	0.000000	1.194360	1.191700	0.000000	1.252949	
38.640	1.142313	0.000000	1.194360	1.191700	0.000000	1.252949	
38.651	1.142313	0.000000	1.194360	1.191700	0.000000	1.252949	
38.663	1.142313	0.000000	1.194360	1.191700	0.000000	1.252949	
38.674	1.142313	0.000000	1.194360	1.191700	0.000000	1.252949	
38.685	1.142313	0.000000	1.194360	1.191700	0.000000	1.252949	
38.696	1.142313	0.000000	1.194360	1.191700	0.000000	1.252949	
38.708	1.142313	0.000000	1.194360	1.191700	0.000000	1.252949	
38.719	1.142313	0.000000	1.194360	1.191700	0.000000	1.252949	
38.730	1.142313	0.000000	1.194360	1.191700	0.000000	1.252949	
38.742	1.142313	0.000000	1.194360	1.191700	0.000000	1.252949	
38.753	1.142313	0.000000	1.194360	1.191700	0.000000	1.252949	
38.764	1.142313	0.000000	1.194360	1.191700	0.000000	1.252949	
38.776	1.142313	0.000000	1.194360	1.191700	0.000000	1.252949	
38.787	1.142313	0.000000	1.194360	1.191700	0.000000	1.252949	
38.798	1.142313	0.000000	1.194360	1.191700	0.000000	1.252949	
38.810	1.142313	0.000000	1.194360	1.191700	0.000000	1.252949	
38.821	1.142313	0.000000	1.194360	1.191700	0.000000	1.252949	
38.832	1.142313	0.000000	1.194360	1.191700	0.000000	1.252949	
38.843	1.142313	0.000000	1.194360	1.191700	0.000000	1.252949	
38.855	1.142313	0.000000	1.194360	1.191700	0.000000	1.252949	
38.866	1.142313	0.000000	1.194360	1.191700	0.000000	1.252949	
38.877	1.142313	0.000000	1.194360	1.191700	0.000000	1.252949	
38.888	1.142313	0.000000	1.194360	1.191700	0.000000	1.252949	
38.900	1.142313	0.000000	1.194360	1.191700	0.000000	1.252949	
38.911	1.142313	0.000000	1.194360	1.191700	0.000000	1.252949	
38.922	1.142313	0.000000	1.194360	1.191700	0.000000	1.252949	
38.933	1.142313	0.000000	1.194360	1.191700	0.000000	1.252949	
38.945	1.142313	0.000000	1.194360	1.191700	0.000000	1.252949	
38.956	1.142313	0.000000	1.194360	1.191700	0.000000	1.252949	
38.967	1.142313	0.000000	1.194360	1.191700	0.000000	1.252949	
38.979	1.142313	0.000000	1.194360	1.191700	0.000000	1.252949	
38.990	1.142313	0.000000	1.194360	1.191700	0.000000	1.252949	
39.001	1.142313	0.000000	1.194360	1.191700	0.000000	1.252949	
39.012	1.142313	0.000000	1.194360	1.191700	0.000000	1.252949	
39.024	1.142313	0.000000	1.194360	1.191700	0.000000	1.252949	
