37.678	1.002250	0.000000	0.749999	1.004725	0.000000	1.012644	
37.689	1.002250	0.000000	0.755538	1.004725	0.000000	1.015747	
37.701	1.002250	0.000000	0.758374	1.004725	0.000000	1.021842	
37.712	1.002250	0.000000	0.760653	1.004725	0.000000	1.024945	
37.724	1.002250	0.000000	0.765424	1.004725	0.000000	1.031664	
37.735	1.002250	0.000000	0.767496	1.004725	0.000000	1.035063	
37.747	1.002250	0.000000	0.770970	1.004725	0.000000	1.042337	
37.758	1.002250	0.000000	0.772938	1.004725	0.000000	1.046187	
37.770	1.002250	0.000000	0.776842	1.004725	0.000000	1.050220	
37.781	1.002250	0.000000	0.778603	1.004725	0.000000	1.058164	
37.792	1.002250	0.000000	0.780846	1.004725	0.000000	1.062536	
37.804	1.002250	0.000000	0.785140	1.004725	0.000000	1.071222	
37.815	1.002250	0.000000	0.787166	1.004725	0.000000	1.075688	
37.827	1.002250	0.000000	0.791484	1.004725	0.000000	1.084649	
37.838	1.002250	0.000000	0.793421	1.004725	0.000000	1.089033	
37.850	1.002250	0.000000	0.797234	1.004725	0.000000	1.092884	
37.861	1.002250	0.000000	0.799246	1.004725	0.000000	1.100403	
37.872	1.002250	0.000000	0.801114	1.004725	0.000000	1.103791	
37.884	1.002250	0.000000	0.805096	1.004725	0.000000	1.109821	
37.895	1.002250	0.000000	0.807011	1.004725	0.000000	1.112615	
37.907	1.002250	0.000000	0.811002	1.004725	0.000000	1.116734	
37.918	1.002250	0.000000	0.813088	1.004725	0.000000	1.117781	
37.930	1.002250	0.000000	0.817204	1.004725	0.000000	1.118433	
37.941	1.002250	0.000000	0.819381	1.004725	0.000000	1.118007	
37.953	1.002250	0.000000	0.821933	1.004725	0.000000	1.117237	
37.964	1.002250	0.000000	0.827663	1.004725	0.000000	1.114916	
37.976	1.002250	0.000000	0.831039	1.004725	0.000000	1.113203	
37.987	1.002250	0.000000	0.837286	1.004725	0.000000	1.111611	
37.999	1.002250	0.000000	0.840579	1.004725	0.000000	1.107595	
38.010	1.002250	0.000000	0.844047	1.004725	0.000000	1.105302	
38.021	1.002813	0.055929	0.854436	1.004050	0.000000	1.100952	
38.033	1.002813	0.055929	0.873662	1.002700	0.000000	1.098711	
38.044	1.002813	0.000000	0.912459	1.002700	0.000000	1.093436	
38.056	1.002813	0.000000	0.927745	1.002700	0.000000	1.090728	
38.067	1.003375	0.056868	0.933392	1.002700	0.000000	1.087484	
38.079	1.003375	0.056868	0.951960	1.002700	0.000000	1.080701	
38.090	1.003375	0.056868	0.969899	1.002025	0.000000	1.077595	
38.101	1.003937	0.056360	1.000217	1.001350	0.000000	1.071653	
38.113	1.003937	0.056360	1.002548	1.001350	0.000000	1.068758	
38.124	1.004500	0.112812	1.037309	1.000675	0.000000	1.063116	
38.136	1.005062	0.113507	1.066877	1.000675	0.000000	1.060546	
38.147	1.005062	0.057055	1.109924	0.999325	0.000000	1.057548	
38.159	1.006188	0.170192	1.138834	0.997975	0.000000	1.051726	
38.170	1.007313	0.225858	1.169328	0.995950	0.000000	1.048897	
38.182	1.008438	0.282516	1.257111	0.993250	0.000000	1.042685	
38.193	1.010125	0.339964	1.332867	0.991900	0.000000	1.039123	
38.204	1.011250	0.339712	1.499221	0.988525	0.000000	1.029547	
38.216	1.012938	0.396204	1.571422	0.983800	0.000000	1.022847	
38.227	1.015188	0.449552	1.738231	0.979750	0.000000	1.014255	
38.239	1.018000	0.617066	1.843335	0.975025	0.000000	0.992332	
38.250	1.020250	0.616204	1.965479	0.970300	0.000000	0.974475	
38.261	1.022500	0.617323	2.239008	0.965575	0.000000	0.921454	
38.273	1.025313	0.672750	2.382236	0.959500	0.000000	0.886006	
38.284	1.028125	0.732129	2.644214	0.954775	0.000000	0.797301	
38.295	1.030938	0.730167	2.779911	0.950050	0.000000	0.742713	
38.307	1.034312	0.787058	3.093071	0.945325	0.000000	0.681531	
38.318	1.036562	0.728981	3.234186	0.940600	0.000000	0.543616	
38.330	1.038250	0.618729	3.378416	0.937225	0.000000	0.463945	
38.341	1.040500	0.506341	3.586316	0.935200	0.000000	0.286323	
38.353	1.044438	0.733153	3.658387	0.933850	0.000000	0.195845	
38.364	1.047250	0.843915	3.839219	0.933175	0.000000	0.096107	
38.375	1.048938	0.732078	3.971913	0.933175	0.000000	0.000000	
38.387	1.050063	0.450083	4.113346	0.931825	0.000000	0.000000	
38.398	1.051750	0.391326	4.275989	0.928450	0.000000	0.000000	
38.409	1.055125	0.563290	4.315537	0.923050	0.000000	0.000000	
38.421	1.058500	0.846230	4.428073	0.919000	0.000000	0.000000	
38.432	1.060750	0.769678	4.545529	0.915625	0.000000	0.000000	
38.444	1.061313	0.486417	4.843961	0.911575	0.000000	0.000000	
38.456	1.063000	0.337308	4.922999	0.907525	0.000000	0.000000	
38.467	1.065812	0.507198	4.956893	0.904825	0.000000	0.000000	
38.478	1.068625	0.675698	5.023532	0.902125	0.000000	0.000000	
38.490	1.069188	0.507731	5.110281	0.899425	0.000000	0.000000	
38.501	1.069750	0.337223	5.309147	0.896050	0.000000	0.000000	
38.513	1.070313	0.172145	5.345284	0.893350	0.000000	0.000000	
38.524	1.071437	0.226736	5.334805	0.891325	0.000000	0.000000	
38.535	1.072000	0.224898	5.326615	0.891325	0.000000	0.000000	
38.547	1.072562	0.165753	5.336241	0.890650	0.000000	0.000000	
38.558	1.072562	0.110182	5.357145	0.889975	0.000000	0.000000	
38.570	1.072562	0.000000	5.352324	0.889975	0.000000	0.000000	
38.581	1.072562	0.000000	5.282506	0.889975	0.000000	0.000000	
38.592	1.069750	0.000000	5.238432	0.890650	0.067169	0.000000	
38.604	1.066937	0.000000	5.161877	0.892675	0.272436	0.000000	
38.615	1.066375	0.000000	5.125580	0.898075	0.813446	0.000000	
38.627	1.060750	0.000000	5.090636	0.903475	1.285612	0.000000	
38.638	1.055125	0.000000	5.021545	0.908875	1.416078	0.000000	
38.649	1.052312	0.000000	4.985992	0.914275	1.415170	0.000000	
38.661	1.045000	0.000000	4.902833	0.923050	1.754255	0.000000	
38.672	1.038250	0.000000	4.852960	0.931150	2.091423	0.000000	
38.683	1.033750	0.000000	4.737820	0.938575	2.094813	0.000000	
38.695	1.027000	0.000000	4.667926	0.946675	2.095892	0.000000	
38.706	1.020813	0.000000	4.590185	0.956125	2.226445	0.000000	
38.718	1.015188	0.000000	4.419175	0.965575	2.430319	0.466318	
38.729	1.009000	0.000000	4.319316	0.967600	1.822965	0.950214	
38.741	1.003375	0.000000	4.100492	0.963550	0.743567	1.617671	
38.752	0.998875	0.000000	3.988137	0.960850	0.000000	1.643066	
38.763	0.993250	0.000000	3.733217	0.964900	0.402524	1.493635	
38.775	0.985937	0.000000	3.598901	0.981775	2.087033	1.196407	
38.786	0.982000	0.000000	3.460324	0.997300	3.632040	1.374526	
38.798	0.976937	0.000000	3.182274	0.997300	2.895877	2.796270	
38.809	0.970750	0.000000	3.032424	0.985150	1.076724	3.501643	
38.821	0.967375	0.000000	2.723106	0.975025	0.000000	3.814562	
38.832	0.964562	0.000000	2.573862	0.979750	0.537701	3.541833	
38.844	0.960063	0.000000	2.245847	0.997975	2.364270	3.298661	
38.855	0.956125	0.000000	2.079496	1.010125	3.510109	3.673994	
38.867	0.953313	0.000000	1.921432	1.006750	2.364862	4.289906	
38.878	0.950500	0.000000	1.579891	1.004725	0.608109	5.312791	
38.889	0.948250	0.000000	1.408579	1.004725	0.000000	5.270538	
38.901	0.947125	0.000000	1.074375	1.012150	0.741741	4.639960	
38.912	0.946000	0.000000	0.903230	1.024300	1.956158	4.455610	
38.924	0.944313	0.000000	0.562624	1.031050	2.430123	4.527347	
38.935	0.943750	0.000000	0.405001	1.031050	1.484597	5.183146	
38.947	0.943187	0.000000	0.239104	1.033750	0.544933	5.420581	
38.958	0.943187	0.000000	0.000000	1.039150	0.813583	5.222838	
38.969	0.942625	0.000000	0.000000	1.049275	1.718940	5.090567	
38.981	0.939812	0.000000	0.000000	1.056700	2.117593	5.310955	
38.992	0.934187	0.000000	0.000000	1.059400	1.711969	5.589502	
39.004	0.928000	0.000000	0.000000	1.061425	0.869867	5.862134	
39.015	0.924062	0.000000	0.000000	1.068175	1.009944	5.967740	
39.027	0.920125	0.000000	0.000000	1.076950	1.684549	5.907257	
39.038	0.914500	0.000000	0.000000	1.084375	2.090051	6.152696	
39.049	0.907188	0.000000	0.000000	1.090450	1.821249	6.465979	
39.061	0.902125	0.000000	0.000000	1.098550	1.821398	7.009967	
39.072	0.898750	0.000000	0.000000	1.109350	2.229227	7.245152	
39.084	0.892563	0.000000	0.000000	1.114750	2.162489	7.527745	
39.095	0.885813	0.000000	0.000000	1.118125	1.553025	8.213773	
39.106	0.882437	0.000000	0.000000	1.124875	1.348796	8.440117	
39.118	0.881312	0.000000	0.000000	1.130275	1.418849	8.584260	
39.129	0.878500	0.000000	0.000000	1.131625	1.079754	8.676235	
39.141	0.876250	0.000000	0.000000	1.133650	0.604719	8.753702	
39.152	0.876250	0.000000	0.000000	1.133650	0.268283	8.638317	
39.163	0.876250	0.000000	0.000000	1.133650	0.135184	8.455786	
39.175	0.876250	0.000000	0.000000	1.132300	0.000000	8.050465	
39.186	0.878500	0.221420	0.000000	1.126225	0.000000	7.836005	
39.198	0.886375	1.007795	0.000000	1.118125	0.000000	7.434427	
39.210	0.893687	1.686378	0.000000	1.111375	0.000000	7.259660	
39.221	0.898750	1.743326	0.000000	1.101250	0.000000	6.959942	
39.232	0.908875	1.912256	0.000000	1.087075	0.000000	6.817163	
39.244	0.917875	2.251092	0.000000	1.075600	0.000000	6.677669	
39.255	0.924625	2.251149	0.000000	1.065475	0.000000	6.413508	
39.267	0.933625	2.079417	0.000000	1.053325	0.000000	6.276259	
39.278	0.941500	2.073494	0.000000	1.043875	0.000000	5.996985	
39.290	0.949375	2.073888	0.000000	1.033750	0.000000	5.860601	
39.301	0.955000	1.847610	0.560202	1.025650	0.000000	5.559605	
39.312	0.955000	1.008715	0.863727	1.018225	0.000000	5.401752	
39.324	0.955000	0.282901	1.075555	1.011475	0.000000	5.251055	
39.335	0.957812	0.280654	0.969818	1.006075	0.000000	4.916183	
39.347	0.969625	1.460639	0.786656	0.998650	0.000000	4.742984	
39.358	0.979750	2.417234	0.871978	0.990550	0.000000	4.395104	
39.370	0.982562	2.079343	1.252394	0.981775	0.000000	4.211586	
39.381	0.982562	0.897546	2.161959	0.970975	0.000000	3.837635	
39.392	0.983688	0.168271	2.289083	0.962875	0.000000	3.645364	
39.404	0.990438	0.781673	2.039360	0.958825	0.000000	3.463123	
39.415	1.001688	1.908564	1.984870	0.953425	0.000000	3.068240	
39.427	1.007875	2.302935	2.191736	0.946675	0.000000	2.868071	
39.438	1.008438	1.404897	3.059678	0.940600	0.000000	2.476883	
39.450	1.009000	0.338436	3.398037	0.935875	0.000000	2.271164	
39.461	1.012938	0.451709	3.358723	0.931825	0.000000	1.854113	
39.472	1.023062	1.463388	3.223781	0.927775	0.000000	1.658369	
39.484	1.031500	2.193699	3.464200	0.924400	0.000000	1.448660	
39.495	1.034312	1.804185	3.857521	0.920350	0.000000	1.026452	
39.507	1.034875	0.789807	4.268123	0.919000	0.000000	0.816183	
39.518	1.037125	0.392264	4.545266	0.918325	0.000000	0.409737	
39.530	1.044438	1.011880	4.453659	0.918325	0.000000	0.201277	
39.541	1.051750	1.631076	4.412745	0.918325	0.000000	0.000000	
39.552	1.056250	1.688955	4.620718	0.918325	0.000000	0.000000	
39.564	1.059062	1.182143	5.173388	0.914950	0.000000	0.000000	
39.575	1.061313	0.791588	5.332060	0.906850	0.000000	0.000000	
39.587	1.065250	0.788924	5.354722	0.898075	0.000000	0.000000	
39.598	1.070875	1.129426	5.322181	0.893350	0.000000	0.000000	
39.609	1.073688	1.183838	5.380571	0.889300	0.000000	0.000000	
39.621	1.076500	0.955543	5.626500	0.883900	0.000000	0.000000	
39.632	1.081000	0.839758	5.710302	0.877825	0.000000	0.000000	
39.644	1.084375	0.956596	5.772766	0.871750	0.000000	0.000000	
39.655	1.087188	0.903060	5.919461	0.867025	0.000000	0.000000	
39.667	1.090000	0.734582	6.028399	0.863650	0.000000	0.000000	
39.678	1.092250	0.674072	6.166480	0.860950	0.000000	0.000000	
39.689	1.095062	0.672270	6.212704	0.855550	0.000000	0.000000	
39.701	1.098438	0.782833	6.286523	0.850150	0.000000	0.000000	
39.712	1.099563	0.671881	6.364003	0.847450	0.000000	0.000000	
39.723	1.099563	0.277505	6.454370	0.846100	0.000000	0.000000	
39.735	1.100688	0.168718	6.508508	0.845425	0.000000	0.000000	
39.746	1.101250	0.168922	6.456885	0.844750	0.000000	0.000000	
39.758	1.101250	0.112355	6.364922	0.844750	0.000000	0.000000	
39.769	1.101250	0.056246	6.333437	0.844750	0.000000	0.000000	
39.781	1.101250	0.000000	6.235416	0.844750	0.000000	0.000000	
39.792	1.100688	0.000000	6.175797	0.844750	0.000000	0.000000	
39.804	1.097312	0.000000	6.122920	0.844750	0.000000	0.000000	
39.815	1.095625	0.000000	6.037435	0.846775	0.203353	0.000000	
39.827	1.092813	0.000000	6.000349	0.852175	0.743082	0.000000	
39.838	1.088313	0.000000	5.937513	0.857575	1.215452	0.000000	
39.850	1.083250	0.000000	5.907320	0.863650	1.483809	0.000000	
39.861	1.079875	0.000000	5.849089	0.869725	1.551768	0.000000	
39.873	1.072562	0.000000	5.820112	0.876475	1.620798	0.000000	
39.884	1.065812	0.000000	5.751769	0.883225	1.756394	0.000000	
39.895	1.063000	0.000000	5.708428	0.890650	1.890439	0.000000	
39.907	1.057375	0.000000	5.659673	0.898750	1.958473	0.000000	
39.918	1.050063	0.000000	5.545314	0.904150	1.824524	0.000000	
39.929	1.045563	0.000000	5.476283	0.910900	1.755422	0.000000	
39.941	1.040500	0.000000	5.316225	0.919675	1.892417	0.000000	
39.952	1.034312	0.000000	5.232197	0.928450	2.160630	0.000000	
39.964	1.028125	0.000000	5.135180	0.935875	2.162927	0.000000	
39.973	1.024187	0.000000	4.920743	0.941950	2.053652	0.000000	
39.985	1.018000	0.000000	4.803282	0.948025	1.784593	0.693894	
39.997	1.011812	0.000000	4.679387	0.948025	1.085016	1.033365	
40.008	1.007313	0.000000	4.405552	0.948025	0.336721	1.378820	
40.020	1.001688	0.000000	4.263893	0.949375	0.136540	1.327085	
40.032	0.997187	0.000000	3.977194	0.960850	1.284190	0.969264	
40.043	0.992125	0.000000	3.822412	0.979075	3.104965	0.990209	
40.055	0.984250	0.000000	3.505769	0.985825	3.440982	2.061534	
40.067	0.980313	0.000000	3.353652	0.977050	1.750768	2.911458	
40.078	0.976937	0.000000	3.023733	0.962200	0.200106	3.730654	
40.090	0.971875	0.000000	2.856426	0.960175	0.202496	3.580302	
40.101	0.969625	0.000000	2.526909	0.975700	1.755999	3.323344	
40.113	0.967375	0.000000	2.355995	0.989875	3.169801	3.326313	
40.125	0.962875	0.000000	2.183266	0.990550	2.632663	3.828906	
40.136	0.959500	0.000000	1.847171	0.989200	0.877068	5.006443	
40.148	0.957812	0.000000	1.673735	0.989200	0.000000	5.170185	
40.160	0.955562	0.000000	1.325176	0.993925	0.474304	4.652054	
40.171	0.953875	0.000000	1.152618	1.007425	1.825309	4.393545	
40.183	0.952750	0.000000	0.818929	1.016875	2.703396	4.502724	
40.195	0.951063	0.000000	0.649149	1.017550	1.890798	4.937339	
40.206	0.949938	0.000000	0.324519	1.017550	0.541500	5.532804	
40.218	0.949375	0.000000	0.160458	1.021600	0.405648	5.433730	
40.229	0.949375	0.000000	0.000000	1.031050	1.349992	5.161240	
40.241	0.948812	0.000000	0.000000	1.042525	2.429690	4.997048	
40.252	0.945437	0.000000	0.000000	1.047925	2.293345	5.267602	
40.264	0.939250	0.000000	0.000000	1.049275	1.281574	6.014223	
40.276	0.931938	0.000000	0.000000	1.054675	0.874379	6.169465	
40.287	0.927437	0.000000	0.000000	1.064125	1.572258	6.040742	
40.299	0.922375	0.000000	0.000000	1.072225	2.178349	6.093549	
40.311	0.916188	0.000000	0.000000	1.078975	2.021406	6.589046	
40.322	0.909437	0.000000	0.000000	1.088425	2.024526	6.827562	
40.334	0.902687	0.000000	0.000000	1.099900	2.496791	7.054193	
40.345	0.897625	0.000000	0.000000	1.108675	2.635672	7.640528	
40.357	0.890875	0.000000	0.000000	1.115425	2.231553	8.017920	
40.368	0.883563	0.000000	0.000000	1.122175	1.827356	8.582842	
40.380	0.880188	0.000000	0.000000	1.128250	1.688392	8.717866	
40.392	0.877937	0.000000	0.000000	1.132300	1.484652	8.835360	
40.403	0.875125	0.000000	0.000000	1.135000	1.076397	8.855797	
40.415	0.873437	0.000000	0.000000	1.135675	0.538741	8.721889	
40.426	0.873437	0.000000	0.000000	1.135675	0.201514	8.526390	
40.438	0.873437	0.000000	0.000000	1.135675	0.000000	8.258893	
40.450	0.874000	0.056110	0.000000	1.132975	0.000000	7.676333	
40.461	0.877937	0.452493	0.000000	1.126225	0.000000	7.381129	
40.473	0.885813	1.240651	0.000000	1.117450	0.000000	6.864414	
40.484	0.893125	1.802552	0.000000	1.110700	0.000000	6.637796	
40.496	0.900437	1.908446	0.000000	1.098550	0.000000	6.246441	
40.507	0.911125	2.191545	0.000000	1.083700	0.000000	6.061049	
40.519	0.920125	2.416810	0.000000	1.070875	0.000000	5.712942	
40.531	0.929125	2.416869	0.000000	1.061425	0.000000	5.545998	
40.542	0.938125	2.325808	0.000000	1.051300	0.000000	5.392610	
40.554	0.947688	2.425273	0.000000	1.039825	0.000000	5.071998	
40.566	0.954437	2.147915	0.666692	1.030375	0.000000	4.912180	
40.577	0.954437	1.184258	1.018573	1.023625	0.000000	4.599854	
40.589	0.954437	0.336185	1.199789	1.014850	0.000000	4.436273	
40.600	0.957250	0.281375	1.032143	1.008775	0.000000	4.104985	
40.612	0.970750	1.636146	0.801381	1.002025	0.000000	3.945584	
40.624	0.982562	2.763131	0.918959	0.994600	0.000000	3.601377	
40.635	0.983688	2.255726	1.416773	0.985825	0.000000	3.426362	
40.647	0.983688	0.731526	2.362726	0.976375	0.000000	3.085836	
40.658	0.984250	0.057552	2.448266	0.967600	0.000000	2.908226	
40.670	0.991562	0.786916	2.032377	0.962875	0.000000	2.728186	
40.682	1.006750	2.308960	1.918496	0.956800	0.000000	2.375632	
40.693	1.012938	2.757050	2.092117	0.950725	0.000000	2.192013	
40.705	1.012938	1.519015	3.113798	0.943975	0.000000	1.821339	
40.717	1.012938	0.167730	3.502791	0.937900	0.000000	1.633495	
40.728	1.017437	0.454796	3.426404	0.934525	0.000000	1.264547	
40.740	1.029812	1.692593	3.185832	0.930475	0.000000	1.073564	
40.751	1.039375	2.579411	3.349127	0.927100	0.000000	0.688940	
40.763	1.041062	1.906389	3.767453	0.923725	0.000000	0.507579	
40.774	1.041062	0.665820	4.561705	0.922375	0.000000	0.315393	
40.786	1.043875	0.281572	4.597216	0.921700	0.000000	0.000000	
40.797	1.051188	1.012007	4.443138	0.921700	0.000000	0.000000	
40.808	1.060750	1.912883	4.307073	0.918325	0.000000	0.000000	
40.820	1.065250	1.980019	4.534653	0.910225	0.000000	0.000000	
40.831	1.066375	1.137311	5.244344	0.900775	0.000000	0.000000	
40.843	1.068625	0.512830	5.445215	0.893350	0.000000	0.000000	
40.854	1.072000	0.616750	5.380673	0.889300	0.000000	0.000000	
40.865	1.077625	1.061681	5.315468	0.883900	0.000000	0.000000	
40.877	1.084375	1.456086	5.327843	0.877150	0.000000	0.000000	
40.888	1.087750	1.406670	5.666313	0.869050	0.000000	0.000000	
40.900	1.088875	0.847622	5.906646	0.862975	0.000000	0.000000	
40.911	1.091125	0.504595	6.165407	0.859600	0.000000	0.000000	
40.922	1.096750	0.844432	6.141939	0.854200	0.000000	0.000000	
40.934	1.100125	1.068152	6.181149	0.847450	0.000000	0.000000	
40.945	1.100688	0.787808	6.299294	0.843400	0.000000	0.000000	
40.957	1.104063	0.536630	6.399196	0.840025	0.000000	0.000000	
40.969	1.108000	0.766017	6.451464	0.837325	0.000000	0.000000	
40.980	1.108562	0.652540	6.488294	0.834625	0.000000	0.000000	
40.991	1.109687	0.339662	6.621455	0.831925	0.000000	0.000000	
41.003	1.111375	0.335821	6.615930	0.830575	0.000000	0.000000	
41.014	1.111938	0.336999	6.592747	0.829900	0.000000	0.000000	
41.026	1.111938	0.168420	6.571877	0.829900	0.000000	0.000000	
41.037	1.111938	0.000000	6.546767	0.829900	0.000000	0.000000	
41.048	1.111938	0.000000	6.397877	0.829900	0.000000	0.000000	
41.060	1.111938	0.000000	6.319248	0.829900	0.000000	0.000000	
41.072	1.111375	0.000000	6.242374	0.829900	0.000000	0.000000	
41.083	1.108000	0.000000	6.138538	0.829900	0.000000	0.000000	
41.095	1.104625	0.000000	6.093812	0.832600	0.268793	0.000000	
41.106	1.102375	0.000000	6.020562	0.837325	0.744955	0.000000	
41.118	1.098438	0.000000	5.988009	0.843400	1.285583	0.000000	
41.129	1.094500	0.000000	5.957737	0.846775	1.286984	0.000000	
41.140	1.090562	0.000000	5.894966	0.852175	1.282016	0.000000	
41.152	1.084937	0.000000	5.863745	0.859600	1.484904	0.000000	
41.163	1.079313	0.000000	5.789453	0.867025	1.821140	0.000000	
41.175	1.073688	0.000000	5.746043	0.873775	1.831997	0.000000	
41.186	1.066937	0.000000	5.646971	0.879850	1.624904	0.000000	
41.198	1.062438	0.000000	5.586224	0.887275	1.692791	0.000000	
41.209	1.058500	0.000000	5.445609	0.896050	2.030633	0.000000	
41.221	1.051750	0.000000	5.370363	0.903475	2.092797	0.000000	
41.232	1.045563	0.000000	5.283643	0.909550	1.884645	0.000000	
41.244	1.039937	0.000000	5.089976	0.918325	1.886411	0.000000	
41.255	1.036000	0.000000	4.983178	0.927775	2.217977	0.000000	
41.266	1.029812	0.000000	4.758947	0.935200	2.228205	0.000000	
41.278	1.025313	0.000000	4.634296	0.940600	1.885236	0.304711	
41.289	1.021375	0.000000	4.378323	0.941950	1.150578	0.656046	
41.301	1.016875	0.000000	4.238732	0.941950	0.467299	0.963998	
41.312	1.012938	0.000000	4.095020	0.942625	0.066738	0.915034	
41.324	1.009562	0.000000	3.796121	0.951400	0.941390	0.589733	
41.335	1.005625	0.000000	3.641333	0.966925	2.496181	0.554807	
41.347	1.001688	0.000000	3.334571	0.976375	3.167542	1.365557	
41.358	0.999438	0.000000	3.172070	0.970975	1.955143	2.108278	
41.369	0.996625	0.000000	2.842992	0.956125	0.471102	2.640272	
41.381	0.993250	0.000000	2.687182	0.948700	0.068720	2.728164	
41.392	0.990438	0.000000	2.521155	0.958150	1.010053	2.454049	
41.404	0.988750	0.000000	2.190326	0.974350	2.622123	2.360969	
41.415	0.986500	0.000000	2.035800	0.978400	2.833335	2.729366	
41.427	0.983688	0.000000	1.709196	0.974350	1.420084	3.823397	
41.438	0.983125	0.000000	1.547097	0.970975	0.135265	3.993058	
41.449	0.981438	0.000000	1.238611	0.972325	0.134772	3.824558	
41.461	0.980313	0.000000	1.081308	0.981100	1.014107	3.166233	
41.472	0.978625	0.000000	0.926318	0.998650	2.769261	2.991853	
41.484	0.976937	0.000000	0.633050	1.006075	3.242938	3.535815	
41.495	0.975250	0.000000	0.485283	1.002700	1.959203	4.144025	
41.507	0.974125	0.000000	0.197130	1.000675	0.270898	4.653306	
41.518	0.974125	0.000000	0.056418	1.002025	0.133858	4.379239	
41.530	0.974125	0.000000	0.000000	1.012825	1.213279	3.974928	
41.541	0.972438	0.000000	0.000000	1.027000	2.631188	3.560332	
41.552	0.967937	0.000000	0.000000	1.033075	2.903281	3.793942	
41.564	0.961187	0.000000	0.000000	1.033075	1.487582	4.629913	
41.575	0.956688	0.000000	0.000000	1.033075	0.270256	4.788004	
41.587	0.953875	0.000000	0.000000	1.037800	0.470604	4.227256	
41.598	0.949938	0.000000	0.000000	1.050625	1.753127	3.903827	
41.609	0.944875	0.000000	0.000000	1.063450	2.898273	3.790815	
41.621	0.940938	0.000000	0.000000	1.064800	2.289895	4.398180	
41.632	0.936437	0.000000	0.000000	1.064800	0.870534	4.758602	
41.644	0.930812	0.000000	0.000000	1.066825	0.198914	4.659992	
41.655	0.926313	0.000000	0.000000	1.076275	1.142713	4.264479	
41.666	0.921812	0.000000	0.000000	1.093150	2.832032	3.974079	
41.678	0.917875	0.000000	0.000000	1.101250	3.237594	4.259353	
41.689	0.912250	0.000000	0.000000	1.101250	1.953695	4.777486	
41.701	0.906625	0.000000	0.000000	1.101250	0.472689	5.334657	
41.712	0.904375	0.000000	0.000000	1.103275	0.207162	5.161476	
41.724	0.902687	0.000000	0.000000	1.112050	1.077985	4.417281	
41.735	0.901000	0.000000	0.000000	1.119475	1.757287	4.221563	
41.746	0.899312	0.000000	0.000000	1.120825	1.482697	4.313496	
41.758	0.898750	0.000000	0.000000	1.120825	0.540853	4.379141	
41.769	0.898750	0.000000	0.000000	1.120825	0.000000	4.266714	
41.781	0.898750	0.000000	0.000000	1.121500	0.068270	3.640054	
41.792	0.898750	0.000000	0.000000	1.123525	0.271226	3.289024	
41.804	0.898750	0.000000	0.000000	1.126225	0.538266	2.781856	
41.815	0.902125	0.339896	0.000000	1.126225	0.402692	2.644564	
41.826	0.907750	0.903507	0.000000	1.126225	0.135906	2.540322	
41.838	0.911125	1.118677	0.000000	1.124200	0.000000	2.219054	
41.849	0.914500	1.007274	0.000000	1.120825	0.000000	2.021287	
41.861	0.920687	1.178134	0.000000	1.119475	0.000000	1.665310	
41.872	0.926313	1.403957	0.000000	1.118800	0.000000	1.511518	
41.884	0.929688	1.232942	0.000000	1.116775	0.000000	1.256363	
41.895	0.933062	1.007825	0.000000	1.113400	0.000000	1.158002	
41.906	0.938125	1.068837	0.000000	1.110700	0.000000	1.066586	
41.918	0.943187	1.232797	0.000000	1.108000	0.000000	0.924059	
41.929	0.947125	1.231940	0.000000	1.103275	0.000000	0.873781	
41.940	0.952750	1.234444	0.000000	1.097875	0.000000	0.792802	
41.952	0.957812	1.348833	0.000000	1.091800	0.000000	0.763822	
41.963	0.963437	1.462548	0.000000	1.085725	0.000000	0.723297	
41.975	0.969063	1.462878	0.006176	1.078300	0.000000	0.703796	
41.986	0.973562	1.352250	0.614345	1.070200	0.000000	0.684608	
41.998	0.974125	0.840889	0.895128	1.062100	0.000000	0.641696	
42.009	0.974125	0.278243	1.077144	1.054675	0.000000	0.617571	
42.021	0.977500	0.337638	1.141742	1.047250	0.000000	0.556362	
42.032	0.986500	1.240067	1.063289	1.040500	0.000000	0.519690	
42.043	0.994937	2.028184	1.274656	1.031725	0.000000	0.438408	
42.055	0.994937	1.466151	1.688737	1.025650	0.000000	0.389487	
42.066	0.994937	0.508525	2.452376	1.020250	0.000000	0.336939	
42.078	0.994937	0.000000	2.553648	1.014175	0.000000	0.220851	
42.089	0.997187	0.222243	2.475757	1.009450	0.000000	0.155949	
42.100	1.008438	1.350055	2.281446	1.005400	0.000000	0.013221	
42.112	1.014063	1.911839	2.394326	1.002025	0.000000	0.000000	
42.123	1.014063	1.349785	3.141466	0.997975	0.000000	0.000000	
42.135	1.014063	0.224193	3.513506	0.990550	0.000000	0.000000	
42.146	1.014063	0.000000	3.628617	0.982450	0.000000	0.000000	
42.157	1.020250	0.622201	3.491487	0.974350	0.000000	0.000000	
42.169	1.029250	1.525938	3.415175	0.968950	0.000000	0.000000	
42.180	1.032063	1.693950	3.762869	0.962875	0.000000	0.000000	
42.191	1.032063	0.848315	4.140153	0.955450	0.000000	0.000000	
42.203	1.033188	0.222981	4.582098	0.949375	0.000000	0.000000	
42.215	1.037125	0.504737	4.548809	0.943300	0.000000	0.000000	
42.226	1.042750	1.010124	4.448081	0.937225	0.000000	0.000000	
42.237	1.048938	1.460694	4.542390	0.929800	0.000000	0.000000	
42.249	1.050063	1.122086	4.755002	0.923725	0.000000	0.000000	
42.260	1.051188	0.615875	5.196912	0.918325	0.000000	0.000000	
42.272	1.055688	0.567035	5.280610	0.912925	0.000000	0.000000	
42.283	1.060750	1.014707	5.285911	0.906850	0.000000	0.000000	
42.295	1.064125	1.127483	5.369287	0.901450	0.000000	0.000000	
42.306	1.066937	0.958503	5.678271	0.895375	0.000000	0.000000	
42.317	1.069750	0.791280	5.814611	0.889975	0.000000	0.000000	
42.329	1.070875	0.564311	5.903041	0.885250	0.000000	0.000000	
42.340	1.074250	0.617795	5.967360	0.880525	0.000000	0.000000	
42.352	1.080438	1.008008	5.972340	0.875800	0.000000	0.000000	
42.363	1.082125	1.009745	6.155435	0.870400	0.000000	0.000000	
42.374	1.083250	0.673934	6.312482	0.866350	0.000000	0.000000	
42.386	1.088313	0.674100	6.479698	0.863650	0.000000	0.000000	
42.397	1.091125	0.847128	6.523159	0.861625	0.000000	0.000000	
42.409	1.091688	0.623257	6.616663	0.856900	0.000000	0.000000	
42.420	1.093938	0.393503	6.794822	0.853525	0.000000	0.000000	
42.431	1.096187	0.505973	6.787777	0.852850	0.000000	0.000000	
42.443	1.096187	0.393729	6.803769	0.852175	0.000000	0.000000	
42.454	1.096187	0.112629	6.813469	0.852175	0.000000	0.000000	
42.466	1.096187	0.000000	6.716492	0.852175	0.000000	0.000000	
42.477	1.096187	0.000000	6.618200	0.852175	0.000000	0.000000	
42.488	1.095625	0.000000	6.529721	0.852175	0.000000	0.000000	
42.500	1.091688	0.000000	6.379991	0.852175	0.000000	0.000000	
42.511	1.087750	0.000000	6.311768	0.855550	0.337423	0.000000	
42.522	1.084937	0.000000	6.189169	0.862300	1.011942	0.000000	
42.534	1.081000	0.000000	6.132872	0.869050	1.619684	0.000000	
42.545	1.074250	0.000000	6.079811	0.873775	1.624114	0.000000	
42.557	1.067500	0.000000	5.960154	0.879175	1.423356	0.000000	
42.568	1.065250	0.000000	5.894778	0.887275	1.685745	0.000000	
42.579	1.059625	0.000000	5.753063	0.896725	2.089530	0.000000	
42.591	1.051750	0.000000	5.672463	0.902800	2.088574	0.000000	
42.602	1.047250	0.000000	5.491937	0.908875	1.822113	0.000000	
42.614	1.041625	0.000000	5.399387	0.917650	1.891817	0.000000	
42.625	1.034875	0.000000	5.294002	0.927775	2.290098	0.000000	
42.636	1.029250	0.000000	5.064285	0.935200	2.358042	0.000000	
42.648	1.024187	0.000000	4.947627	0.942625	2.090369	0.000000	
42.659	1.018000	0.000000	4.682334	0.952075	2.091864	0.344062	
42.671	1.012375	0.000000	4.541388	0.958825	2.026365	0.691084	
42.682	1.008438	0.000000	4.254083	0.956800	1.351574	1.059310	
42.693	1.003375	0.000000	4.099872	0.955450	0.000000	1.510114	
42.705	0.999438	0.000000	3.940428	0.956125	0.067605	1.474858	
42.716	0.996625	0.000000	3.612630	0.962875	0.742200	1.058733	
42.728	0.992125	0.000000	3.455164	0.980425	2.497590	0.977885	
42.739	0.987063	0.000000	3.115429	0.989875	3.236366	1.752276	
42.750	0.984250	0.000000	2.943742	0.984475	2.089020	2.496527	
42.762	0.982000	0.000000	2.598070	0.971650	0.536091	3.102968	
42.773	0.979187	0.000000	2.435876	0.962875	0.000000	3.337801	
42.785	0.977500	0.000000	2.261909	0.970975	0.806628	3.103676	
42.796	0.976375	0.000000	1.916445	0.986500	2.366700	2.907837	
42.808	0.974125	0.000000	1.755080	0.991900	2.769240	3.192303	
42.819	0.972438	0.000000	1.414114	0.990550	1.553110	4.275942	
42.831	0.971875	0.000000	1.245859	0.987850	0.207509	4.546454	
42.842	0.971313	0.000000	0.924802	0.988525	0.066445	4.511886	
42.853	0.970750	0.000000	0.762626	0.994600	0.674424	3.994744	
42.865	0.970187	0.000000	0.601966	1.006075	1.825467	3.800743	
42.876	0.969625	0.000000	0.291104	1.012150	2.300295	4.107490	
42.888	0.969625	0.000000	0.150787	1.012150	1.352526	4.491564	
42.899	0.969625	0.000000	0.000000	1.012150	0.272796	4.955004	
42.911	0.969625	0.000000	0.000000	1.014175	0.204156	4.807921	
42.922	0.967375	0.000000	0.000000	1.022275	1.015183	4.552357	
42.933	0.961750	0.000000	0.000000	1.031725	1.959302	4.383252	
42.945	0.956688	0.000000	0.000000	1.035100	1.889303	4.597488	
42.956	0.953313	0.000000	0.000000	1.035775	1.011229	5.237720	
42.968	0.948250	0.000000	0.000000	1.039150	0.520922	5.363190	
42.979	0.944313	0.000000	0.000000	1.047925	1.197635	5.178422	
42.991	0.939250	0.000000	0.000000	1.056700	2.007472	5.189629	
43.002	0.933062	0.000000	0.000000	1.062100	2.093176	5.363374	
43.013	0.926875	0.000000	0.000000	1.065475	1.416953	6.002621	
43.025	0.922375	0.000000	0.000000	1.070200	1.146245	6.203226	
43.036	0.918437	0.000000	0.000000	1.077625	1.487901	6.265791	
43.048	0.912812	0.000000	0.000000	1.085725	1.891297	6.345436	
43.059	0.907188	0.000000	0.000000	1.091125	1.822086	6.761512	
43.071	0.903250	0.000000	0.000000	1.099225	1.824751	6.978740	
43.082	0.899875	0.000000	0.000000	1.107325	1.958025	7.171125	
43.093	0.895375	0.000000	0.000000	1.110700	1.758981	7.599039	
43.105	0.889750	0.000000	0.000000	1.114075	1.148562	7.797122	
43.116	0.886937	0.000000	0.000000	1.119475	1.082247	7.927628	
43.127	0.886937	0.000000	0.000000	1.120825	0.944987	7.904314	
43.139	0.885813	0.000000	0.000000	1.121500	0.541156	7.882658	
43.150	0.885250	0.000000	0.000000	1.121500	0.067687	7.704237	
43.162	0.885250	0.000000	0.000000	1.121500	0.067687	7.497539	
43.173	0.885250	0.000000	0.000000	1.121500	0.000000	7.009658	
43.185	0.886375	0.112607	0.000000	1.118125	0.000000	6.795352	
43.196	0.890312	0.507325	0.000000	1.112725	0.000000	6.396313	
43.207	0.895938	1.070727	0.000000	1.105300	0.000000	6.223161	
43.219	0.902125	1.464994	0.000000	1.097875	0.000000	6.065348	
43.230	0.908875	1.687931	0.000000	1.089775	0.000000	5.795612	
43.241	0.916188	1.799167	0.000000	1.077625	0.000000	5.668396	
43.253	0.923500	1.906885	0.000000	1.068850	0.000000	5.431053	
43.264	0.931375	1.964677	0.000000	1.062100	0.000000	5.311481	
43.276	0.938125	1.963129	0.000000	1.051975	0.000000	5.071433	
43.287	0.944313	1.806307	0.000000	1.044550	0.000000	4.949707	
43.299	0.953313	1.918623	0.101281	1.036450	0.000000	4.832635	
43.310	0.958938	1.872151	0.423052	1.027675	0.000000	4.572385	
43.321	0.959500	1.179989	0.763805	1.019575	0.000000	4.436204	
43.333	0.959500	0.336615	1.224349	1.012825	0.000000	4.159554	
43.344	0.961187	0.169151	1.211534	1.006075	0.000000	4.010287	
43.356	0.971313	1.184136	0.941643	1.000000	0.000000	3.698420	
43.367	0.980875	2.140416	0.969429	0.994600	0.000000	3.545727	
43.379	0.983688	1.973083	1.728227	0.987175	0.000000	3.379450	
43.390	0.983688	0.846136	2.181812	0.979750	0.000000	3.039358	
43.402	0.983688	0.057362	2.434247	0.972325	0.000000	2.865664	
43.413	0.987063	0.338524	2.310903	0.968950	0.000000	2.521596	
43.424	0.997750	1.407694	2.168266	0.965575	0.000000	2.340468	
43.436	1.005625	2.138555	2.381569	0.960175	0.000000	1.984871	
43.447	1.006750	1.634188	2.801613	0.954775	0.000000	1.800489	
43.459	1.006750	0.449619	3.521766	0.952750	0.000000	1.614282	
43.470	1.007875	0.112812	3.545958	0.951400	0.000000	1.237748	
43.482	1.014625	0.782409	3.296531	0.948700	0.000000	1.060811	
43.493	1.023062	1.625062	3.312474	0.946675	0.000000	0.683028	
43.505	1.027000	1.740819	3.517387	0.944650	0.000000	0.495140	
43.516	1.027562	0.956310	4.196761	0.944650	0.000000	0.135855	
43.528	1.029812	0.394592	4.400220	0.944650	0.000000	0.000000	
43.539	1.034875	0.730634	4.369227	0.943975	0.000000	0.000000	
43.550	1.040500	1.236206	4.363310	0.941275	0.000000	0.000000	
43.562	1.045563	1.406164	4.708464	0.932500	0.000000	0.000000	
43.573	1.048375	1.122315	4.965199	0.923050	0.000000	0.000000	
43.585	1.050625	0.786909	5.202824	0.916300	0.000000	0.000000	
43.596	1.054562	0.730340	5.422094	0.912250	0.000000	0.000000	
43.607	1.060187	1.069424	5.473480	0.906175	0.000000	0.000000	
43.619	1.064125	1.237618	5.757088	0.898750	0.000000	0.000000	
43.630	1.066937	1.010116	5.980024	0.891325	0.000000	0.000000	
43.641	1.070875	0.900411	6.176764	0.885250	0.000000	0.000000	
43.653	1.073688	0.898413	6.448285	0.880525	0.000000	0.000000	
43.664	1.079313	1.067844	6.554318	0.874450	0.000000	0.000000	
43.676	1.084937	1.349041	6.868034	0.867025	0.000000	0.000000	
43.687	1.087750	1.237070	7.115963	0.862300	0.000000	0.000000	
43.699	1.091688	0.956810	7.609378	0.858250	0.000000	0.000000	
43.710	1.095625	0.955692	7.781608	0.852850	0.000000	0.000000	
43.721	1.098438	0.952370	7.926238	0.847450	0.000000	0.000000	
43.733	1.100125	0.670480	8.202638	0.844075	0.000000	0.000000	
43.744	1.101250	0.452722	8.304035	0.842725	0.000000	0.000000	
43.756	1.102937	0.401007	8.371594	0.840700	0.000000	0.000000	
43.767	1.103500	0.346298	8.363138	0.839350	0.000000	0.000000	
43.779	1.103500	0.171948	8.344474	0.839350	0.000000	0.000000	
43.790	1.103500	0.000000	8.298770	0.839350	0.000000	0.000000	
43.802	1.103500	0.000000	8.228212	0.839350	0.000000	0.000000	
43.813	1.101250	0.000000	8.063272	0.839350	0.000000	0.000000	
43.825	1.096187	0.000000	7.996939	0.842050	0.271867	0.000000	
43.836	1.094500	0.000000	7.871646	0.848125	0.877166	0.000000	
43.847	1.089437	0.000000	7.815107	0.855550	1.550056	0.000000	
43.859	1.082125	0.000000	7.709738	0.860950	1.687824	0.000000	
43.870	1.077062	0.000000	7.652929	0.867025	1.686811	0.000000	
43.882	1.070875	0.000000	7.592041	0.875800	1.822775	0.000000	
43.893	1.063563	0.000000	7.460032	0.883225	2.025380	0.000000	
43.905	1.057938	0.000000	7.382105	0.891325	2.026776	0.000000	
43.916	1.052875	0.000000	7.205165	0.899425	2.093286	0.000000	
43.927	1.045000	0.000000	7.111507	0.907525	2.158691	0.000000	
43.939	1.037125	0.000000	6.889790	0.916300	2.160239	0.000000	
43.950	1.032063	0.000000	6.766311	0.925075	2.225672	0.000000	
43.962	1.024750	0.000000	6.627624	0.934525	2.316049	0.000000	
43.973	1.016875	0.000000	6.344058	0.942625	2.203851	0.316501	
43.985	1.011250	0.000000	6.191725	0.946000	1.639470	0.691103	
43.996	1.005062	0.000000	5.878398	0.946000	0.807921	1.165522	
44.008	0.999438	0.000000	5.707864	0.946000	0.132730	1.170128	
44.019	0.994937	0.000000	5.350114	0.950725	0.472832	1.032779	
44.031	0.988187	0.000000	5.176219	0.968950	2.299043	0.671666	
44.042	0.982000	0.000000	4.988373	0.985150	3.850785	0.824887	
44.054	0.978063	0.000000	4.602630	0.984475	3.041362	2.251897	
44.065	0.973000	0.000000	4.418807	0.968950	1.146613	3.017419	
44.077	0.967937	0.000000	4.018380	0.953425	0.000000	3.413841	
44.088	0.965688	0.000000	3.815184	0.961525	0.811293	3.132591	
44.099	0.962313	0.000000	3.418109	0.981100	2.771061	2.888811	
44.111	0.957250	0.000000	3.211112	0.991225	3.715651	3.341122	
44.122	0.953875	0.000000	3.004407	0.989200	2.296230	4.064350	
44.134	0.951063	0.000000	2.589485	0.985825	0.404428	5.080500	
44.145	0.948812	0.000000	2.394826	0.986500	0.067440	5.005646	
44.156	0.946562	0.000000	1.983159	0.994600	0.878159	4.322250	
44.168	0.945437	0.000000	1.778709	1.009450	2.364369	4.121388	
44.179	0.944313	0.000000	1.389184	1.016200	2.832519	4.185674	
44.191	0.942625	0.000000	1.191135	1.016200	1.616822	5.047073	
44.202	0.940938	0.000000	0.995373	1.016200	0.335426	5.328330	
44.214	0.940375	0.000000	0.624743	1.020925	0.476608	4.994094	
44.225	0.940375	0.000000	0.437641	1.031725	1.555784	4.634101	
44.237	0.940375	0.000000	0.074520	1.043875	2.632386	4.564931	
44.248	0.940375	0.000000	0.000000	1.047925	2.364906	4.887916	
44.259	0.939812	0.000000	0.000000	1.048600	1.218328	5.236773	
44.271	0.936437	0.000000	0.000000	1.053325	0.674793	5.422539	
44.282	0.930250	0.000000	0.000000	1.063450	1.551328	5.215292	
44.294	0.923500	0.000000	0.000000	1.073575	2.369308	5.064816	
44.305	0.919563	0.000000	0.000000	1.080325	2.368364	5.302332	
44.317	0.914500	0.000000	0.000000	1.085050	1.685528	5.894477	
44.328	0.907188	0.000000	0.000000	1.091125	1.480276	6.037797	
44.339	0.900437	0.000000	0.000000	1.101250	1.884979	6.061682	
44.351	0.894813	0.000000	0.000000	1.112725	2.560477	6.193811	
44.362	0.888062	0.000000	0.000000	1.116775	2.293516	6.433394	
44.374	0.881312	0.000000	0.000000	1.123525	1.689079	7.011706	
44.385	0.877375	0.000000	0.000000	1.132300	1.757148	7.134061	
44.397	0.872875	0.000000	0.000000	1.137700	1.889264	7.279765	
44.408	0.868937	0.000000	0.000000	1.140400	1.349640	7.418512	
44.419	0.865562	0.000000	0.000000	1.144450	0.942230	7.490811	
44.431	0.865562	0.000000	0.000000	1.145800	0.740150	7.318613	
44.442	0.865562	0.000000	0.000000	1.145800	0.405536	7.182146	
44.454	0.865562	0.000000	0.000000	1.145800	0.000000	6.774995	
44.465	0.866125	0.056521	0.000000	1.141750	0.000000	6.488024	
44.476	0.870062	0.450840	0.000000	1.134325	0.000000	5.916458	
44.488	0.878500	1.294436	0.000000	1.126225	0.000000	5.659040	
44.499	0.886375	1.969307	0.000000	1.120825	0.000000	5.424760	
44.511	0.894250	2.083449	0.000000	1.112050	0.000000	5.022192	
44.522	0.903250	2.190192	0.000000	1.100575	0.000000	4.834211	
44.533	0.914500	2.472796	0.000000	1.088425	0.000000	4.487637	
44.545	0.922938	2.586056	0.000000	1.078300	0.000000	4.334620	
44.556	0.930812	2.364724	0.000000	1.068850	0.000000	4.022874	
44.568	0.938125	2.079456	0.005332	1.060075	0.000000	3.871645	
44.579	0.943750	1.799365	0.669489	1.053325	0.000000	3.722906	
44.591	0.944313	1.066916	0.911323	1.047250	0.000000	3.438480	
44.602	0.944313	0.392898	1.037963	1.040500	0.000000	3.293867	
44.613	0.948812	0.448022	0.862609	1.034425	0.000000	3.003146	
44.625	0.961187	1.688976	0.666301	1.028350	0.000000	2.866255	
44.636	0.970187	2.532547	0.892812	1.023625	0.000000	2.570257	
44.648	0.971875	1.864020	1.340118	1.015525	0.000000	2.420155	
44.659	0.971875	0.676811	2.046377	1.008775	0.000000	2.278482	
44.670	0.973000	0.169494	2.040761	1.003375	0.000000	1.969449	
44.682	0.981438	0.957568	1.860539	0.998650	0.000000	1.812249	
44.693	0.994375	2.249632	1.685029	0.993250	0.000000	1.505426	
44.705	0.999438	2.417943	1.987458	0.986500	0.000000	1.347184	
44.716	0.999438	1.292449	2.978534	0.979750	0.000000	1.031826	
44.728	1.000563	0.280610	3.226551	0.974350	0.000000	0.884477	
44.739	1.005062	0.563182	3.037311	0.970975	0.000000	0.727242	
44.750	1.014625	1.517624	2.922037	0.968275	0.000000	0.413583	
44.762	1.023062	2.190017	3.019556	0.965575	0.000000	0.257594	
44.774	1.025313	1.556383	3.750490	0.961525	0.000000	0.000000	
44.785	1.026438	0.658493	4.073625	0.958150	0.000000	0.000000	
44.796	1.029250	0.449228	4.200230	0.953425	0.000000	0.000000	
44.808	1.036562	1.068469	4.107766	0.946000	0.000000	0.000000	
44.820	1.044438	1.743927	4.282429	0.936550	0.000000	0.000000	
44.831	1.047812	1.627893	4.562134	0.927775	0.000000	0.000000	
44.842	1.049500	0.951480	4.900352	0.921700	0.000000	0.000000	
44.854	1.052312	0.618169	5.248422	0.914950	0.000000	0.000000	
44.865	1.057938	0.957980	5.272373	0.908200	0.000000	0.000000	
44.876	1.063000	1.296498	5.419382	0.901450	0.000000	0.000000	
44.888	1.067500	1.354203	5.619726	0.894700	0.000000	0.000000	
44.899	1.069750	0.961819	5.861216	0.887950	0.000000	0.000000	
44.911	1.071437	0.680037	6.220680	0.881200	0.000000	0.000000	
44.922	1.075938	0.730527	6.285549	0.875800	0.000000	0.000000	
44.933	1.082125	1.179517	6.395001	0.870400	0.000000	0.000000	
44.945	1.086063	1.346422	6.548196	0.864325	0.000000	0.000000	
44.956	1.088875	1.065196	7.057559	0.860275	0.000000	0.000000	
44.968	1.093375	0.905485	7.251816	0.854875	0.000000	0.000000	
44.979	1.097312	1.072796	7.368695	0.848800	0.000000	0.000000	
44.991	1.099000	0.905266	7.676586	0.844750	0.000000	0.000000	
45.002	1.101250	0.585241	7.837142	0.842050	0.000000	0.000000	
45.014	1.104625	0.585833	7.949512	0.838675	0.000000	0.000000	
45.025	1.106313	0.618429	7.973668	0.835975	0.000000	0.000000	
45.036	1.106875	0.449115	8.071041	0.834625	0.000000	0.000000	
45.048	1.107437	0.226735	8.104076	0.833950	0.000000	0.000000	
45.059	1.107437	0.058473	8.082685	0.833275	0.000000	0.000000	
45.071	1.107437	0.058473	7.976389	0.833275	0.000000	0.000000	
45.082	1.107437	0.000000	7.906697	0.833275	0.000000	0.000000	
45.093	1.106875	0.000000	7.770474	0.833275	0.000000	0.000000	
45.105	1.103500	0.000000	7.709535	0.833950	0.065325	0.000000	
45.116	1.100125	0.000000	7.650331	0.837325	0.406262	0.000000	
45.127	1.097312	0.000000	7.545314	0.843400	1.012208	0.000000	
45.139	1.093938	0.000000	7.497639	0.848125	1.353778	0.000000	
45.150	1.088313	0.000000	7.407879	0.852850	1.353078	0.000000	
45.162	1.082125	0.000000	7.359668	0.859600	1.487874	0.000000	
45.173	1.077062	0.000000	7.255801	0.867700	1.819743	0.000000	
45.184	1.070313	0.000000	7.202087	0.875125	2.020913	0.000000	
45.196	1.063000	0.000000	7.138736	0.881875	1.952370	0.000000	
45.207	1.059062	0.000000	6.990486	0.889300	1.820681	0.000000	
45.218	1.052875	0.000000	6.911008	0.898750	2.091491	0.000000	
45.230	1.044438	0.000000	6.718974	0.906175	2.229903	0.000000	
45.241	1.038250	0.000000	6.611408	0.912925	2.025165	0.000000	
45.253	1.032063	0.000000	6.380471	0.922375	2.027994	0.000000	
45.264	1.025875	0.000000	6.250769	0.932500	2.360980	0.000000	
45.275	1.018563	0.000000	6.113245	0.939925	2.361952	0.000000	
45.287	1.012938	0.000000	5.827807	0.945325	1.895904	0.777785	
45.298	1.009000	0.000000	5.670388	0.944650	1.016042	1.098740	
45.310	1.003375	0.000000	5.338611	0.943975	0.282379	1.268532	
45.321	0.998312	0.000000	5.164481	0.945325	0.136823	1.138846	
45.333	0.994375	0.000000	4.814491	0.957475	1.350361	0.936766	
45.344	0.987625	0.000000	4.629309	0.975025	3.106156	0.928532	
45.355	0.982000	0.000000	4.440704	0.981100	3.306416	1.436022	
45.367	0.979187	0.000000	4.056763	0.971650	1.758563	2.977078	
45.378	0.974125	0.000000	3.873400	0.956800	0.202671	3.382483	
45.390	0.970750	0.000000	3.477710	0.955450	0.268847	3.423603	
45.401	0.969063	0.000000	3.278366	0.968950	1.618044	2.960725	
45.412	0.965125	0.000000	3.090202	0.983125	3.033624	2.955523	
45.424	0.960625	0.000000	2.689120	0.985825	2.763618	3.881064	
45.435	0.957812	0.000000	2.488513	0.985150	1.144516	4.510881	
45.447	0.956125	0.000000	2.102277	0.984475	0.000000	4.862576	
45.458	0.953313	0.000000	1.904867	0.985825	0.137376	4.617339	
45.470	0.951063	0.000000	1.512444	0.999325	1.488095	4.313818	
45.481	0.949938	0.000000	1.331658	1.014175	2.970229	4.185087	
45.493	0.946562	0.000000	0.950448	1.015525	2.630975	4.579834	
45.504	0.944313	0.000000	0.763311	1.015525	1.013643	5.707813	
45.515	0.943750	0.000000	0.578483	1.016200	0.067468	5.901077	
45.527	0.943187	0.000000	0.227019	1.023625	0.811161	5.484324	
45.538	0.942625	0.000000	0.050441	1.035100	1.957829	5.326989	
45.550	0.942062	0.000000	0.000000	1.044550	2.636020	5.411345	
45.561	0.939250	0.000000	0.000000	1.047250	1.958786	6.178236	
45.572	0.932500	0.000000	0.000000	1.051300	1.213802	6.580319	
45.584	0.925187	0.000000	0.000000	1.063450	1.757665	6.844396	
45.595	0.920125	0.000000	0.000000	1.072225	2.362322	6.911329	
45.607	0.915062	0.000000	0.000000	1.077625	2.165240	7.503747	
45.618	0.908875	0.000000	0.000000	1.087075	1.958624	7.833693	
45.629	0.902687	0.000000	0.000000	1.097200	2.294547	8.046885	
45.641	0.897625	0.000000	0.000000	1.105300	2.499661	8.492580	
45.652	0.892563	0.000000	0.000000	1.110700	1.959712	8.828346	
45.663	0.886375	0.000000	0.000000	1.117450	1.623061	9.274118	
45.675	0.882437	0.000000	0.000000	1.123525	1.622871	9.359054	
45.686	0.879625	0.000000	0.000000	1.126900	1.418504	9.495741	
45.698	0.876250	0.000000	0.000000	1.130950	1.077875	9.532889	
45.709	0.874000	0.000000	0.000000	1.134325	0.939460	9.512684	
45.721	0.873437	0.000000	0.000000	1.134325	0.538139	9.330085	
45.732	0.873437	0.000000	0.000000	1.134325	0.200139	9.188138	
45.743	0.873437	0.000000	0.000000	1.134325	0.000000	8.746383	
45.755	0.873437	0.000000	0.000000	1.132300	0.000000	8.462009	
45.766	0.875125	0.167176	0.000000	1.127575	0.000000	7.936717	
45.778	0.880750	0.730526	0.000000	1.120825	0.000000	7.707182	
45.789	0.886375	1.235016	0.000000	1.116100	0.000000	7.509509	
45.800	0.891437	1.463096	0.000000	1.110700	0.000000	7.135747	
45.812	0.895938	1.292495	0.000000	1.099900	0.000000	6.966737	
45.823	0.903250	1.459171	0.000000	1.092475	0.000000	6.656517	
45.834	0.910000	1.739420	0.000000	1.085725	0.000000	6.503136	
45.846	0.915625	1.683080	0.000000	1.073575	0.000000	6.200600	
45.857	0.921812	1.574100	0.000000	1.064800	0.000000	6.059453	
45.868	0.930250	1.854126	0.000000	1.057375	0.000000	5.906663	
45.880	0.937000	1.866525	0.000000	1.048600	0.000000	5.597857	
45.891	0.943750	1.817817	0.000000	1.039150	0.000000	5.439507	
45.903	0.952187	1.913648	0.000000	1.030375	0.000000	5.114195	
45.914	0.959500	2.028874	0.260791	1.023625	0.000000	4.945804	
45.925	0.961187	1.412929	0.886060	1.014175	0.000000	4.783734	
45.937	0.961187	0.619090	1.094702	1.006750	0.000000	4.429555	
45.948	0.962875	0.225360	1.132102	1.000675	0.000000	4.245708	
45.960	0.973000	1.181392	0.841149	0.994600	0.000000	3.879330	
45.969	0.983125	2.192523	0.803043	0.988525	0.000000	3.687986	
45.980	0.989312	2.527679	1.021031	0.981100	0.000000	3.494925	
45.992	0.988750	1.402310	1.950713	0.972325	0.000000	3.118093	
46.003	0.988750	0.277510	2.269801	0.967600	0.000000	2.922063	
46.015	0.989875	0.112657	2.152315	0.964225	0.000000	2.524433	
46.026	0.998875	1.012778	1.925287	0.960175	0.000000	2.325567	
46.037	1.012375	2.250883	1.861142	0.956125	0.000000	2.138845	
46.049	1.015188	2.306232	2.218973	0.952750	0.000000	1.737562	
46.060	1.014625	1.124733	2.699572	0.950050	0.000000	1.537464	
46.072	1.014625	0.055861	3.168682	0.947350	0.000000	1.150955	
46.083	1.018000	0.344295	3.021602	0.945325	0.000000	0.951482	
46.094	1.029250	1.469520	2.651609	0.943975	0.000000	0.557922	
46.106	1.038813	2.364934	2.721436	0.943975	0.000000	0.374994	
46.117	1.039375	1.799791	3.489821	0.943975	0.000000	0.181382	
46.129	1.039375	0.506355	3.821934	0.943975	0.000000	0.000000	
46.140	1.041062	0.170052	3.899506	0.941950	0.000000	0.000000	
46.151	1.048375	0.901043	3.546373	0.935875	0.000000	0.000000	
46.163	1.059062	1.971015	3.459656	0.925075	0.000000	0.000000	
46.175	1.064125	2.061864	3.992527	0.916300	0.000000	0.000000	
46.185	1.065812	1.252373	4.475999	0.910900	0.000000	0.000000	
46.197	1.066375	0.352758	4.672307	0.904825	0.000000	0.000000	
46.208	1.069750	0.457933	4.627906	0.897400	0.000000	0.000000	
46.219	1.077062	1.126344	4.348701	0.889975	0.000000	0.000000	
46.231	1.086063	1.913228	4.368320	0.883225	0.000000	0.000000	
46.242	1.089437	1.741999	4.888820	0.877150	0.000000	0.000000	
46.254	1.089437	0.841942	5.218717	0.869050	0.000000	0.000000	
46.265	1.090000	0.224349	5.419815	0.862975	0.000000	0.000000	
46.276	1.094500	0.506323	5.289643	0.858250	0.000000	0.000000	
46.288	1.102375	1.295970	5.173429	0.852850	0.000000	0.000000	
46.299	1.104625	1.350180	5.371356	0.846775	0.000000	0.000000	
46.311	1.105188	0.730355	5.598147	0.841375	0.000000	0.000000	
46.322	1.106313	0.279433	5.798188	0.838000	0.000000	0.000000	
46.334	1.109687	0.500838	5.726876	0.835300	0.000000	0.000000	
46.345	1.112500	0.729752	5.652371	0.831925	0.000000	0.000000	
46.357	1.114187	0.674016	5.694971	0.828550	0.000000	0.000000	
46.368	1.114187	0.337503	5.782052	0.826525	0.000000	0.000000	
46.379	1.114187	0.053044	5.829094	0.825850	0.000000	0.000000	
46.391	1.114187	0.000000	5.763455	0.825850	0.000000	0.000000	
46.402	1.114750	0.057409	5.570623	0.825850	0.000000	0.000000	
46.414	1.114750	0.057409	5.505719	0.825850	0.000000	0.000000	
46.425	1.114750	0.057409	5.445682	0.825850	0.000000	0.000000	
46.436	1.114750	0.000000	5.346424	0.825850	0.000000	0.000000	
46.448	1.111938	0.000000	5.291800	0.827875	0.203306	0.000000	
46.459	1.108000	0.000000	5.205203	0.833275	0.738991	0.000000	
46.471	1.104625	0.000000	5.168676	0.840700	1.481720	0.000000	
46.482	1.099563	0.000000	5.109843	0.845425	1.614350	0.000000	
46.494	1.093938	0.000000	5.082505	0.850825	1.415910	0.000000	
46.505	1.089437	0.000000	5.054758	0.858925	1.618162	0.000000	
46.516	1.082687	0.000000	4.993816	0.868375	2.093577	0.000000	
46.528	1.075375	0.000000	4.959313	0.875800	2.228951	0.000000	
46.539	1.068625	0.000000	4.871226	0.881875	1.954000	0.000000	
46.551	1.062438	0.000000	4.817736	0.892000	2.082897	0.000000	
46.562	1.057375	0.000000	4.697422	0.901450	2.357243	0.000000	
46.573	1.050063	0.000000	4.625647	0.909550	2.427603	0.000000	
46.585	1.042750	0.000000	4.547552	0.916975	2.160800	0.000000	
46.596	1.037125	0.000000	4.376048	0.927100	2.230019	0.000000	
46.608	1.030375	0.000000	4.277894	0.937900	2.568347	0.000000	
46.619	1.024750	0.000000	4.062257	0.945325	2.500504	0.608534	
46.630	1.019125	0.000000	3.945294	0.946675	1.621721	1.028650	
46.642	1.012938	0.000000	3.702064	0.946000	0.608902	1.291719	
46.653	1.007875	0.000000	3.568742	0.946000	0.067440	1.248466	
46.665	1.003375	0.000000	3.430696	0.955450	0.944757	0.979524	
46.676	0.998875	0.000000	3.150584	0.976375	3.037992	0.698836	
46.687	0.993813	0.000000	3.001128	0.992575	4.521329	1.094321	
46.699	0.986500	0.000000	2.695171	0.986500	3.104810	1.948133	
46.710	0.982000	0.000000	2.549643	0.966250	0.944312	3.567456	
46.722	0.978625	0.000000	2.234424	0.952075	0.000000	3.769427	
46.733	0.975250	0.000000	2.074315	0.966925	1.484563	3.135101	
46.745	0.970750	0.000000	1.913382	0.991225	3.913943	2.969721	
46.756	0.967375	0.000000	1.598705	0.996625	4.183729	3.931585	
46.767	0.962875	0.000000	1.435502	0.991225	1.886480	4.792257	
46.779	0.959500	0.000000	1.118182	0.989200	0.202741	5.349061	
46.790	0.957250	0.000000	0.954151	0.993250	0.404209	4.997006	
46.804	0.955000	0.000000	0.628128	1.010800	2.163043	4.255866	
46.817	0.953313	0.000000	0.436146	1.023625	4.180797	4.251036	
46.828	0.951063	0.000000	0.117710	1.024975	3.304950	4.652003	
46.840	0.949375	0.000000	0.000000	1.025650	0.675435	5.878708	
46.851	0.948250	0.000000	0.000000	1.030375	0.542460	6.025905	
46.863	0.944313	0.000000	0.000000	1.039825	1.420812	5.226319	
46.874	0.938688	0.000000	0.000000	1.054000	2.772615	5.013078	
46.886	0.931375	0.000000	0.000000	1.062775	2.969131	5.344629	
46.897	0.925750	0.000000	0.000000	1.064125	1.886389	5.737301	
46.908	0.920687	0.000000	0.000000	1.069525	1.144393	5.968156	
46.920	0.914500	0.000000	0.000000	1.081000	1.755192	5.757696	
46.931	0.908312	0.000000	0.000000	1.091125	2.566175	5.626051	
46.943	0.902125	0.000000	0.000000	1.099900	2.568067	5.940984	
46.954	0.897625	0.000000	0.000000	1.105300	1.953006	6.179249	
46.966	0.890875	0.000000	0.000000	1.112050	1.686223	6.413836	
46.977	0.883000	0.000000	0.000000	1.121500	1.820633	6.401581	
46.989	0.878500	0.000000	0.000000	1.127575	1.957547	6.431879	
47.000	0.875125	0.000000	0.000000	1.132300	1.694595	6.521427	
47.012	0.870625	0.000000	0.000000	1.137700	1.347200	6.594199	
47.023	0.868375	0.000000	0.000000	1.140400	1.074958	6.547017	
47.034	0.867250	0.000000	0.000000	1.141075	0.604815	6.448752	
47.046	0.867250	0.000000	0.000000	1.141075	0.203231	6.089858	
47.057	0.867250	0.000000	0.000000	1.141075	0.000000	5.780919	
47.069	0.867813	0.056110	0.000000	1.140400	0.000000	5.109617	
47.080	0.872312	0.508487	0.000000	1.137700	0.000000	4.826356	
47.092	0.879625	1.240441	0.000000	1.132300	0.000000	4.552446	
47.103	0.885813	1.689967	0.000000	1.128250	0.000000	4.083338	
47.114	0.892000	1.688485	0.000000	1.122175	0.000000	3.884407	
47.126	0.898750	1.688162	0.000000	1.116100	0.000000	3.555956	
47.137	0.907750	1.971385	0.000000	1.110700	0.000000	3.410573	
47.149	0.913938	1.970709	0.000000	1.102600	0.000000	3.158914	
47.160	0.919563	1.746088	0.000000	1.093825	0.000000	3.041918	
47.172	0.928563	1.801474	0.000000	1.085725	0.000000	2.930752	
47.183	0.936437	2.080927	0.000000	1.078975	0.000000	2.723987	
47.194	0.942625	2.021150	0.000000	1.070875	0.000000	2.631882	
47.206	0.950500	1.860822	0.210237	1.060750	0.000000	2.442071	
47.217	0.956125	1.746994	0.506606	1.053325	0.000000	2.347790	
47.229	0.957250	1.184729	1.006627	1.045225	0.000000	2.253360	
47.240	0.958375	0.561602	1.135521	1.036450	0.000000	2.068115	
47.252	0.966250	0.897621	1.037167	1.026325	0.000000	1.970389	
47.263	0.978063	2.077411	1.014524	1.019575	0.000000	1.774099	
47.274	0.984250	2.357513	1.240281	1.012150	0.000000	1.668605	
47.286	0.985375	1.460189	2.136875	1.004050	0.000000	1.449866	
47.297	0.985375	0.392452	2.450458	0.996625	0.000000	1.335536	
47.309	0.989312	0.393578	2.416091	0.991225	0.000000	1.105559	
47.320	1.000000	1.465009	2.279792	0.985150	0.000000	0.984849	
47.332	1.010125	2.419231	2.577946	0.977050	0.000000	0.862789	
47.343	1.011812	1.914857	3.060041	0.969625	0.000000	0.621986	
47.355	1.011812	0.675748	3.529025	0.964225	0.000000	0.494892	
47.366	1.014063	0.222330	3.803747	0.960850	0.000000	0.234481	
47.377	1.021375	0.953652	3.678342	0.958825	0.000000	0.109872	
47.389	1.031500	1.909356	3.685774	0.956125	0.000000	0.000000	
47.400	1.036000	1.965691	3.990332	0.952750	0.000000	0.000000	
47.412	1.036562	1.068288	4.705842	0.944650	0.000000	0.000000	
47.423	1.038813	0.449386	4.838654	0.933850	0.000000	0.000000	
47.434	1.044438	0.842738	4.806043	0.925075	0.000000	0.000000	
47.446	1.052875	1.627534	4.764600	0.919675	0.000000	0.000000	
47.457	1.057375	1.688675	4.972686	0.913600	0.000000	0.000000	
47.469	1.060187	1.182344	5.544245	0.904825	0.000000	0.000000	
47.480	1.062438	0.788460	5.723953	0.897400	0.000000	0.000000	
47.491	1.066375	0.792030	5.785917	0.891325	0.000000	0.000000	
47.503	1.072000	1.128907	5.812379	0.885925	0.000000	0.000000	
47.514	1.074813	1.126153	5.895054	0.879850	0.000000	0.000000	
47.526	1.079875	1.067234	6.143828	0.871750	0.000000	0.000000	
47.537	1.084375	1.125412	6.260561	0.865675	0.000000	0.000000	
47.548	1.088313	1.183085	6.468494	0.861625	0.000000	0.000000	
47.560	1.091688	1.010544	6.607000	0.857575	0.000000	0.000000	
47.571	1.094500	0.891416	6.723561	0.852175	0.000000	0.000000	
47.583	1.097312	0.726105	6.877988	0.846775	0.000000	0.000000	
47.594	1.099000	0.615223	6.927737	0.844750	0.000000	0.000000	
47.605	1.100125	0.450450	6.947800	0.843400	0.000000	0.000000	
47.617	1.101812	0.335392	6.917787	0.840700	0.000000	0.000000	
47.628	1.102937	0.335985	6.797244	0.838675	0.000000	0.000000	
47.640	1.103500	0.279488	6.737570	0.838675	0.000000	0.000000	
47.651	1.103500	0.112516	6.686025	0.838675	0.000000	0.000000	
47.662	1.103500	0.000000	6.549683	0.838675	0.000000	0.000000	
47.673	1.103500	0.000000	6.449718	0.838675	0.000000	0.000000	
47.685	1.102375	0.000000	6.258368	0.838675	0.000000	0.000000	
47.696	1.098438	0.000000	6.177594	0.839350	0.068186	0.000000	
47.708	1.095625	0.000000	6.043128	0.844075	0.541689	0.000000	
47.719	1.093938	0.000000	5.982854	0.849475	1.082102	0.000000	
47.730	1.088875	0.000000	5.927680	0.854200	1.345970	0.000000	
47.742	1.083250	0.000000	5.826417	0.859600	1.348126	0.000000	
47.753	1.079313	0.000000	5.774571	0.867025	1.550511	0.000000	
47.765	1.072562	0.000000	5.663934	0.875125	1.822370	0.000000	
47.776	1.066375	0.000000	5.607048	0.881200	1.892314	0.000000	
47.787	1.062438	0.000000	5.541818	0.887950	1.759324	0.000000	
47.799	1.056813	0.000000	5.393442	0.896725	1.961976	0.000000	
47.810	1.050063	0.000000	5.310784	0.904825	2.160003	0.000000	
47.821	1.044438	0.000000	5.131964	0.911575	2.026276	0.000000	
47.833	1.039375	0.000000	5.031152	0.919000	1.888670	0.000000	
47.844	1.034312	0.000000	4.816926	0.928450	2.095770	0.000000	
47.856	1.028687	0.000000	4.698068	0.936550	2.231273	0.000000	
47.867	1.023625	0.000000	4.572558	0.943300	2.095943	0.090290	
47.878	1.018563	0.000000	4.305017	0.947350	1.619673	0.813709	
47.890	1.013500	0.000000	4.172323	0.946675	0.808987	1.064486	
47.901	1.009000	0.000000	3.876431	0.946675	0.200865	1.131716	
47.913	1.004500	0.000000	3.722484	0.951400	0.467747	0.969256	
47.924	1.000563	0.000000	3.414140	0.966250	1.953524	0.784933	
47.936	0.997187	0.000000	3.251143	0.982450	3.507326	1.033671	
47.947	0.992125	0.000000	3.085321	0.981100	2.833877	1.675677	
47.958	0.987625	0.000000	2.761786	0.968950	1.079636	3.020636	
47.970	0.984812	0.000000	2.593175	0.955450	0.000000	3.222710	
47.981	0.983688	0.000000	2.254454	0.961525	0.607290	2.816254	
47.993	0.980313	0.000000	2.084973	0.977050	2.168769	2.646199	
48.005	0.976937	0.000000	1.757602	0.987850	3.180881	2.746254	
48.016	0.974125	0.000000	1.589921	0.986500	2.120677	3.827439	
48.027	0.971875	0.000000	1.422329	0.984475	0.539639	4.355584	
48.039	0.970750	0.000000	1.101127	0.983800	0.000000	4.417896	
48.050	0.969063	0.000000	0.936906	0.987850	0.407781	4.103837	
48.062	0.967375	0.000000	0.613045	1.004050	2.031988	3.656464	
48.073	0.966250	0.000000	0.464168	1.014850	3.099824	3.815892	
48.085	0.965688	0.000000	0.154529	1.014175	2.148544	4.259768	
48.096	0.965125	0.000000	0.004363	1.013500	0.539663	5.248440	
48.108	0.965125	0.000000	0.000000	1.014175	0.069640	5.284922	
48.119	0.962875	0.000000	0.000000	1.020250	0.679700	4.721947	
48.130	0.958938	0.000000	0.000000	1.031050	1.760499	4.514240	
48.142	0.953313	0.000000	0.000000	1.039150	2.368266	4.752186	
48.153	0.948812	0.000000	0.000000	1.040500	1.687243	5.122441	
48.165	0.944313	0.000000	0.000000	1.042525	0.740604	5.475889	
48.176	0.939812	0.000000	0.000000	1.048600	0.878563	5.570594	
48.187	0.934750	0.000000	0.000000	1.056025	1.484495	5.472004	
48.199	0.929688	0.000000	0.000000	1.062775	1.821460	5.613818	
48.210	0.925750	0.000000	0.000000	1.066150	1.482284	5.861203	
48.222	0.921250	0.000000	0.000000	1.070200	1.083217	6.213403	
48.233	0.916188	0.000000	0.000000	1.076950	1.282360	6.270354	
48.245	0.910000	0.000000	0.000000	1.086400	1.892459	6.307126	
48.256	0.905500	0.000000	0.000000	1.092475	2.024226	6.646476	
48.268	0.900437	0.000000	0.000000	1.101925	2.092618	6.931463	
48.279	0.894813	0.000000	0.000000	1.110700	2.230242	7.575634	
48.290	0.888062	0.000000	0.000000	1.115425	2.014439	7.896267	
48.302	0.881875	0.000000	0.000000	1.122175	1.671103	8.484020	
48.313	0.877937	0.000000	0.000000	1.130275	1.752705	8.686691	
48.324	0.872875	0.000000	0.000000	1.136350	1.886978	8.854965	
48.336	0.867813	0.000000	0.000000	1.140400	1.546350	9.272787	
48.347	0.863875	0.000000	0.000000	1.145800	1.339399	9.437613	
48.359	0.862188	0.000000	0.000000	1.149850	1.212969	9.610370	
48.370	0.861062	0.000000	0.000000	1.150525	0.811937	9.656419	
48.382	0.860500	0.000000	0.000000	1.150525	0.270478	9.584215	
48.393	0.860500	0.000000	0.000000	1.150525	0.000000	9.407059	
48.404	0.860500	0.000000	0.000000	1.149850	0.000000	9.152660	
48.416	0.862750	0.226090	0.000000	1.143775	0.000000	8.663305	
48.427	0.868937	0.844405	0.000000	1.135675	0.000000	8.440950	
48.439	0.876250	1.577090	0.000000	1.127575	0.000000	8.048546	
48.450	0.883563	1.914149	0.000000	1.118125	0.000000	7.874491	
48.462	0.892563	2.089094	0.000000	1.106650	0.000000	7.559986	
48.473	0.902125	2.312268	0.000000	1.095175	0.000000	7.404649	
48.484	0.911125	2.360072	0.000000	1.081000	0.000000	7.252551	
48.496	0.919000	2.304573	0.000000	1.067500	0.000000	6.956807	
48.507	0.927437	2.188734	0.000000	1.057375	0.000000	6.802360	
48.519	0.937000	2.250318	0.000000	1.047925	0.000000	6.481291	
48.530	0.944313	2.251391	0.000000	1.035775	0.000000	6.326579	
48.541	0.952187	2.027515	0.287810	1.023625	0.000000	5.982635	
48.553	0.956688	1.693015	0.578675	1.016875	0.000000	5.803422	
48.564	0.956688	1.013813	0.969602	1.008775	0.000000	5.620120	
48.576	0.959500	0.509806	0.980572	0.998650	0.000000	5.252559	
48.587	0.969625	1.297320	0.879248	0.991225	0.000000	5.057362	
48.599	0.981438	2.419767	0.798105	0.981775	0.000000	4.666904	
48.610	0.986500	2.362148	1.123466	0.970300	0.000000	4.461808	
48.622	0.987625	1.235965	2.019239	0.960850	0.000000	4.041979	
48.633	0.987625	0.336868	2.236961	0.956125	0.000000	3.824306	
48.644	0.992688	0.562262	2.032187	0.948700	0.000000	3.618073	
48.656	1.005625	1.800310	1.908355	0.941275	0.000000	3.171709	
48.667	1.015188	2.641394	1.994648	0.935200	0.000000	2.943323	
48.679	1.016312	1.855957	2.843286	0.929800	0.000000	2.496077	
48.690	1.016312	0.617890	3.293690	0.924400	0.000000	2.263293	
48.702	1.018563	0.223776	3.464216	0.920350	0.000000	1.793638	
48.713	1.027000	1.066656	3.281866	0.918325	0.000000	1.573472	
48.724	1.037125	2.077707	3.297236	0.916975	0.000000	1.339805	
48.736	1.041625	2.077344	3.642563	0.913600	0.000000	0.875591	
48.747	1.041625	1.064281	4.073217	0.912250	0.000000	0.646264	
48.758	1.042750	0.222040	4.532750	0.911575	0.000000	0.209008	
48.770	1.047250	0.567736	4.435200	0.911575	0.000000	0.000000	
48.781	1.055125	1.354528	4.184470	0.911575	0.000000	0.000000	
48.793	1.061313	1.803983	4.297277	0.911575	0.000000	0.000000	
48.804	1.063000	1.290831	4.835881	0.907525	0.000000	0.000000	
48.816	1.064125	0.565231	5.011881	0.900100	0.000000	0.000000	
48.827	1.068063	0.565678	5.038392	0.893350	0.000000	0.000000	
48.838	1.073125	1.017548	4.895949	0.887950	0.000000	0.000000	
48.850	1.077625	1.239245	4.931984	0.883900	0.000000	0.000000	
48.861	1.081563	1.121750	5.204505	0.879175	0.000000	0.000000	
48.872	1.083812	0.898303	5.332064	0.872425	0.000000	0.000000	
48.884	1.087188	0.785590	5.461541	0.867025	0.000000	0.000000	
48.895	1.090000	0.736064	5.487965	0.863650	0.000000	0.000000	
48.907	1.093375	0.846961	5.524713	0.860275	0.000000	0.000000	
48.918	1.095625	0.733277	5.626237	0.855550	0.000000	0.000000	
48.930	1.097312	0.561669	5.693312	0.850150	0.000000	0.000000	
48.941	1.098438	0.447937	5.749559	0.848125	0.000000	0.000000	
48.952	1.099563	0.335385	5.735390	0.847450	0.000000	0.000000	
48.964	1.100125	0.225609	5.658084	0.846100	0.000000	0.000000	
48.975	1.100125	0.170871	5.617181	0.844750	0.000000	0.000000	
48.987	1.100688	0.054566	5.568782	0.844750	0.000000	0.000000	
48.998	1.100688	0.054566	5.440290	0.844750	0.000000	0.000000	
49.009	1.100688	0.054566	5.384218	0.844750	0.000000	0.000000	
49.021	1.100125	0.000000	5.296785	0.844750	0.000000	0.000000	
49.032	1.096750	0.000000	5.249829	0.847450	0.267909	0.000000	
49.044	1.093375	0.000000	5.177708	0.854200	0.941962	0.000000	
49.055	1.089437	0.000000	5.148104	0.860275	1.482373	0.000000	
49.067	1.083250	0.000000	5.121764	0.867700	1.752213	0.000000	
49.078	1.077062	0.000000	5.074478	0.873775	1.753776	0.000000	
49.089	1.070313	0.000000	5.048569	0.881200	1.823007	0.000000	
49.101	1.063563	0.000000	4.989441	0.889975	2.023869	0.000000	
49.112	1.058500	0.000000	4.953789	0.898750	2.229078	0.000000	
49.123	1.051750	0.000000	4.910226	0.906850	2.295472	0.000000	
49.135	1.043313	0.000000	4.802822	0.914950	2.163542	0.000000	
49.146	1.037125	0.000000	4.738207	0.925075	2.293899	0.000000	
49.158	1.030375	0.000000	4.591141	0.936550	2.629691	0.000000	
49.169	1.023625	0.000000	4.503728	0.944650	2.631389	0.113733	
49.180	1.016312	0.000000	4.314097	0.950725	2.021126	0.610689	
49.192	1.010125	0.000000	4.205343	0.948700	1.076499	1.416697	
49.203	1.004500	0.000000	4.090572	0.947350	0.332803	1.570096	
49.215	0.998312	0.000000	3.841296	0.950725	0.337285	1.344991	
49.226	0.993250	0.000000	3.717397	0.966250	1.894485	1.116222	
49.238	0.985375	0.000000	3.440511	0.986500	3.848794	1.407722	
49.249	0.979187	0.000000	3.296852	0.989875	3.577954	2.163797	
49.261	0.974125	0.000000	3.010005	0.978400	1.482769	3.069835	
49.272	0.967937	0.000000	2.856736	0.964225	0.067742	3.980451	
49.283	0.964562	0.000000	2.700860	0.967600	0.472665	3.833218	
49.295	0.961750	0.000000	2.391251	0.985825	2.298201	3.307713	
49.306	0.957250	0.000000	2.228049	1.000675	3.781652	3.427368	
49.318	0.953313	0.000000	1.897242	1.000000	2.905893	4.715759	
49.329	0.949938	0.000000	1.729624	0.997975	1.017867	5.328232	
49.341	0.946000	0.000000	1.402523	0.999325	0.135650	5.558587	
49.352	0.943750	0.000000	1.232492	1.006075	0.811309	5.072692	
49.364	0.942062	0.000000	0.902899	1.019575	2.161834	4.811453	
49.375	0.939812	0.000000	0.733491	1.027675	2.700115	4.985693	
49.387	0.936437	0.000000	0.564444	1.029025	1.750898	5.396686	
49.398	0.935313	0.000000	0.228893	1.032400	0.873005	5.901077	
49.409	0.935313	0.000000	0.063004	1.038475	1.013754	5.826118	
49.421	0.935313	0.000000	0.000000	1.048600	1.894316	5.670988	
49.432	0.933062	0.000000	0.000000	1.056700	2.238428	5.719272	
49.444	0.926875	0.000000	0.000000	1.061425	1.890976	5.963048	
49.455	0.921250	0.000000	0.000000	1.065475	1.344880	6.404897	
49.466	0.916750	0.000000	0.000000	1.074250	1.482715	6.460731	
49.478	0.911687	0.000000	0.000000	1.083700	2.091137	6.485294	
49.489	0.906062	0.000000	0.000000	1.089100	2.164185	6.673803	
49.500	0.900437	0.000000	0.000000	1.097200	1.890259	6.922692	
49.512	0.895375	0.000000	0.000000	1.108675	2.289333	7.315094	
49.523	0.888625	0.000000	0.000000	1.114750	2.355907	7.525169	
49.535	0.882437	0.000000	0.000000	1.118800	1.689165	8.078959	
49.546	0.879625	0.000000	0.000000	1.127575	1.622179	8.259064	
49.557	0.875125	0.000000	0.000000	1.134325	1.888516	8.387248	
49.569	0.868375	0.000000	0.000000	1.138375	1.619714	8.494558	
49.580	0.863875	0.000000	0.000000	1.143775	1.346470	8.635803	
49.592	0.862188	0.000000	0.000000	1.149850	1.349949	8.693490	
49.603	0.859937	0.000000	0.000000	1.151200	1.145903	8.683404	
49.614	0.857125	0.000000	0.000000	1.152550	0.674795	8.659373	
49.626	0.856000	0.000000	0.000000	1.154575	0.401929	8.549106	
49.637	0.856000	0.000000	0.000000	1.154575	0.267292	8.354063	
49.649	0.856000	0.000000	0.000000	1.154575	0.132110	7.907912	
49.660	0.856000	0.000000	0.000000	1.153225	0.000000	7.676853	
49.671	0.858250	0.226754	0.000000	1.147825	0.000000	7.192620	
49.683	0.863312	0.730344	0.000000	1.141075	0.000000	6.990876	
49.694	0.870062	1.406941	0.000000	1.135000	0.000000	6.616850	
49.706	0.875687	1.575298	0.000000	1.125550	0.000000	6.454343	
49.717	0.883000	1.690506	0.000000	1.116100	0.000000	6.303595	
49.728	0.892000	2.024938	0.000000	1.108675	0.000000	6.032005	
49.740	0.899875	2.192236	0.000000	1.097200	0.000000	5.899690	
49.751	0.907750	2.128757	0.000000	1.085050	0.000000	5.650110	
49.763	0.916750	2.134869	0.000000	1.073575	0.000000	5.522693	
49.774	0.925750	2.245778	0.000000	1.064125	0.000000	5.264031	
49.786	0.933625	2.200822	0.000000	1.054000	0.000000	5.131955	
49.797	0.940938	2.084719	0.186975	1.045225	0.000000	5.005350	
49.809	0.947688	1.919218	0.548585	1.035100	0.000000	4.725452	
49.820	0.948250	1.182817	0.871583	1.027000	0.000000	4.578954	
49.831	0.948250	0.451293	1.247838	1.020250	0.000000	4.282867	
49.843	0.952187	0.391940	1.203258	1.012825	0.000000	4.124650	
49.854	0.962875	1.462775	0.903695	1.006750	0.000000	3.794862	
49.866	0.973000	2.417839	0.973976	0.999325	0.000000	3.636038	
49.877	0.975250	1.972114	1.804782	0.991900	0.000000	3.462594	
49.888	0.975250	0.736531	2.253346	0.983125	0.000000	3.107491	
49.900	0.976375	0.168208	2.462482	0.974350	0.000000	2.928493	
49.911	0.984250	0.894563	2.288782	0.967600	0.000000	2.574059	
49.923	0.997187	2.187019	2.217587	0.962875	0.000000	2.389035	
49.934	1.001688	2.297693	2.742922	0.956800	0.000000	2.026876	
49.946	1.002813	1.287202	3.229327	0.950725	0.000000	1.837787	
49.957	1.003937	0.424026	3.773746	0.946675	0.000000	1.648987	
49.969	1.008438	0.598429	3.684760	0.943300	0.000000	1.268426	
49.980	1.016875	1.386116	3.559396	0.939925	0.000000	1.076146	
49.992	1.024187	1.969922	3.690495	0.936550	0.000000	0.706402	
50.003	1.028125	1.655347	4.043282	0.934525	0.000000	0.491335	
50.015	1.028687	0.759351	4.655308	0.933175	0.000000	0.300091	
50.026	1.032063	0.562778	4.745966	0.933175	0.000000	0.000000	
50.038	1.039937	1.125342	4.690111	0.933175	0.000000	0.000000	
50.049	1.045000	1.519305	4.778455	0.929125	0.000000	0.000000	
50.060	1.048938	1.349770	4.989986	0.920350	0.000000	0.000000	
50.072	1.051750	0.957490	5.494194	0.911575	0.000000	0.000000	
50.083	1.055125	0.896463	5.649579	0.905500	0.000000	0.000000	
50.095	1.059625	0.953566	5.790820	0.900775	0.000000	0.000000	
50.106	1.064125	1.180019	5.881191	0.894700	0.000000	0.000000	
50.118	1.068625	1.371046	6.011050	0.886600	0.000000	0.000000	
50.129	1.070875	1.142944	6.445039	0.880525	0.000000	0.000000	
50.141	1.074813	0.843245	6.645896	0.875125	0.000000	0.000000	
50.152	1.081000	1.125769	6.890241	0.869725	0.000000	0.000000	
50.163	1.084937	1.350192	7.020610	0.865000	0.000000	0.000000	
50.175	1.087750	1.065664	7.427314	0.860275	0.000000	0.000000	
50.186	1.091688	0.895170	7.609964	0.855550	0.000000	0.000000	
50.197	1.095062	0.946693	7.720365	0.850825	0.000000	0.000000	
50.209	1.097312	0.836582	7.937763	0.846775	0.000000	0.000000	
50.220	1.099000	0.558572	8.030901	0.844075	0.000000	0.000000	
50.232	1.101250	0.503070	8.133879	0.841375	0.000000	0.000000	
50.243	1.101812	0.393931	8.130917	0.839350	0.000000	0.000000	
50.255	1.102375	0.225763	8.099647	0.838675	0.000000	0.000000	
50.266	1.102375	0.115945	8.063591	0.838675	0.000000	0.000000	
50.277	1.102375	0.000000	7.992711	0.838675	0.000000	0.000000	
50.289	1.102375	0.000000	7.839339	0.838675	0.000000	0.000000	
50.300	1.102375	0.000000	7.752216	0.838675	0.000000	0.000000	
50.312	1.099000	0.000000	7.600736	0.838675	0.000000	0.000000	
50.323	1.095625	0.000000	7.533824	0.841375	0.269677	0.000000	
50.334	1.093938	0.000000	7.416714	0.847450	0.877347	0.000000	
50.346	1.088875	0.000000	7.361086	0.852850	1.349282	0.000000	
50.357	1.082687	0.000000	7.304857	0.858250	1.482152	0.000000	
50.368	1.077625	0.000000	7.189315	0.865675	1.616560	0.000000	
50.380	1.071437	0.000000	7.125833	0.873100	1.820361	0.000000	
50.392	1.064125	0.000000	6.985856	0.880525	1.958615	0.000000	
50.403	1.060187	0.000000	6.905399	0.887275	1.891055	0.000000	
50.414	1.054000	0.000000	6.824925	0.896050	2.017714	0.000000	
50.426	1.045000	0.000000	6.631584	0.904825	2.152289	0.000000	
50.437	1.039375	0.000000	6.524082	0.911575	2.097012	0.000000	
50.448	1.033188	0.000000	6.284755	0.920350	2.093499	0.000000	
50.460	1.025875	0.000000	6.153625	0.929800	2.226610	0.000000	
50.471	1.020250	0.000000	5.878511	0.937900	2.294657	0.000000	
50.483	1.015750	0.000000	5.726608	0.943975	2.026918	0.159204	
50.494	1.010687	0.000000	5.569461	0.948700	1.625066	0.509206	
50.506	1.006750	0.000000	5.248362	0.949375	0.946300	0.996696	
50.517	1.002813	0.000000	5.076325	0.949375	0.270355	1.066139	
50.529	0.998875	0.000000	4.718573	0.951400	0.204918	0.837144	
50.540	0.995500	0.000000	4.546817	0.962875	1.355301	0.644804	
50.551	0.990438	0.000000	4.173199	0.978400	2.907604	0.618299	
50.563	0.986500	0.000000	3.983803	0.982450	2.904694	1.475394	
50.574	0.983125	0.000000	3.793749	0.973675	1.416900	2.203704	
50.586	0.979750	0.000000	3.420733	0.960175	0.066765	2.891988	
50.597	0.976937	0.000000	3.227858	0.960175	0.201591	2.755341	
50.608	0.974125	0.000000	2.852599	0.975700	1.756849	2.345069	
50.620	0.970750	0.000000	2.659348	0.989875	3.172012	2.473176	
50.631	0.967375	0.000000	2.274864	0.991900	2.900185	2.914337	
50.643	0.964562	0.000000	2.082923	0.987850	1.078486	4.185291	
50.654	0.961750	0.000000	1.904735	0.986500	0.000000	4.414504	
50.666	0.958375	0.000000	1.526501	0.989875	0.338291	3.983059	
50.677	0.956688	0.000000	1.338277	1.004050	1.756642	3.661164	
50.688	0.954437	0.000000	0.979304	1.018900	3.239923	3.780432	
50.700	0.951063	0.000000	0.795133	1.020925	2.699758	4.283690	
50.711	0.948250	0.000000	0.433790	1.020250	1.012892	4.901009	
50.723	0.947125	0.000000	0.266261	1.020925	0.069961	5.188770	
50.734	0.947125	0.000000	0.089098	1.029025	0.881442	4.895967	
50.745	0.947125	0.000000	0.000000	1.044550	2.434849	4.423363	
50.757	0.944875	0.000000	0.000000	1.055350	3.240133	4.633451	
50.768	0.938688	0.000000	0.000000	1.055350	2.091565	5.657197	
50.780	0.929688	0.000000	0.000000	1.056700	0.605099	5.984542	
50.791	0.924625	0.000000	0.000000	1.063450	0.808194	5.950580	
50.802	0.921250	0.000000	0.000000	1.074250	1.888043	5.521547	
50.814	0.916750	0.000000	0.000000	1.083700	2.561126	5.543701	
50.825	0.910000	0.000000	0.000000	1.087075	2.023915	6.159033	
50.837	0.904375	0.000000	0.000000	1.089775	1.154501	6.465023	
50.848	0.901563	0.000000	0.000000	1.099225	1.358104	6.519391	
50.859	0.897062	0.000000	0.000000	1.109350	2.163589	6.498573	
50.871	0.891437	0.000000	0.000000	1.110700	1.826790	6.665812	
50.882	0.886375	0.000000	0.000000	1.114750	1.077881	7.091813	
50.894	0.884125	0.000000	0.000000	1.122850	1.208214	7.096242	
50.905	0.882437	0.000000	0.000000	1.124200	1.280396	6.975229	
50.917	0.879625	0.000000	0.000000	1.125550	0.673243	6.988647	
50.928	0.877937	0.000000	0.000000	1.128925	0.468074	6.800707	
50.940	0.877937	0.000000	0.000000	1.129600	0.534893	6.606598	
50.951	0.877937	0.000000	0.000000	1.129600	0.267655	6.427728	
50.962	0.877937	0.000000	0.000000	1.128250	0.000000	6.053617	
50.974	0.879062	0.112715	0.000000	1.123525	0.000000	5.799033	
50.986	0.884125	0.615158	0.000000	1.119475	0.000000	5.306793	
50.997	0.890312	1.217775	0.000000	1.117450	0.000000	5.081595	
51.008	0.895375	1.445929	0.000000	1.110700	0.000000	4.681071	
51.020	0.902687	1.623319	0.000000	1.101925	0.000000	4.498551	
51.031	0.910563	1.797316	0.000000	1.096525	0.000000	4.334738	
51.043	0.916750	1.852672	0.000000	1.089100	0.000000	4.004302	
51.054	0.922938	1.743357	0.000000	1.078975	0.000000	3.844655	
51.065	0.931375	1.860558	0.000000	1.071550	0.000000	3.540132	
51.077	0.938688	1.976427	0.000000	1.066825	0.000000	3.384025	
51.088	0.944313	1.861010	0.000000	1.058725	0.000000	3.075765	
51.100	0.952187	1.746861	0.000000	1.051300	0.000000	2.920455	
51.111	0.959500	1.858457	0.206498	1.047250	0.000000	2.774333	
51.122	0.963437	1.689359	0.515624	1.041850	0.000000	2.455462	
51.134	0.963437	0.845308	0.815237	1.033750	0.000000	2.293736	
51.145	0.964000	0.225592	1.066011	1.027000	0.000000	1.975304	
51.157	0.972438	0.902263	0.991605	1.021600	0.000000	1.806886	
51.168	0.985375	2.195149	0.945016	1.014850	0.000000	1.480470	
51.180	0.993250	2.612463	1.308136	1.006750	0.000000	1.287415	
51.191	0.993250	1.486679	2.468601	0.999325	0.000000	1.115467	
51.203	0.992688	0.249674	2.777324	0.995275	0.000000	0.780656	
51.214	0.994375	0.169410	2.802169	0.991225	0.000000	0.608008	
51.226	1.005625	1.288731	2.475024	0.987175	0.000000	0.269438	
51.237	1.017437	2.474108	2.492382	0.984475	0.000000	0.110705	
51.249	1.018563	2.081706	3.306784	0.981775	0.000000	0.000000	
51.261	1.018563	0.671667	3.808575	0.976375	0.000000	0.000000	
51.272	1.018563	0.000000	4.074744	0.967600	0.000000	0.000000	
51.284	1.024750	0.618134	3.886228	0.957475	0.000000	0.000000	
51.295	1.035437	1.688272	3.714063	0.951400	0.000000	0.000000	
51.306	1.040500	2.083518	3.937289	0.945325	0.000000	0.000000	
51.318	1.040500	1.181655	4.330335	0.937225	0.000000	0.000000	
51.329	1.042187	0.392683	4.845147	0.928450	0.000000	0.000000	
51.341	1.047250	0.671056	4.802970	0.922375	0.000000	0.000000	
51.352	1.053437	1.233502	4.652843	0.916975	0.000000	0.000000	
51.363	1.059625	1.572696	4.753810	0.911575	0.000000	0.000000	
51.375	1.063000	1.351336	4.948426	0.903475	0.000000	0.000000	
51.386	1.064125	0.844796	5.353521	0.897400	0.000000	0.000000	
51.398	1.068625	0.732454	5.432517	0.891325	0.000000	0.000000	
51.409	1.072562	0.960809	5.429349	0.885250	0.000000	0.000000	
51.420	1.076500	1.124585	5.461028	0.879850	0.000000	0.000000	
51.432	1.081563	1.127211	5.637574	0.873100	0.000000	0.000000	
51.443	1.084937	1.122371	5.759119	0.867700	0.000000	0.000000	
51.455	1.087188	0.896076	5.872690	0.863650	0.000000	0.000000	
51.466	1.089437	0.615652	6.062131	0.860275	0.000000	0.000000	
51.478	1.092813	0.675008	6.065704	0.854200	0.000000	0.000000	
51.489	1.095625	0.784066	6.049789	0.849475	0.000000	0.000000	
51.500	1.097312	0.673383	6.089197	0.847450	0.000000	0.000000	
51.512	1.098438	0.453469	6.185214	0.845425	0.000000	0.000000	
51.523	1.099563	0.335837	6.183428	0.843400	0.000000	0.000000	
51.535	1.100125	0.224254	6.144647	0.841375	0.000000	0.000000	
51.546	1.100125	0.168122	6.047681	0.840700	0.000000	0.000000	
51.557	1.100125	0.000000	5.991815	0.840700	0.000000	0.000000	
51.569	1.100125	0.000000	5.849116	0.840700	0.000000	0.000000	
51.580	1.100125	0.000000	5.761902	0.840700	0.000000	0.000000	
51.592	1.099563	0.000000	5.620628	0.841375	0.067522	0.000000	
51.603	1.096750	0.000000	5.559607	0.844075	0.338875	0.000000	
51.614	1.093375	0.000000	5.504561	0.850150	0.947284	0.000000	
51.626	1.090000	0.000000	5.410978	0.856900	1.484021	0.000000	
51.637	1.084375	0.000000	5.373106	0.861625	1.552533	0.000000	
51.649	1.078750	0.000000	5.297124	0.869050	1.619952	0.000000	
51.660	1.072562	0.000000	5.259210	0.877150	1.823717	0.000000	
51.672	1.064687	0.000000	5.178150	0.885250	2.095529	0.000000	
51.683	1.060187	0.000000	5.130178	0.893350	2.093352	0.000000	
51.694	1.054000	0.000000	5.075460	0.902125	2.227353	0.000000	
51.706	1.046125	0.000000	4.952909	0.910900	2.290666	0.000000	
51.717	1.039937	0.000000	4.879229	0.919000	2.222788	0.000000	
51.729	1.033750	0.000000	4.712881	0.929125	2.294563	0.000000	
51.740	1.027562	0.000000	4.618844	0.937900	2.428153	0.000000	
51.751	1.021375	0.000000	4.419009	0.946000	2.361090	0.000000	
51.763	1.015750	0.000000	4.305617	0.955450	2.295776	0.522159	
51.774	1.009562	0.000000	4.185833	0.958150	1.754134	0.931000	
51.786	1.003937	0.000000	3.937537	0.955450	0.810237	1.487990	
51.797	0.999438	0.000000	3.799951	0.955450	0.067468	1.522757	
51.809	0.995500	0.000000	3.511858	0.960175	0.539380	1.148980	
51.820	0.989875	0.000000	3.370823	0.975700	2.091040	1.040034	
51.832	0.984812	0.000000	3.064297	0.990550	3.441882	1.170860	
51.843	0.981438	0.000000	2.906436	0.989875	2.698498	2.412006	
51.855	0.977500	0.000000	2.756692	0.977725	0.877366	3.087624	
51.866	0.974125	0.000000	2.433460	0.966925	0.000000	3.442810	
51.877	0.971875	0.000000	2.268613	0.970975	0.472232	3.198171	
51.889	0.970187	0.000000	1.948037	0.988525	2.226354	2.910684	
51.900	0.966812	0.000000	1.780672	1.000675	3.441862	3.182601	
51.912	0.962875	0.000000	1.445083	0.999325	2.362364	3.776299	
51.923	0.960063	0.000000	1.276927	0.997300	0.741865	4.892106	
51.934	0.957812	0.000000	1.119005	0.997300	0.067386	4.945001	
51.946	0.956688	0.000000	0.785425	1.002700	0.607555	4.364390	
51.957	0.955562	0.000000	0.619298	1.015525	1.889632	4.112746	
51.969	0.954437	0.000000	0.302887	1.024975	2.699409	4.388343	
51.980	0.953313	0.000000	0.142039	1.025650	1.888851	4.787243	
51.992	0.952187	0.000000	0.000000	1.027000	0.606476	5.158140	
52.003	0.951063	0.000000	0.000000	1.033075	0.743046	5.105515	
52.015	0.946562	0.000000	0.000000	1.043200	1.755157	4.910098	
52.026	0.940938	0.000000	0.000000	1.053325	2.422303	5.014405	
52.038	0.934187	0.000000	0.000000	1.058050	2.086555	5.364425	
52.049	0.928563	0.000000	0.000000	1.059400	1.213185	6.000966	
52.061	0.922938	0.000000	0.000000	1.065475	0.941063	6.086013	
52.072	0.918437	0.000000	0.000000	1.074250	1.550637	6.033034	
52.083	0.912250	0.000000	0.000000	1.083025	2.228853	6.100481	
52.095	0.905500	0.000000	0.000000	1.089775	2.158303	6.382106	
52.106	0.900437	0.000000	0.000000	1.098550	2.089607	7.070157	
52.117	0.894813	0.000000	0.000000	1.110025	2.426982	7.347315	
52.129	0.886937	0.000000	0.000000	1.116775	2.435387	8.031576	
52.140	0.880750	0.000000	0.000000	1.122175	1.894428	8.431231	
52.152	0.876250	0.000000	0.000000	1.131625	1.829564	8.712100	
52.163	0.871750	0.000000	0.000000	1.139050	2.095160	9.031009	
52.175	0.864438	0.000000	0.000000	1.144450	1.890735	9.255563	
52.186	0.859375	0.000000	0.000000	1.150525	1.548197	9.690894	
52.197	0.855438	0.000000	0.000000	1.157275	1.617570	9.791009	
52.209	0.851500	0.000000	0.000000	1.161325	1.484204	10.005664	
52.220	0.849813	0.000000	0.000000	1.162675	0.948591	10.118327	
52.232	0.849813	0.000000	0.000000	1.164700	0.543885	10.137740	
52.243	0.849813	0.000000	0.000000	1.165375	0.342099	9.912271	
52.255	0.849813	0.000000	0.000000	1.164700	0.203227	9.735362	
52.266	0.849813	0.000000	0.000000	1.162675	0.000000	9.319004	
52.277	0.851500	0.174294	0.000000	1.156600	0.000000	9.100142	
52.289	0.857125	0.737080	0.000000	1.149175	0.000000	8.665803	
52.300	0.863875	1.412375	0.000000	1.141750	0.000000	8.477499	
52.312	0.872875	1.962776	0.000000	1.130950	0.000000	8.305319	
52.323	0.880750	2.136065	0.000000	1.118800	0.000000	8.000525	
52.335	0.890875	2.307562	0.000000	1.108000	0.000000	7.852216	
52.346	0.901000	2.589516	0.000000	1.095175	0.000000	7.565617	
52.357	0.911687	2.751020	0.000000	1.078300	0.000000	7.431374	
52.369	0.922375	2.757676	0.000000	1.062100	0.000000	7.135794	
52.380	0.932500	2.760713	0.000000	1.051300	0.000000	6.978490	
52.391	0.942625	2.758522	0.437078	1.039150	0.000000	6.826773	
52.403	0.948250	2.257903	0.932100	1.022275	0.000000	6.488309	
52.414	0.947125	1.188511	1.378788	1.012150	0.000000	6.311859	
52.426	0.947125	0.229434	1.731168	1.002025	0.000000	5.951456	
52.437	0.953313	0.618665	1.612309	0.990550	0.000000	5.758911	
52.448	0.969625	2.248996	1.302943	0.978400	0.000000	5.562636	
52.460	0.979750	3.147038	1.513455	0.966925	0.000000	5.163001	
52.471	0.980875	2.252290	2.039143	0.955450	0.000000	4.972753	
52.483	0.981438	0.733692	3.148212	0.945325	0.000000	4.558207	
52.494	0.983688	0.283678	3.308321	0.936550	0.000000	4.345995	
52.506	0.996625	1.521628	3.003796	0.925750	0.000000	3.927698	
52.517	1.009000	2.759441	3.015485	0.917650	0.000000	3.707419	
52.528	1.013500	2.644433	3.814301	0.910225	0.000000	3.483283	
52.540	1.014625	1.290705	4.379066	0.902125	0.000000	3.035765	
52.551	1.017437	0.554423	4.710392	0.896050	0.000000	2.800567	
52.563	1.026438	1.291932	4.673146	0.889300	0.000000	2.320204	
52.574	1.035437	2.023777	4.626592	0.883900	0.000000	2.090110	
52.585	1.041625	2.136198	5.054080	0.879175	0.000000	1.595638	
52.597	1.045563	1.573842	5.411469	0.874450	0.000000	1.345437	
52.608	1.048938	1.067844	5.856800	0.872425	0.000000	1.092233	
52.619	1.054000	1.124740	5.906685	0.872425	0.000000	0.599843	
52.631	1.061313	1.465340	5.898572	0.872425	0.000000	0.349092	
52.642	1.066375	1.581898	6.035707	0.872425	0.000000	0.000000	
52.653	1.069750	1.250013	6.186430	0.872425	0.000000	0.000000	
52.665	1.073125	0.966620	6.433078	0.871750	0.000000	0.000000	
52.676	1.078750	1.133118	6.463611	0.869725	0.000000	0.000000	
52.688	1.083250	1.243525	6.537669	0.863650	0.000000	0.000000	
52.699	1.086063	1.068744	6.613607	0.858925	0.000000	0.000000	
52.710	1.089437	0.902367	6.684067	0.854200	0.000000	0.000000	
52.722	1.093375	0.902795	6.733241	0.850150	0.000000	0.000000	
52.733	1.095625	0.842561	6.739718	0.846775	0.000000	0.000000	
52.745	1.098438	0.733347	6.810566	0.842725	0.000000	0.000000	
52.756	1.100688	0.612285	6.811382	0.839350	0.000000	0.000000	
52.768	1.102937	0.604623	6.762844	0.835975	0.000000	0.000000	
52.779	1.105188	0.606692	6.751996	0.833950	0.000000	0.000000	
52.791	1.107437	0.547904	6.735413	0.831925	0.000000	0.000000	
52.802	1.108000	0.447549	6.734774	0.829225	0.000000	0.000000	
52.814	1.108562	0.225537	6.740646	0.827875	0.000000	0.000000	
52.825	1.109125	0.113832	6.658997	0.827875	0.000000	0.000000	
52.837	1.109125	0.113832	6.587522	0.827875	0.000000	0.000000	
52.848	1.109125	0.000000	6.449739	0.827875	0.000000	0.000000	
52.859	1.109125	0.000000	6.377061	0.827875	0.000000	0.000000	
52.871	1.109125	0.000000	6.299743	0.827875	0.000000	0.000000	
52.882	1.109125	0.000000	6.174425	0.827875	0.000000	0.000000	
52.893	1.109125	0.000000	6.120539	0.827875	0.000000	0.000000	
52.905	1.106313	0.000000	6.029846	0.827875	0.000000	0.000000	
52.916	1.104625	0.000000	5.991425	0.829225	0.137090	0.000000	
52.932	1.100688	0.000000	5.927558	0.835975	0.811191	0.000000	
52.945	1.096187	0.000000	5.891658	0.841375	1.251246	0.000000	
52.954	1.093938	0.000000	5.866044	0.844075	1.100444	0.000000	
52.966	1.088875	0.000000	5.812708	0.850150	1.133638	0.000000	
52.977	1.082687	0.000000	5.786802	0.857575	1.470664	0.000000	
52.988	1.077062	0.000000	5.720805	0.865675	1.887119	0.000000	
53.000	1.070875	0.000000	5.679537	0.873100	2.026098	0.000000	
53.011	1.064125	0.000000	5.578820	0.879850	1.960329	0.000000	
53.023	1.059625	0.000000	5.516254	0.887950	1.956420	0.000000	
53.034	1.054000	0.000000	5.445841	0.897400	2.226244	0.000000	
53.045	1.047250	0.000000	5.287079	0.904825	2.296121	0.000000	
53.056	1.040500	0.000000	5.193454	0.912250	2.095829	0.000000	
53.068	1.035437	0.000000	4.983293	0.921025	2.093238	0.000000	
53.079	1.029812	0.000000	4.875408	0.930475	2.363290	0.000000	
53.091	1.023625	0.000000	4.625711	0.938575	2.360547	0.000000	
53.102	1.019688	0.000000	4.491809	0.943300	1.819982	0.698342	
53.113	1.015188	0.000000	4.351650	0.942625	0.947004	1.026674	
53.125	1.010125	0.000000	4.067704	0.942625	0.271268	1.191884	
53.136	1.006750	0.000000	3.913307	0.943975	0.136255	1.063308	
53.148	1.002250	0.000000	3.604844	0.956125	1.350153	0.705531	
53.159	0.998875	0.000000	3.440424	0.973675	3.105971	0.803029	
53.171	0.994937	0.000000	3.104650	0.979750	3.310109	1.239796	
53.182	0.989312	0.000000	2.934761	0.969625	1.760144	2.799855	
53.193	0.985937	0.000000	2.774025	0.954100	0.204842	3.270958	
53.205	0.984250	0.000000	2.431793	0.951400	0.204662	3.115226	
53.216	0.982562	0.000000	2.258874	0.964225	1.487173	2.854546	
53.228	0.979187	0.000000	1.924943	0.979075	2.973078	3.056016	
53.239	0.975812	0.000000	1.753157	0.980425	2.631465	3.578796	
53.251	0.972438	0.000000	1.413396	0.978400	0.949440	4.204608	
53.262	0.970187	0.000000	1.255870	0.978400	0.000000	4.604049	
53.273	0.968500	0.000000	1.087792	0.980425	0.203979	4.356160	
53.285	0.966812	0.000000	0.757918	0.994600	1.624324	3.848303	
53.296	0.965125	0.000000	0.594628	1.010125	3.176082	3.906229	
53.308	0.963437	0.000000	0.284963	1.010800	2.771780	4.948780	
53.319	0.961187	0.000000	0.128203	1.010800	1.080943	5.476491	
53.331	0.960063	0.000000	0.000000	1.011475	0.068749	5.735370	
53.342	0.959500	0.000000	0.000000	1.016875	0.609767	5.292684	
53.353	0.956125	0.000000	0.000000	1.028350	1.759115	5.062630	
53.365	0.949938	0.000000	0.000000	1.037125	2.502727	5.252608	
53.376	0.943750	0.000000	0.000000	1.039150	1.824660	5.658241	
53.388	0.939250	0.000000	0.000000	1.043200	1.012977	6.015081	
53.399	0.935313	0.000000	0.000000	1.048600	1.008031	6.210310	
53.410	0.930812	0.000000	0.000000	1.055350	1.479999	6.157460	
53.422	0.925750	0.000000	0.000000	1.061425	1.689532	6.334752	
53.433	0.922375	0.000000	0.000000	1.065475	1.417986	6.533067	
53.445	0.918437	0.000000	0.000000	1.072225	1.415617	6.873391	
53.456	0.913938	0.000000	0.000000	1.078300	1.548163	7.008352	
53.467	0.910000	0.000000	0.000000	1.082350	1.481507	7.153722	
53.479	0.907750	0.000000	0.000000	1.086400	1.143217	7.477713	
53.490	0.906625	0.000000	0.000000	1.089100	0.947464	7.576254	
53.501	0.904938	0.000000	0.000000	1.090450	0.679665	7.648183	
53.513	0.904375	0.000000	0.000000	1.092475	0.542382	7.630432	
53.524	0.904375	0.000000	0.000000	1.093150	0.339408	7.507763	
53.536	0.904375	0.000000	0.000000	1.093150	0.205714	7.406405	
53.547	0.904375	0.000000	0.000000	1.093150	0.000000	7.293204	
53.559	0.904375	0.000000	0.000000	1.091125	0.000000	7.020010	
53.570	0.906062	0.166932	0.000000	1.086400	0.000000	6.872634	
53.581	0.910000	0.560896	0.000000	1.079650	0.000000	6.626873	
53.593	0.915062	1.012952	0.000000	1.074925	0.000000	6.516356	
53.604	0.920125	1.295038	0.000000	1.067500	0.000000	6.320299	
53.616	0.927437	1.520848	0.000000	1.056025	0.000000	6.233453	
53.627	0.935313	1.802308	0.000000	1.047250	0.000000	6.139607	
53.638	0.943187	2.083978	0.000000	1.037800	0.000000	5.949237	
53.650	0.953313	2.301688	0.000000	1.022275	0.000000	5.847094	
53.661	0.964000	2.584534	0.000000	1.010800	0.000000	5.630412	
53.673	0.975250	2.814365	0.000000	1.000000	0.000000	5.506867	
53.684	0.982562	2.532975	0.820976	0.987850	0.000000	5.241329	
53.695	0.982562	1.576352	1.362294	0.975700	0.000000	5.094266	
53.707	0.979187	0.562240	1.894944	0.965575	0.000000	4.939233	
53.718	0.980313	0.109618	1.874870	0.960175	0.000000	4.606715	
53.730	0.989875	1.067260	1.689822	0.952750	0.000000	4.441952	
53.741	1.000563	2.132956	1.587245	0.945325	0.000000	4.073217	
53.753	1.005062	2.195017	1.848770	0.939250	0.000000	3.881803	
53.764	1.005062	1.067516	2.721316	0.935200	0.000000	3.492237	
53.776	1.005062	0.170743	2.918921	0.931150	0.000000	3.284937	
53.787	1.005625	0.056521	2.699061	0.929125	0.000000	3.075342	
53.799	1.012375	0.730638	2.498130	0.928450	0.000000	2.658182	
53.810	1.019125	1.403855	2.390735	0.928450	0.000000	2.439112	
53.821	1.019688	1.236184	2.655702	0.928450	0.000000	2.002915	
53.833	1.019688	0.392386	2.900843	0.928450	0.000000	1.783447	
53.844	1.019688	0.000000	2.979443	0.929125	0.066953	1.363868	
53.856	1.019688	0.000000	2.826033	0.933175	0.472291	1.158218	
53.867	1.020813	0.113511	2.525213	0.938575	1.010248	1.013576	
53.879	1.024750	0.507658	2.417307	0.941950	1.142597	1.022570	
53.890	1.025313	0.565353	2.377751	0.941950	0.670996	1.156072	
53.901	1.025313	0.337194	2.463449	0.941950	0.200711	1.251154	
53.913	1.025313	0.000000	2.482471	0.941275	0.000000	1.141007	
53.924	1.025313	0.000000	2.331371	0.941950	0.068551	0.751112	
53.936	1.025313	0.000000	2.238300	0.946675	0.541039	0.566423	
53.947	1.025313	0.000000	2.063066	0.955450	1.419171	0.451802	
53.959	1.025313	0.000000	1.985957	0.961525	1.825477	0.662946	
53.970	1.025313	0.000000	1.914287	0.958825	1.149368	0.997472	
53.982	1.026438	0.123781	1.845367	0.954775	0.271543	1.341619	
53.993	1.063000	4.713966	1.845367	0.986500	4.444755	1.341619	
54.004	1.105750	9.647062	1.845367	1.032400	8.769462	1.341619	
54.015	1.138937	10.733426	1.845367	1.074925	10.739846	1.341619	
54.027	1.161438	8.461620	1.845367	1.110025	10.865603	1.341619	
54.037	1.173250	5.687412	1.845367	1.137025	8.647608	1.341619	
54.048	1.174375	3.059367	1.845367	1.157275	6.837453	1.341619	
54.059	1.171563	0.823224	1.845367	1.168750	4.549516	1.341619	
54.070	1.168750	0.029274	1.845367	1.174150	2.763670	1.341619	
54.081	1.165938	0.000000	1.845367	1.174150	1.108406	1.341619	
54.092	1.164813	0.000000	1.845367	1.174150	0.352448	1.341619	
54.103	1.164813	0.000000	1.845367	1.174150	0.000000	1.341619	
54.114	1.164813	0.000000	1.845367	1.174150	0.000000	1.341619	
54.125	1.164813	0.000000	1.845367	1.174150	0.000000	1.341619	
54.136	1.164813	0.000000	1.845367	1.174150	0.000000	1.341619	
54.147	1.164813	0.000000	1.845367	1.174150	0.000000	1.341619	
54.158	1.164813	0.000000	1.845367	1.174150	0.000000	1.341619	
54.169	1.164813	0.000000	1.845367	1.174150	0.000000	1.341619	
54.180	1.164813	0.000000	1.845367	1.174150	0.000000	1.341619	
54.191	1.164813	0.000000	1.845367	1.174150	0.000000	1.341619	
54.202	1.164813	0.000000	1.845367	1.174150	0.000000	1.341619	
54.213	1.164813	0.000000	1.845367	1.174150	0.000000	1.341619	
54.224	1.164813	0.000000	1.845367	1.174150	0.000000	1.341619	
54.235	1.164813	0.000000	1.845367	1.174150	0.000000	1.341619	
54.246	1.164813	0.000000	1.845367	1.174150	0.000000	1.341619	
54.257	1.164813	0.000000	1.845367	1.174150	0.000000	1.341619	
54.268	1.164813	0.000000	1.845367	1.174150	0.000000	1.341619	
54.279	1.164813	0.000000	1.845367	1.174150	0.000000	1.341619	
54.290	1.164813	0.000000	1.845367	1.174150	0.000000	1.341619	
54.301	1.164813	0.000000	1.845367	1.174150	0.000000	1.341619	
54.312	1.164813	0.000000	1.845367	1.174150	0.000000	1.341619	
54.323	1.164813	0.000000	1.845367	1.174150	0.000000	1.341619	
54.333	1.164813	0.000000	1.845367	1.174150	0.000000	1.341619	
54.344	1.164813	0.000000	1.845367	1.174150	0.000000	1.341619	
54.356	1.164813	0.000000	1.845367	1.174150	0.000000	1.341619	
54.367	1.164813	0.000000	1.845367	1.174150	0.000000	1.341619	
54.378	1.164813	0.000000	1.845367	1.174150	0.000000	1.341619	
54.388	1.164813	0.000000	1.845367	1.174150	0.000000	1.341619	
